6 0 0 0 0.56875 0.4796875 0.56875 0.4796875 0 0 0
13 0.3257453125 0.4651734375 0.359375 0.47100156249999997 0.3865375 0.5059625 0.41240625 0.434096875 0.46414375 0.4729421875 0.4796875 0.46995 0.4796875 0.34325 0.4473296875 0.3136734375 0.47707812499999996 0.263171875 0.4796875 0.2627359375 0.4796875 0.13196875 0.1769984375 0.490425 0.11103281250000001 0.5312125 0.1806671875 0.56875 0.281634375 0.56875 0.266246875 0.54869375 0.3257453125 0.4651734375
13 0 0.55810625 0.001271875 0.5612859375 0.015825 0.5685671875 0.050996875 0.566746875 0.103146875 0.5503640625 0.1189140625 0.5194171875 0.13467968749999998 0.49939375 0.149234375 0.49575312499999996 0.15165937499999999 0.4921109375 0.1831921875 0.4921109375 0.2159390625 0.4466015625 0.21836406249999998 0.43932031250000003 0.21836406249999998 0.413834375 0.2135125 0.399271875 0.2135125 0.38835000000000003 0.22442812499999998 0.37560625000000003 0.2317046875 0.37560625000000003 0.2438328125 0.364684375 0.2547484375 0.3483015625 0.2596 0.3337375 0.2571734375 0.268203125 0.26444999999999996 0.253640625 0.26687656249999997 0.21359218750000003 0.262025 0.2026703125 0.2596 0.18082499999999999 0.23898125 0.1462375 0.2317046875 0.1462375 0.2292796875 0.142596875 0.22685312500000002 0.1462375 0.16136250000000002 0.149878125 0.1443828125 0.1608015625 0.13831875 0.17354375 0.13589374999999998 0.2026703125 0.13104218750000002 0.21359218750000003 0.12861562499999998 0.2645625 0.1213390625 0.28640781249999997 0.1213390625 0.29368906250000004 0.11527499999999999 0.3064328125 0.0982953125 0.302790625 0.0934453125 0.295509375 0.078890625 0.288228125 0.07646562500000001 0.29186875 0.059485937499999995 0.295509375 0.04250625 0.3100734375 0.0352296875 0.3100734375 0.0328046875 0.3137140625 0.0085484375 0.3137140625 0.006121875000000001 0.3173546875 0 0.31837499999999996 0 0.3856625 0.0085484375 0.379246875 0.0231015625 0.379246875 0.025528125000000002 0.3828890625 0.0328046875 0.379246875 0.0667625 0.40109218750000003 0.077678125 0.413834375 0.0679765625 0.43567968749999997 0.0606984375 0.4429609375 0.058273437500000004 0.45752499999999996 0.0461453125 0.47936875 0.0461453125 0.48665 0.03886875 0.5012140625 0.03886875 0.5121359375 0.027953125000000002 0.5248781250000001 0.0085484375 0.5394421875 0.003696875 0.5394421875 0 0.5472109374999999 0 0.55810625
6 0.4796875 0 0.4796875 0.224303125 0.4804734375 0.227340625 0.499875 0.2662484375 0.5350406249999999 0.30731875 0.59324375 0.3462265625 0.642959375 0.344065625 0.687825 0.3332578125 0.7120765625 0.30731875 0.726628125 0.30731875 0.7484546875 0.285703125 0.76906875 0.25327968749999996 0.7811953125 0.21869375 0.77634375 0.1797859375 0.77876875 0.14087812500000002 0.76906875 0.12358593749999999 0.77634375 0.10629375 0.7811953125 0.054415625 0.76906875 0.0328 0.76906875 0.0155078125 0.7908171875 0 0.4796875 0
6 0.722990625 0.370003125 0.722990625 0.3959421875 0.732690625 0.42188125000000004 0.7363296874999999 0.514828125 0.7217781249999999 0.501859375 0.7023765625 0.4975359375 0.687825 0.46295156249999997 0.6684249999999999 0.458628125 0.6575109375 0.4824046875 0.6623609375 0.5213125 0.6587234375000001 0.5407671875 0.6575109375 0.5213125 0.639321875 0.4975359375 0.624771875 0.501859375 0.6138578125 0.5213125 0.6138578125 0.5472515625 0.61824375 0.56875 0.844215625 0.56875 0.817571875 0.47375937500000004 0.809084375 0.45430468749999997 0.7642187500000001 0.400265625 0.7557296874999999 0.3591953125 0.7436046875 0.35055000000000003 0.722990625 0.370003125
7 0.7484546875 0.35055000000000003 0.729053125 0.3591953125 0.722990625 0.370003125 0.722990625 0.39161875 0.7351171875 0.4262046875 0.7351171875 0.49105156250000004 0.7387546875 0.4975359375 0.7520921875 0.49105156250000004 0.7508796875 0.5061828125 0.7387546875 0.501859375 0.7375421875 0.5126671875000001 0.7472421875 0.529959375 0.75086875 0.56875 0.8443234374999999 0.56875 0.819996875 0.47808124999999996 0.8042343750000001 0.44565781250000003 0.77028125 0.41107343749999997 0.7642187500000001 0.400265625 0.76179375 0.37432656249999996 0.7484546875 0.35055000000000003
7 0.6575109375 0.48672812499999996 0.6647859375 0.5213125 0.6623609375 0.5558984375 0.6672125 0.5558984375 0.668653125 0.56875 0.749640625 0.56875 0.7399671875 0.5256359374999999 0.7217781249999999 0.501859375 0.7023765625 0.4975359375 0.687825 0.46295156249999997 0.6659984375 0.46295156249999997 0.6575109375 0.48672812499999996
7 0.6198875 0.56875 0.6618375000000001 0.56875 0.6575109375 0.5558984375 0.6526609375 0.5126671875000001 0.639321875 0.4975359375 0.6174953125 0.5105046875 0.6138578125 0.5472515625 0.6198875 0.56875
7 0.5152812499999999 0 0.5144265625 0.0068609375 0.5289765625 0.197078125 0.531403125 0.2965109375 0.5592921875 0.32461093750000003 0.59566875 0.32461093750000003 0.6114328125 0.33541875 0.6138578125 0.2965109375 0.6090078125 0.283540625 0.6090078125 0.1797859375 0.6162828124999999 0.11926250000000001 0.6185140625 0 0.5152812499999999 0
7 0.5217015625 0.14087812500000002 0.504725 0.12358593749999999 0.485325 0.0155078125 0.4796875 0.005459375000000001 0.4796875 0.22481718750000002 0.4804734375 0.227340625 0.5035125 0.27273281250000003 0.5229140625 0.2943484375 0.5289765625 0.2921875 0.531403125 0.261925 0.5217015625 0.14087812500000002
7 0.485325 0 0.485325 0.011184375 0.504725 0.11926250000000001 0.5132140625 0.1300703125 0.5192765625 0.127909375 0.51449375 0 0.485325 0
7 0.6193453124999999 0 0.6211328125 0.041446875 0.6138578125 0.1365546875 0.6162828124999999 0.17546250000000002 0.632046875 0.1949171875 0.6502359375 0.197078125 0.6635734375 0.1949171875 0.678125 0.177625 0.6890375 0.149525 0.6890375 0.13223125 0.6647859375 0.0025390625 0.6647859375 0 0.6193453124999999 0
7 0.7811953125 0.067384375 0.7775562500000001 0.043607812499999996 0.76543125 0.039284374999999996 0.731478125 0.09980781250000001 0.7217781249999999 0.10413125000000001 0.6841875 0.17546250000000002 0.6817624999999999 0.2014015625 0.7048015624999999 0.233825 0.7108640625 0.2316640625 0.7423921874999999 0.16681718750000002 0.7520921875 0.12358593749999999 0.7811953125 0.067384375
7 0.6951015625 0.21653281249999998 0.68055 0.2035640625 0.6514484375 0.2035640625 0.630834375 0.2316640625 0.6162828124999999 0.3397421875 0.6223468750000001 0.3462265625 0.6453859375000001 0.344065625 0.687825 0.3332578125 0.7060140625 0.313803125 0.7084390625 0.24895625 0.6951015625 0.21653281249999998
7 0.77391875 0.2316640625 0.76300625 0.22085625000000003 0.7387546875 0.2251796875 0.726628125 0.2511171875 0.716928125 0.2511171875 0.7084390625 0.2662484375 0.7084390625 0.2921875 0.719353125 0.30731875 0.725415625 0.30515625 0.76300625 0.2640875 0.77391875 0.2446328125 0.77391875 0.2316640625
7 0.7411796875000001 0.22085625000000003 0.76543125 0.22085625000000003 0.7727062499999999 0.2295015625 0.7811953125 0.2230171875 0.77634375 0.17546250000000002 0.77876875 0.13223125 0.77028125 0.11710156249999999 0.7520921875 0.12358593749999999 0.7423921874999999 0.171140625 0.722990625 0.205725 0.7108640625 0.240309375 0.714503125 0.2511171875 0.720565625 0.24895625 0.7411796875000001 0.22085625000000003
7 0.6688609375000001 0 0.6672125 0.0068609375 0.6744875 0.045768750000000004 0.678125 0.052254687499999994 0.6963140625 0.050092187499999996 0.7011640625 0.024153125 0.6987390625 0.0068609375 0.6931796875 0 0.6688609375000001 0
7 0.731478125 0.09980781250000001 0.76664375 0.0371234375 0.77149375 0.0155078125 0.76785625 0.0003765625 0.7508796875 0.0003765625 0.7411796875000001 0.013346875 0.716928125 0.0219921875 0.7084390625 0.0371234375 0.6890375 0.10629375 0.6914640624999999 0.14087812500000002 0.7035890625000001 0.14087812500000002 0.7217781249999999 0.10413125000000001 0.731478125 0.09980781250000001
6 0.4796875 1 0.4796875 0.56875 0 0.56875 0 1 0.4796875 1
6 1 0.7769640625 0.9037890624999999 0.7434828125 0.78169375 0.8422499999999999 0.7653140625 0.9242046875 0.773296875 1 1 1 1 0.7769640625
26 1 0.56875 0.5889046875 0.56875 0.5511375000000001 0.6879953125 0.548715625 0.8930718750000001 0.579653125 1 1 1 1 0.56875