26 0 0.3890625 0.26110781250000004 0.3890625 0.25281875 0.3063265625 0.2822171875 0.272790625 0.2402171875 0.24205312499999998 0.1881390625 0.20176093750000001 0.167740625 0.14561875 0.113346875 0.060503125000000005 0.0222375 0.015226562499999999 0 0.009878125 0 0.3890625
11 0 0 0 0.3890625 0.3390625 0.3890625 0.3390625 0 0 0
6 0.3390625 0 0.3390625 0.3203859375 0.36439374999999996 0.339071875 0.3769625 0.339071875 0.383246875 0.3447765625 0.4083875 0.3419234375 0.43143125 0.3533359375 0.4607609375 0.3533359375 0.4618078125 0.346203125 0.45238125 0.3419234375 0.4450484375 0.3319390625 0.442953125 0.309115625 0.4502859375 0.296278125 0.469140625 0.27916093750000004 0.476471875 0.2634703125 0.4670453125 0.2420734375 0.43771562499999994 0.22210312499999998 0.425146875 0.2021328125 0.41467187499999997 0.19642656249999998 0.4010546875 0.1807359375 0.42724062500000004 0.1621921875 0.43038437500000004 0.16361874999999998 0.4335265625 0.179309375 0.44609531249999995 0.1736046875 0.46495 0.19072187499999999 0.5173234375 0.2021328125 0.5403671875 0.2021328125 0.5895984375000001 0.1864421875 0.59169375 0.1807359375 0.5895984375000001 0.029534375 0.57598125 0.0224015625 0.5613171875 0.0224015625 0.5372250000000001 0.0067109375 0.5424625 0.0024312500000000003 0.548746875 0.010990625 0.5529375 0.010990625 0.5581750000000001 0.0067109375 0.5598171875 0 0.3390625 0
13 0.4618078125 0.3547625 0.463903125 0.351909375 0.4618078125 0.34335 0.45238125 0.3419234375 0.4450484375 0.3319390625 0.442953125 0.309115625 0.44819062499999995 0.29913124999999996 0.476471875 0.269175 0.47228281250000004 0.246353125 0.43562031250000005 0.21925 0.43143125 0.2078390625 0.4083875 0.18786875 0.3968640625 0.1864421875 0.409434375 0.20070625 0.409434375 0.21211875 0.40210156250000006 0.216396875 0.4010546875 0.20641250000000003 0.393721875 0.193575 0.381153125 0.193575 0.3455390625 0.1621921875 0.3390625 0.1621921875 0.3390625 0.3218015625 0.36439374999999996 0.3419234375 0.37905781250000004 0.3419234375 0.3853421875 0.3476296875 0.41257656249999997 0.3447765625 0.43143125 0.3533359375 0.4618078125 0.3547625
13 0.3390625 0 0.3390625 0.0070125000000000005 0.342396875 0.0124171875 0.344490625 0.12082656249999998 0.3685828125 0.1678984375 0.391628125 0.179309375 0.40524375 0.177884375 0.425146875 0.1650453125 0.43038437500000004 0.1550609375 0.432478125 0.12082656249999998 0.43038437500000004 0.0808859375 0.3947703125 0.015268750000000001 0.3841796875 0 0.3390625 0
13 0.45086875 0 0.4230515625 0.0252546875 0.4178140625 0.0352390625 0.4178140625 0.0466515625 0.432478125 0.0808859375 0.43038437500000004 0.177884375 0.43562031250000005 0.1821625 0.44190625 0.1736046875 0.44819062499999995 0.1736046875 0.45866562499999997 0.18786875 0.5110390625 0.2021328125 0.5330359375 0.203559375 0.5613171875 0.1992796875 0.59169375 0.1864421875 0.59169375 0.0323875 0.5885515625 0.0252546875 0.5822671875000001 0.0224015625 0.559221875 0.0224015625 0.522209375 0 0.45086875 0
22 0 0.8808343750000001 0.053295312500000004 0.883884375 0.165075 0.79516875 0.20016562499999999 0.706453125 0.2677546875 0.7444765624999999 0.3390625 0.8073828125 0.3390625 0.3890625 0.2966265625 0.3890625 0.1793703125 0.46022656250000005 0.12348125000000001 0.523596875 0.10253593750000001 0.3890625 0 0.3890625 0 0.8808343750000001
26 0.3390625 1 0.3390625 0.3890625 0 0.3890625 0 0.9115890625 0.0428984375 0.9110421875 0.0689640625 1 0.3390625 1
16 0 0.8683515625 0.0470359375 0.8693265625000001 0.071234375 0.82391875 0.1427796875 0.7887609375 0.16276718750000002 0.7257734375 0.13541406250000002 0.67596875 0.0849109375 0.39471875 0.0780234375 0.3890625 0 0.3890625 0 0.8683515625
16 0.171184375 0.6437421875 0.1911734375 0.6803656250000001 0.29638437500000003 0.7506765625 0.33425937499999997 0.8122 0.3390625 0.816571875 0.3390625 0.3890625 0.258328125 0.3890625 0.25324843750000003 0.412296875 0.196434375 0.48261093749999995 0.1690796875 0.544134375 0.16276718750000002 0.599796875 0.171184375 0.6437421875
3 0.3390625 1 0.3390625 0.8893000000000001 0.31006093749999997 0.77265 0.2921765625 0.7506765625 0.2690296875 0.747746875 0.06912968750000001 0.8297765625 0.05755781250000001 0.8458921875 0.05966249999999999 0.9249921875 0.0865984375 1 0.3390625 1
11 0.0946609375 0.3890625 0.143828125 0.447453125 0.1417265625 0.5089765625 0.1648734375 0.5148343750000001 0.25114375 0.40936874999999995 0.246978125 0.3890625 0.0946609375 0.3890625
6 1 0.3890625 0.3390625 0.3890625 0.3390625 1 1 1 1 0.3890625
16 1 0.3890625 0.979709375 0.3890625 0.9706203125 0.4175703125 0.8992156250000001 0.5215265625 0.8950156249999999 0.5656296875 0.900265625 0.6050078125 0.93596875 0.57665625 0.998971875 0.5735046875 1 0.57398125 1 0.3890625