26 0.161021875 0 0.15518749999999998 0.1081703125 0.1915140625 0.1988421875 0.224378125 0.2181328125 0.2866546875 0.243215625 0.331628125 0.243215625 0.359375 0.2535296875 0.359375 0 0.161021875 0
11 0.1654859375 0 0.1577171875 0.0562890625 0.1914296875 0.11892812500000001 0.1914296875 0.179059375 0.25773125 0.23542812500000002 0.359375 0.23756875000000002 0.359375 0 0.1654859375 0
6 0.359375 0 0.359375 0.338190625 0.3682359375 0.35350468749999997 0.3682359375 0.3589765625 0.3783296875 0.3712890625 0.395153125 0.3699203125 0.4545921875 0.34940000000000004 0.48375 0.34392812500000003 0.4972078125 0.32204062499999997 0.5173953124999999 0.3165671875 0.523003125 0.309728125 0.5241234375 0.3001515625 0.5286109375 0.3110953125 0.5353390625000001 0.308359375 0.539825 0.3110953125 0.5532828125 0.3056234375 0.5600125 0.297415625 0.604871875 0.29194375 0.6317875 0.27826249999999997 0.6542171875 0.2809984375 0.6564609375 0.29194375 0.66991875 0.29194375 0.7372078125 0.272790625 0.7495437500000001 0.2632140625 0.7495437500000001 0.2358546875 0.7540312499999999 0.2194375 0.7585171875000001 0.17018906250000002 0.7719750000000001 0.1291484375 0.76973125 0.11273124999999999 0.7585171875000001 0.1045234375 0.763003125 0.0798984375 0.7562734375 0.071690625 0.7540312499999999 0.055275 0.7316 0.047065625 0.7360859375000001 0.025178125000000003 0.7174125 0 0.359375 0
12 0.5801984375 0.084003125 0.5678625 0.0990515625 0.5678625 0.10999531250000001 0.576834375 0.12641249999999998 0.6115999999999999 0.177028125 0.6474890624999999 0.1852375 0.6755265625 0.18386875 0.694590625 0.1825015625 0.717021875 0.1742921875 0.7372078125 0.1633484375 0.740571875 0.1565078125 0.7091703125000001 0.0689546875 0.7091703125000001 0.058010937500000005 0.704684375 0.0498015625 0.706928125 0.033385937500000004 0.696834375 0.0183375 0.6833765625 0.0183375 0.6631890625 0.0265453125 0.6452453125 0.0402265625 0.6273015625 0.0456984375 0.5801984375 0.084003125
13 0.40188125 0 0.40188125 0.055275 0.41085312500000004 0.0798984375 0.420946875 0.0922109375 0.428796875 0.0935796875 0.4433765625 0.0757953125 0.474778125 0.059378125000000004 0.50169375 0.0320171875 0.5117875 0.027914062499999996 0.51403125 0.01970625 0.5117875 0.0032890625 0.510709375 0 0.40188125 0
13 0.5084234375000001 0.0320171875 0.50169375 0.0320171875 0.48599375 0.0456984375 0.4792640625 0.059378125000000004 0.46805 0.0621140625 0.438890625 0.0812671875 0.43104062499999996 0.096315625 0.4613203125 0.11683593750000001 0.48599375 0.119571875 0.50169375 0.130515625 0.5084234375000001 0.130515625 0.5151515625 0.1223078125 0.5263671875 0.12504375 0.54206875 0.11683593750000001 0.5465546875 0.11683593750000001 0.551040625 0.1277796875 0.558890625 0.1291484375 0.5633765625 0.1045234375 0.54991875 0.08810625 0.547675 0.0744265625 0.5353390625000001 0.07305937500000001 0.523003125 0.060746875 0.5241234375 0.056642187499999996 0.533096875 0.056642187499999996 0.539825 0.0621140625 0.5555265625 0.056642187499999996 0.558890625 0.027914062499999996 0.5487968750000001 0.0183375 0.533096875 0.012865625 0.5151515625 0.015601562499999999 0.5084234375000001 0.0320171875
13 0.359375 0.18965 0.359375 0.2345109375 0.367115625 0.24269375 0.3884234375 0.2440625 0.39066718749999996 0.2167015625 0.3861796875 0.19755 0.37384375 0.1852375 0.359375 0.18965
17 0.48599375 0.119571875 0.477021875 0.119571875 0.4691703125 0.14009218750000002 0.47141406249999995 0.1756609375 0.4691703125 0.1920765625 0.477021875 0.2043890625 0.4803859375 0.203021875 0.48935781250000004 0.18934062499999998 0.4916015625 0.167453125 0.48935781250000004 0.12641249999999998 0.48599375 0.119571875
13 0.594778125 0.22764531250000003 0.60375 0.2167015625 0.60375 0.20849375 0.59365625 0.1989171875 0.5757125000000001 0.2043890625 0.566740625 0.1879734375 0.5487968750000001 0.1852375 0.5342171875 0.22764531250000003 0.531975 0.2577421875 0.5375828125 0.272790625 0.56561875 0.27142343750000003 0.594778125 0.23311874999999999 0.594778125 0.22764531250000003
6 0.359375 1 0.359375 0.8128328125 0.35501875 0.809565625 0.35501875 0.7894015624999999 0.35800624999999997 0.7871609375 0.35800624999999997 0.78268125 0.359375 0.781653125 0.359375 0.7052921875 0.35800624999999997 0.704265625 0.35800624999999997 0.699784375 0.35501875 0.69754375 0.35501875 0.695303125 0.35203125 0.6930625 0.35203125 0.68858125 0.35501875 0.6863406249999999 0.35501875 0.6773796875 0.35800624999999997 0.6751390625 0.35800624999999997 0.6684171875 0.35501875 0.666178125 0.35501875 0.6594562500000001 0.35203125 0.657215625 0.35203125 0.6549750000000001 0.35501875 0.652734375 0.35501875 0.648253125 0.3565125 0.6471328125 0.359375 0.6471328125 0.359375 0.6224890624999999 0.353525 0.6224890624999999 0.34904375 0.619128125 0.34904375 0.61240625 0.34306875 0.607925 0.34605625 0.6056859375 0.34605625 0.6012046875 0.34306875 0.5989640625 0.34306875 0.5944828125 0.341575 0.5933625 0.3356 0.5933625 0.33261250000000003 0.595603125 0.329625 0.595603125 0.3266375 0.59784375 0.32066249999999996 0.59784375 0.3146875 0.5933625 0.3117 0.595603125 0.3087125 0.5933625 0.30572499999999997 0.5933625 0.30124375 0.5900015625 0.3027375 0.58888125 0.30572499999999997 0.58888125 0.3087125 0.5866421875000001 0.31767500000000004 0.5866421875000001 0.32066249999999996 0.5844015625 0.3356 0.5844015625 0.3385875 0.5866421875000001 0.341575 0.5866421875000001 0.34306875 0.585521875 0.34306875 0.5788 0.34605625 0.576559375 0.34605625 0.5698375 0.34754999999999997 0.5687171875 0.3505375 0.5687171875 0.359375 0.562090625 0.359375 0.509375 0 0.509375 0 0.994403125 0.0099609375 0.994403125 0.012948437500000002 0.9966437499999999 0.0159359375 0.9966437499999999 0.0189234375 0.9988843749999999 0.027885937500000003 0.9988843749999999 0.0293734375 1 0.359375 1
13 0.2683796875 1 0.2683796875 0.9888015625 0.2653921875 0.9865609375 0.2653921875 0.984321875 0.2564296875 0.9776 0.2564296875 0.966396875 0.2534421875 0.9641578125000001 0.2534421875 0.9619171874999999 0.2504546875 0.9596765625 0.2504546875 0.9574359375 0.2474671875 0.9551953125000001 0.2474671875 0.9529546874999999 0.2519484375 0.94959375 0.2609109375 0.94959375 0.2638984375 0.951834375 0.2728609375 0.951834375 0.27883749999999996 0.956315625 0.2848125 0.956315625 0.2878 0.95855625 0.29078750000000003 0.95855625 0.293775 0.960796875 0.3027375 0.960796875 0.30572499999999997 0.95855625 0.31767500000000004 0.95855625 0.32066249999999996 0.956315625 0.32365 0.956315625 0.32514375 0.9551953125000001 0.32514375 0.9529546874999999 0.32813125 0.9507140625 0.32813125 0.9484734375 0.33111875 0.9462328125000001 0.3266375 0.9428734375 0.32365 0.9428734375 0.31916875 0.9395125 0.31916875 0.93055 0.31767500000000004 0.9294296875000001 0.3117 0.9294296875000001 0.31020625 0.9283093750000001 0.3146875 0.9249499999999999 0.32066249999999996 0.9294296875000001 0.32365 0.9294296875000001 0.3266375 0.9316703125 0.3385875 0.9316703125 0.34008125 0.932790625 0.34008125 0.94399375 0.34306875 0.9462328125000001 0.34306875 0.9484734375 0.34754999999999997 0.951834375 0.3505375 0.951834375 0.353525 0.9540749999999999 0.359375 0.9496874999999999 0.359375 0.8285171874999999 0.3565125 0.82636875 0.341575 0.82636875 0.34008125 0.8274890625 0.34008125 0.8386921875000001 0.3385875 0.8398125000000001 0.33261250000000003 0.8398125000000001 0.329625 0.842053125 0.32365 0.842053125 0.32066249999999996 0.8398125000000001 0.3146875 0.8398125000000001 0.29975 0.8510140625 0.2967625 0.8510140625 0.293775 0.8532546875 0.27883749999999996 0.8532546875 0.2579234375 0.8375718750000001 0.2549359375 0.8375718750000001 0.2519484375 0.83533125 0.2459734375 0.83533125 0.24447968750000001 0.8364515625 0.24447968750000001 0.8386921875000001 0.2414921875 0.8409328125 0.2414921875 0.8431734375 0.22954218750000002 0.852134375 0.22954218750000002 0.8543749999999999 0.22655468750000002 0.8566156250000001 0.22655468750000002 0.85885625 0.2190859375 0.8644578125000001 0.2011609375 0.8644578125000001 0.1981734375 0.866696875 0.1921984375 0.866696875 0.18472968750000002 0.8722984374999999 0.18472968750000002 0.8745390625 0.1802484375 0.8779 0.1742734375 0.8779 0.1653109375 0.8711781249999999 0.1593359375 0.8711781249999999 0.1518671875 0.8767796875 0.1518671875 0.8790203125 0.1488796875 0.8812609374999999 0.1488796875 0.8969437499999999 0.1458921875 0.8991843749999999 0.1458921875 0.9103859375000001 0.14290468750000002 0.9126265625000001 0.14290468750000002 0.9193484375000001 0.13991718749999998 0.9215890625000001 0.13991718749999998 0.941753125 0.1458921875 0.9462328125000001 0.1458921875 0.9641578125000001 0.14290468750000002 0.966396875 0.14290468750000002 1 0.2683796875 1
18 0.2638984375 0.790521875 0.2519484375 0.7815609375 0.2414921875 0.7894015624999999 0.2414921875 0.7916421875 0.2385046875 0.7938828124999999 0.2385046875 0.7961234375 0.2355171875 0.7983640624999999 0.2355171875 0.8006046874999999 0.22954218750000002 0.8050859375 0.22954218750000002 0.807325 0.22655468750000002 0.809565625 0.22655468750000002 0.823009375 0.23402343750000001 0.8286093749999999 0.23701093750000002 0.8286093749999999 0.2429859375 0.833090625 0.2519484375 0.833090625 0.27883749999999996 0.8532546875 0.281825 0.8532546875 0.28331875 0.852134375 0.28630625 0.84989375 0.28630625 0.8386921875000001 0.28033125000000003 0.8342109375 0.28033125000000003 0.82076875 0.28630625 0.8162874999999999 0.28630625 0.8050859375 0.28929375 0.8028453125 0.28929375 0.8006046874999999 0.281825 0.795003125 0.27883749999999996 0.795003125 0.2758484375 0.7927625 0.2698734375 0.7927625 0.2668859375 0.790521875 0.2638984375 0.790521875
2 0 0.78828125 0.0009984375 0.78828125 0.0024921875 0.7871609375 0.0039859375 0.7860406249999999 0.0069734375000000005 0.7860406249999999 0.0174296875 0.7782 0.0174296875 0.775959375 0.021910937499999998 0.7725984375 0.024898437500000002 0.7725984375 0.0308734375 0.7681171875 0.0338609375 0.7681171875 0.0383421875 0.7647578125 0.0383421875 0.7625171875000001 0.041329687500000004 0.7602765625 0.041329687500000004 0.7580359375 0.0398359375 0.756915625 0.0308734375 0.756915625 0.027885937500000003 0.754675 0.024898437500000002 0.754675 0.0189234375 0.75019375 0.0159359375 0.75019375 0.0144421875 0.7490734375 0.0144421875 0.7468328125 0.012948437500000002 0.7457140625 0.0099609375 0.7457140625 0.0009984375 0.752434375 0 0.752434375 0 0.78828125
3 0.3445625 0.6964234375 0.33261250000000003 0.7053859375 0.32365 0.7053859375 0.32066249999999996 0.707625 0.3027375 0.707625 0.29975 0.7053859375 0.29078750000000003 0.7053859375 0.2878 0.7031453125 0.2668859375 0.7031453125 0.2594171875 0.7087453125 0.2594171875 0.733390625 0.2624046875 0.73563125 0.2624046875 0.737871875 0.2698734375 0.7434734375 0.281825 0.7434734375 0.2848125 0.7457140625 0.30572499999999997 0.7457140625 0.3087125 0.747953125 0.32365 0.747953125 0.3266375 0.75019375 0.329625 0.75019375 0.3356 0.754675 0.33709375 0.7535546875 0.34605625 0.7468328125 0.34605625 0.74459375 0.3505375 0.7412328125000001 0.353525 0.7412328125000001 0.3565125 0.7434734375 0.359375 0.7434734375 0.359375 0.7120124999999999 0.35800624999999997 0.7109859375 0.35800624999999997 0.69754375 0.353525 0.6941828125 0.3505375 0.6941828125 0.34754999999999997 0.6964234375 0.3445625 0.6964234375
13 0.31916875 0.614646875 0.31916875 0.61240625 0.3087125 0.604565625 0.30572499999999997 0.604565625 0.2967625 0.59784375 0.293775 0.59784375 0.29078750000000003 0.595603125 0.2848125 0.595603125 0.281825 0.5933625 0.2758484375 0.5933625 0.2728609375 0.591121875 0.2609109375 0.591121875 0.2579234375 0.58888125 0.2489609375 0.58888125 0.2459734375 0.5866421875000001 0.23701093750000002 0.5866421875000001 0.2190859375 0.600084375 0.2101234375 0.600084375 0.2071359375 0.602325 0.1892109375 0.602325 0.18472968750000002 0.6056859375 0.18472968750000002 0.614646875 0.1892109375 0.6180078124999999 0.1921984375 0.6180078124999999 0.1951859375 0.6202484375 0.1981734375 0.6202484375 0.2011609375 0.6224890624999999 0.2101234375 0.6224890624999999 0.2131109375 0.6247296875 0.22207343750000003 0.6247296875 0.22506093749999997 0.62696875 0.22804843749999998 0.62696875 0.2310359375 0.6292093750000001 0.23402343750000001 0.6292093750000001 0.23701093750000002 0.62696875 0.2489609375 0.62696875 0.2504546875 0.6280890625 0.2504546875 0.6370515625000001 0.2534421875 0.6392921874999999 0.2534421875 0.648253125 0.2564296875 0.65049375 0.2564296875 0.6549750000000001 0.2534421875 0.657215625 0.2534421875 0.6594562500000001 0.2564296875 0.661696875 0.2564296875 0.6728984375 0.2594171875 0.6751390625 0.2594171875 0.6863406249999999 0.2624046875 0.68858125 0.2624046875 0.6908218749999999 0.2653921875 0.6930625 0.2653921875 0.695303125 0.2758484375 0.7031453125 0.2878 0.7031453125 0.29078750000000003 0.7053859375 0.3027375 0.7053859375 0.30572499999999997 0.707625 0.31767500000000004 0.707625 0.31916875 0.7065046875000001 0.32066249999999996 0.7053859375 0.329625 0.7053859375 0.34008125 0.69754375 0.34008125 0.695303125 0.34306875 0.6930625 0.34306875 0.68858125 0.34605625 0.6863406249999999 0.34605625 0.6594562500000001 0.34306875 0.657215625 0.34306875 0.652734375 0.34754999999999997 0.6493734375 0.3505375 0.6493734375 0.359375 0.6427453125 0.359375 0.6292093750000001 0.33261250000000003 0.6292093750000001 0.33111875 0.6280890625 0.33111875 0.62585 0.32215625000000003 0.619128125 0.32215625000000003 0.6168875 0.31916875 0.614646875
3 0.0801671875 0.6280890625 0.0816609375 0.6292093750000001 0.0831546875 0.6280890625 0.0831546875 0.6012046875 0.0786734375 0.59784375 0.07717968750000001 0.5989640625 0.07717968750000001 0.614646875 0.0801671875 0.6168875 0.0801671875 0.6280890625
3 0.0831546875 0.6594562500000001 0.0831546875 0.666178125 0.08763593750000001 0.6695375 0.0906234375 0.6695375 0.0936109375 0.671778125 0.09510468749999999 0.6706578125 0.09809218750000001 0.6684171875 0.09809218750000001 0.65049375 0.09510468749999999 0.648253125 0.09510468749999999 0.6460140625 0.0891296875 0.6415328125 0.0891296875 0.6370515625000001 0.0861421875 0.6348109375 0.0861421875 0.6303296875 0.08464843749999999 0.6292093750000001 0.0831546875 0.6303296875 0.0831546875 0.6437734374999999 0.0801671875 0.6460140625 0.0801671875 0.657215625 0.0831546875 0.6594562500000001
12 0.1727796875 0.661696875 0.1787546875 0.657215625 0.1787546875 0.6549750000000001 0.18174218749999999 0.652734375 0.18174218749999999 0.648253125 0.1742734375 0.642653125 0.1712859375 0.642653125 0.1697921875 0.6437734374999999 0.1697921875 0.6460140625 0.1668046875 0.648253125 0.1668046875 0.65049375 0.16381718750000002 0.652734375 0.16381718750000002 0.6549750000000001 0.16082968749999998 0.657215625 0.16082968749999998 0.6594562500000001 0.1578421875 0.661696875 0.1578421875 0.6639375000000001 0.1518671875 0.6684171875 0.1518671875 0.6706578125 0.1488796875 0.6728984375 0.1488796875 0.6751390625 0.14290468750000002 0.6796203125 0.14290468750000002 0.6818609375 0.1369296875 0.6863406249999999 0.1369296875 0.6930625 0.1384234375 0.6941828125 0.1414109375 0.6941828125 0.14290468750000002 0.6930625 0.1443984375 0.6919421875 0.1503734375 0.6919421875 0.1548546875 0.68858125 0.1548546875 0.6863406249999999 0.16082968749999998 0.6818609375 0.16082968749999998 0.6796203125 0.16381718750000002 0.6773796875 0.16381718750000002 0.6751390625 0.1668046875 0.6728984375 0.1668046875 0.6706578125 0.1697921875 0.6684171875 0.1697921875 0.666178125 0.1727796875 0.6639375000000001 0.1727796875 0.661696875
19 0.24732812499999998 0.64778125 0.24434062499999998 0.645540625 0.24434062499999998 0.6433015625 0.241353125 0.6410609375 0.241353125 0.6388203125 0.229403125 0.6298578125 0.229403125 0.6276171875000001 0.227909375 0.6264968750000001 0.224921875 0.6264968750000001 0.218946875 0.6220171875 0.20699687500000002 0.6220171875 0.204009375 0.6197765625 0.201021875 0.6197765625 0.184590625 0.6074531249999999 0.184590625 0.6029734375 0.186084375 0.601853125 0.189071875 0.601853125 0.192059375 0.5996125 0.201021875 0.5996125 0.20251562500000003 0.5984921875 0.20251562500000003 0.5962515625 0.178615625 0.578328125 0.178615625 0.573846875 0.175628125 0.57160625 0.175628125 0.567125 0.172640625 0.5648859374999999 0.172640625 0.5536828125000001 0.175628125 0.5514421875 0.175628125 0.5469609375 0.174134375 0.5458406250000001 0.165171875 0.5458406250000001 0.162184375 0.54808125 0.150234375 0.54808125 0.147246875 0.5503218750000001 0.135296875 0.5503218750000001 0.132309375 0.5525625 0.126334375 0.5525625 0.123346875 0.5548031250000001 0.120359375 0.5548031250000001 0.118865625 0.5559234375 0.118865625 0.5604046874999999 0.121853125 0.5626453125 0.121853125 0.5648859374999999 0.124840625 0.567125 0.124840625 0.573846875 0.123346875 0.5749671875 0.11438437500000001 0.5749671875 0.11139687499999999 0.5727265625 0.108409375 0.5727265625 0.105421875 0.5704859375 0.10243437500000001 0.5704859375 0.097953125 0.573846875 0.097953125 0.5760875000000001 0.094965625 0.578328125 0.094965625 0.5805687500000001 0.091978125 0.582809375 0.091978125 0.5850500000000001 0.088990625 0.5872890625 0.088990625 0.5895296875 0.086003125 0.5917703125 0.086003125 0.5940109375 0.08301562500000001 0.5962515625 0.08301562500000001 0.5984921875 0.080028125 0.6007328125 0.080028125 0.6253765625 0.08301562500000001 0.6276171875000001 0.08301562500000001 0.6343390624999999 0.088990625 0.6388203125 0.088990625 0.6410609375 0.097953125 0.64778125 0.097953125 0.650021875 0.103928125 0.654503125 0.103928125 0.65674375 0.11139687499999999 0.6623453125000001 0.11438437500000001 0.6623453125000001 0.11737187499999999 0.6645859375 0.123346875 0.6645859375 0.139778125 0.6769078125 0.136790625 0.6791484375 0.136790625 0.6813890625 0.139778125 0.6836296875000001 0.139778125 0.69035 0.136790625 0.692590625 0.136790625 0.69483125 0.144259375 0.7004328125 0.150234375 0.7004328125 0.153221875 0.7026734375 0.156209375 0.7026734375 0.159196875 0.7004328125 0.162184375 0.7004328125 0.16666562499999998 0.697071875 0.16666562499999998 0.692590625 0.163678125 0.69035 0.163678125 0.68586875 0.165171875 0.68475 0.168159375 0.68475 0.171146875 0.6869890625 0.177121875 0.6869890625 0.180109375 0.6892296875 0.183096875 0.6892296875 0.186084375 0.6914703125 0.189071875 0.6914703125 0.192059375 0.6937109375 0.195046875 0.6937109375 0.198034375 0.6959515625 0.204009375 0.6959515625 0.20699687500000002 0.6981921875 0.21297187499999998 0.6981921875 0.215959375 0.7004328125 0.218946875 0.7004328125 0.227909375 0.7071531249999999 0.233884375 0.7071531249999999 0.236871875 0.70939375 0.23985937499999999 0.70939375 0.242846875 0.711634375 0.245834375 0.711634375 0.251809375 0.716115625 0.254796875 0.716115625 0.256290625 0.7149953124999999 0.25927812499999997 0.7127546875 0.25927812499999997 0.7060328124999999 0.262265625 0.70379375 0.262265625 0.69035 0.25927812499999997 0.688109375 0.25927812499999997 0.6701859375 0.256290625 0.6679453125 0.256290625 0.6612250000000001 0.253303125 0.658984375 0.253303125 0.65674375 0.250315625 0.654503125 0.250315625 0.6522625 0.24732812499999998 0.650021875 0.24732812499999998 0.64778125
19 0.050949999999999995 0.5493421875 0.057892187500000004 0.5492671875 0.06965 0.5482734375 0.085746875 0.544184375 0.0822359375 0.5406921875 0.072134375 0.539325 0.059548437499999995 0.5415625000000001 0.053421874999999994 0.5482734375 0.050949999999999995 0.5493421875
19 0 0.559021875 0.028249999999999997 0.55336875 0.046465624999999997 0.5493921875 0.047382812499999996 0.5493812499999999 0.04199375 0.5470296875 0.0087078125 0.5539890625 0 0.5563390625 0 0.559021875
3 0 0.561996875 0.0069734375000000005 0.561996875 0.008467187499999999 0.5608765625000001 0.0144421875 0.5563953125000001 0.0144421875 0.5541546875 0.0204171875 0.5496734375 0.0204171875 0.542953125 0.0234046875 0.5407124999999999 0.0234046875 0.5250296875 0.0189234375 0.52166875 0.0159359375 0.52166875 0 0.5097171875 0 0.561996875
3 0.0577609375 0.553034375 0.041329687500000004 0.5653578125000001 0.041329687500000004 0.567596875 0.045810937499999996 0.5709578125 0.0487984375 0.5709578125 0.051785937500000004 0.5731984375 0.0547734375 0.5731984375 0.0577609375 0.5754390625 0.06672343750000001 0.5754390625 0.0697109375 0.5731984375 0.0726984375 0.5754390625 0.0816609375 0.5754390625 0.08763593750000001 0.5799203125 0.0906234375 0.5799203125 0.0921171875 0.5788 0.09809218750000001 0.57431875 0.09809218750000001 0.572078125 0.1010796875 0.5698375 0.1010796875 0.567596875 0.10406718749999999 0.5653578125000001 0.10406718749999999 0.5541546875 0.0936109375 0.5463140625 0.0786734375 0.5463140625 0.0756859375 0.548553125 0.0697109375 0.548553125 0.06672343750000001 0.55079375 0.06373593749999999 0.55079375 0.060748437499999995 0.553034375 0.0577609375 0.553034375
13 0 0.7068765625 0.0009984375 0.707625 0.0039859375 0.707625 0.0069734375000000005 0.7098656250000001 0.0487984375 0.7098656250000001 0.051785937500000004 0.7121062499999999 0.0547734375 0.7121062499999999 0.0562671875 0.7109859375 0.0592546875 0.7087453125 0.0592546875 0.699784375 0.0547734375 0.6964234375 0.051785937500000004 0.6964234375 0.0473046875 0.6930625 0.0473046875 0.6908218749999999 0.0443171875 0.68858125 0.0443171875 0.6751390625 0.0473046875 0.6728984375 0.0473046875 0.6684171875 0.0562671875 0.661696875 0.0562671875 0.6549750000000001 0.05327968749999999 0.652734375 0.05327968749999999 0.6437734374999999 0.0562671875 0.6415328125 0.0562671875 0.6392921874999999 0.0577609375 0.638171875 0.060748437499999995 0.638171875 0.06373593749999999 0.63593125 0.0786734375 0.63593125 0.0801671875 0.6348109375 0.0801671875 0.623609375 0.07717968750000001 0.62136875 0.07717968750000001 0.6056859375 0.07419218749999999 0.6034453125 0.07419218749999999 0.6012046875 0.0726984375 0.600084375 0.060748437499999995 0.600084375 0.0577609375 0.602325 0.0547734375 0.602325 0.05327968749999999 0.6034453125 0.05327968749999999 0.607925 0.0487984375 0.6112859375 0.0338609375 0.6112859375 0.0308734375 0.6135265624999999 0.0069734375000000005 0.6135265624999999 0.0054796875 0.614646875 0.0054796875 0.6168875 0 0.620996875 0 0.7068765625
3 0.22057968749999998 0.771478125 0.21759218749999998 0.7692375 0.21759218749999998 0.7647578125 0.2116171875 0.7602765625 0.2116171875 0.7580359375 0.2086296875 0.7557953125 0.2086296875 0.7535546875 0.2056421875 0.7513140625 0.2056421875 0.7490734375 0.2011609375 0.7457140625 0.1921984375 0.7457140625 0.1892109375 0.747953125 0.1862234375 0.747953125 0.1772609375 0.754675 0.1742734375 0.754675 0.1697921875 0.7580359375 0.1697921875 0.7602765625 0.1668046875 0.7625171875000001 0.1668046875 0.7647578125 0.16381718750000002 0.766996875 0.16381718750000002 0.7692375 0.16082968749999998 0.771478125 0.16082968749999998 0.784921875 0.16381718750000002 0.7871609375 0.16381718750000002 0.7916421875 0.1668046875 0.7938828124999999 0.1668046875 0.8028453125 0.1697921875 0.8050859375 0.1697921875 0.8118062500000001 0.1727796875 0.8140468750000001 0.1727796875 0.8162874999999999 0.1757671875 0.8185281249999999 0.1757671875 0.82076875 0.18174218749999999 0.8252499999999999 0.18174218749999999 0.8274890625 0.1892109375 0.833090625 0.1951859375 0.833090625 0.1966796875 0.8319703125 0.2026546875 0.8274890625 0.2026546875 0.82076875 0.2056421875 0.8185281249999999 0.2056421875 0.8140468750000001 0.2086296875 0.8118062500000001 0.2086296875 0.807325 0.2116171875 0.8050859375 0.2116171875 0.8028453125 0.2146046875 0.8006046874999999 0.2146046875 0.7983640624999999 0.21759218749999998 0.7961234375 0.21759218749999998 0.7938828124999999 0.22057968749999998 0.7916421875 0.22057968749999998 0.771478125
6 0.9362890625 1 0.9855875 0.5905140624999999 0.8939734375 0.509375 0.359375 0.509375 0.359375 1 0.9362890625 1
22 0.593125 1 0.60543125 0.8839937499999999 0.59645 0.84695 0.5650203125 0.7829703125 0.505528125 0.707203125 0.4381796875 0.673528125 0.359375 0.673528125 0.359375 1 0.593125 1
3 0.593125 1 0.60543125 0.8839937499999999 0.59645 0.84695 0.5650203125 0.7829703125 0.5010375 0.7038359375 0.435934375 0.673528125 0.359375 0.6764 0.359375 1 0.593125 1
3 0.9300218750000001 1 0.9309499999999999 0.9984875000000001 0.9309499999999999 0.9513406249999999 0.9399312500000001 0.9210359374999999 0.9331953125 0.857053125 0.9556453125000001 0.8166421875 0.9534 0.7695000000000001 0.97585 0.70551875 0.9736046875 0.6449046875 0.944421875 0.5607171875 0.8919375 0.509375 0.6447625 0.509375 0.625634375 0.547246875 0.625634375 0.6583734375 0.636859375 0.732459375 0.6245109375 0.717303125 0.6144093749999999 0.7257234375 0.6099187500000001 0.76613125 0.6189 0.8132781250000001 0.6031859374999999 0.84695 0.6166546875 0.9479765625000001 0.633996875 1 0.9300218750000001 1
3 0.5784906249999999 0.6785796875 0.6031859374999999 0.5539828124999999 0.6211453125 0.5135734375000001 0.6211453125 0.509375 0.359375 0.509375 0.359375 0.67720625 0.40450625 0.6667921875 0.44940468750000007 0.673528125 0.4943046875 0.6971 0.5605296875 0.695415625 0.5784906249999999 0.6785796875