22 0 0 0 0.30674687500000003 0.00610625 0.3019 0.0487328125 0.19411406250000002 0.1308375 0.24031093750000002 0.22557187500000003 0.32389531250000003 0.3013953125 0.41875 0.30584687499999996 0.41875 0.4024078125 0.35469375 0.43240468749999994 0.246909375 0.3498453125 0 0 0
26 0 0 0 0.41875 0.24575468749999999 0.41875 0.2303078125 0.3810859375 0.38503906250000003 0.4162828125 0.44503906249999997 0.1897171875 0.43082656249999995 0.0335390625 0.4852203125 0 0 0
16 0.0106203125 0 0.0033031249999999996 0.0645296875 0.013528124999999998 0.1179234375 0.0378109375 0.16241875 0.165615625 0.24784375 0.2116265625 0.322590625 0.2780859375 0.3831 0.3100359375 0.39199843749999996 0.34965625 0.3795390625 0.4020546875 0.31725 0.417390625 0.2709796875 0.4122796875 0.206909375 0.32277187500000004 0 0.0106203125 0
3 0 0.41875 0.21807812499999998 0.41875 0.1822296875 0.27453906250000004 0.1605046875 0.24784375 0.1323875 0.2442828125 0 0.2986171875 0 0.41875
0 0.47270781250000005 0 0.45956875 0.0200390625 0.3994984375 0.025376562499999998 0.40716562500000003 0.10368437500000001 0.3867203125 0.1321609375 0.42250468750000003 0.2425015625 0.40844531249999994 0.3368296875 0.3649921875 0.3795390625 0.31131406250000004 0.40090000000000003 0.283196875 0.3973390625 0.21034687500000002 0.342165625 0.2276140625 0.41875 0.5 0.41875 0.5 0 0.47270781250000005 0
6 0.5 0 0.5 0.41875 1 0.41875 1 0 0.5 0
12 0.7702953124999999 0 0.523759375 0.2688203125 0.537771875 0.30903281250000003 0.5505093750000001 0.31669375 0.7046375 0.17690937499999998 0.8065390625 0.06584999999999999 0.8528828125000001 0 0.7702953124999999 0
12 0.5556046875 0.3549875 0.5734375 0.404775 0.586865625 0.41875 0.7772421875 0.41875 0.7772421875 0.385625 0.7606828125 0.33392499999999997 0.719921875 0.2994578125 0.674065625 0.2917984375 0.615471875 0.30711875 0.5556046875 0.3549875
12 0.851903125 0 0.8129078125 0.0601046875 0.8154546874999999 0.228609375 0.77469375 0.3435015625 0.7797890625 0.3741375 0.816728125 0.41817656249999996 0.8180046875 0.41875 0.9504765624999999 0.41875 0.9504765624999999 0.3703078125 0.9237265625 0.3492453125 0.9148093749999999 0.32818125 0.9364640625 0.295628125 0.9759499999999999 0.27073593749999997 0.9784984375000001 0.2400984375 0.9555703125000001 0.18648437499999998 0.9861421874999999 0.1635078125 0.9784984375000001 0.106059375 0.987415625 0.0964875 1 0.11225156249999999 1 0 0.851903125 0
6 0.49196249999999997 1 0.5 0.996290625 0.5 0.6941140625 0.366896875 0.41875 0 0.41875 0 1 0.49196249999999997 1
0 1 0.41875 0.5 0.41875 0.5 1 1 1 1 0.41875
13 0.8264984375 1 0.865459375 0.9707812499999999 0.865459375 0.9682375000000001 0.8671562500000001 0.9669671875000001 0.8705468749999999 0.9669671875000001 0.875634375 0.9631515625 0.875634375 0.9606078124999999 0.8807218750000001 0.9567937499999999 0.8841125 0.9567937499999999 0.8892 0.9529781249999999 0.8892 0.9504359375 0.8942875000000001 0.9466203125 0.897678125 0.9466203125 0.9044609375 0.941534375 0.9078531249999999 0.941534375 0.91124375 0.938990625 0.9146359374999999 0.938990625 0.9214171875 0.933903125 0.924809375 0.933903125 0.9349828125 0.9262734375000001 0.938375 0.9262734375000001 0.9570281250000001 0.9122859375000001 0.9570281250000001 0.9097421875 0.96041875 0.9071984375 0.96041875 0.9021125 0.9570281250000001 0.89956875 0.9570281250000001 0.8970265625 0.9502453125000001 0.8919390625 0.9502453125000001 0.8893953124999999 0.946853125 0.886853125 0.946853125 0.8792234375 0.9434625000000001 0.8766796875 0.9434625000000001 0.8741359375 0.9400703125 0.8715921874999999 0.9400703125 0.8665062499999999 0.9332874999999999 0.8614203125 0.9332874999999999 0.8588765625000001 0.9180265625 0.84743125 0.9146359374999999 0.84743125 0.9010703124999999 0.8372578125000001 0.897678125 0.8372578125000001 0.8841125 0.8270859375 0.8807218750000001 0.8270859375 0.8790250000000001 0.8258140624999999 0.8790250000000001 0.8232703125 0.8569812499999999 0.8067390624999999 0.853590625 0.8067390624999999 0.8518953125 0.8054671875 0.8518953125 0.8029234375 0.8468078125 0.799109375 0.8434156249999999 0.799109375 0.840025 0.796565625 0.826459375 0.796565625 0.8230671875000001 0.799109375 0.8196765625 0.799109375 0.8145890625 0.8029234375 0.8145890625 0.8054671875 0.7959375 0.8194546875000001 0.7925453124999999 0.8194546875000001 0.76880625 0.8372578125000001 0.7654140625 0.8372578125000001 0.75354375 0.846159375 0.75354375 0.8487031249999999 0.7416750000000001 0.8576046875 0.7382828124999999 0.8576046875 0.7348921875000001 0.8601484375 0.7281093750000001 0.8601484375 0.7264140625 0.8614203125 0.7264140625 0.8639625000000001 0.7111515625 0.8754078125 0.7077609375 0.8754078125 0.682325 0.8944828125000001 0.682325 0.8970265625 0.678934375 0.89956875 0.678934375 0.9021125 0.6755421875 0.90465625 0.6755421875 0.9071984375 0.6721515625000001 0.9097421875 0.6721515625000001 0.9122859375000001 0.6619765625 0.919915625 0.6619765625 0.9224593750000001 0.634846875 0.9428046875 0.634846875 0.9453484375000001 0.629759375 0.9491640625000001 0.6263671875 0.9491640625000001 0.624671875 0.9504359375 0.624671875 0.9529781249999999 0.6043234375 0.9682375000000001 0.6043234375 0.9707812499999999 0.5992359375 0.9745968749999999 0.5958453125000001 0.9745968749999999 0.59415 0.9758687500000001 0.59415 0.9784109375 0.5873671875 0.9834984375 0.5873671875 0.986040625 0.580584375 0.991128125 0.580584375 0.9962140625 0.5771921875 0.9987578125000001 0.5771921875 1 0.8264984375 1