6 0.061346875 0.45827343750000005 0.09526875 0.6592390625 0.5296875 0.6804812499999999 0.5296875 0.6355062499999999 0.4968421875 0.4836203125 0.45526406250000007 0.2754125 0.38085625 0.21204687500000002 0.24845625 0.2192890625 0.22547812500000003 0.32429687500000004 0.061346875 0.45827343750000005
22 0.1094921875 0.651996875 0.24189218750000002 0.67734375 0.5296875 0.6826531250000001 0.5296875 0.6562984375 0.4968421875 0.5234515625 0.47824062500000003 0.35145468750000003 0.4136828125 0.23558125 0.3086375 0.21747812500000002 0.059159375 0.4981046875 0.1094921875 0.651996875
13 0.41276875 0.23948125 0.3561109375 0.22213124999999997 0.286859375 0.23948125 0.2574796875 0.22213124999999997 0.2795140625 0.27592343750000003 0.265875 0.340128125 0.2490875 0.31930468749999996 0.18823125000000002 0.336659375 0.125278125 0.43036250000000004 0.07386406250000001 0.47027343750000006 0.07386406250000001 0.5258046875 0.096946875 0.550096875 0.100096875 0.5726546875 0.1137359375 0.5674515625 0.11478437500000001 0.5240703124999999 0.1305234375 0.5258046875 0.096946875 0.6333890625 0.11688281250000002 0.6594203125 0.15465625 0.624715625 0.20501874999999997 0.635128125 0.22390625000000003 0.6628890625 0.2721703125 0.6767734375 0.5187406250000001 0.678509375 0.5296875 0.6733359375 0.5296875 0.6523046875 0.5145453125 0.57439375 0.49146093750000003 0.5327437500000001 0.4893609375 0.4390390625 0.4746734375 0.355746875 0.4410984375 0.27592343750000003 0.41276875 0.23948125
26 0.10090468749999999 0 0.062321875000000006 0.024309375 0.0308453125 0.0659546875 0 0.1417875 0 0.7081234375000001 0.40122656250000005 0.7132125 0.5176921875 0.701065625 0.5296875 0.701625 0.5296875 0 0.10090468749999999 0
6 1 0.2406265625 0.9903453125 0.23586093749999998 0.8875234375 0.23586093749999998 0.711259375 0.3386828125 0.69761875 0.35651875 0.7028625 0.42051875 0.6871265625 0.35651875 0.5832546875 0.2967125 0.5296875 0.3040171875 0.5296875 0.75 0.9413500000000001 0.75 0.9441796874999999 0.7038031250000001 0.9525734375000001 0.735278125 0.9651640625000001 0.710096875 0.9913953125000001 0.702753125 0.986146875 0.6891125 0.955721875 0.6964609375 0.9641140625 0.6481953125000001 0.9871968750000001 0.6251125 0.97250625 0.6209140625 0.9871968750000001 0.6104234374999999 0.97250625 0.5705546874999999 0.9357875 0.5716046875 0.91585 0.5894390625 0.928440625 0.59993125 0.9169 0.638753125 0.9106062500000001 0.619865625 0.8917171875 0.6219640625 0.8161765624999999 0.6891125 0.817225 0.63350625 0.7868 0.5946875 0.7385359375 0.5716046875 0.7039109375 0.5852453125 0.7228 0.56635625 0.6997171875 0.4509484375 0.7039109375 0.42576562500000004 0.7353875000000001 0.415275 0.7123078125 0.4110765625 0.7123078125 0.36700937499999997 0.7259453125 0.38275000000000003 0.740634375 0.3659609375 0.7437828125 0.39009218749999997 0.7658171874999999 0.39114218749999996 0.76056875 0.406878125 0.775259375 0.40897656250000003 0.76056875 0.4236671875 0.775259375 0.427865625 0.7123078125 0.42996093750000003 0.7207015625000001 0.518096875 0.740634375 0.5401296875 0.75846875 0.5327828125 0.7469281249999999 0.5254390625 0.772109375 0.5254390625 0.754275 0.553765625 0.7878499999999999 0.5726546875 0.7889 0.5925890625 0.820375 0.5904890625 0.8266671875 0.607278125 0.8382093749999999 0.549571875 0.780503125 0.5464234375 0.7794578125 0.5264890624999999 0.799390625 0.542225 0.8413578125000001 0.542225 0.8434578125 0.5611125 0.8560484374999999 0.542225 0.8633906250000001 0.57475 0.87598125 0.56845625 0.8717828125 0.6167203125 0.8833249999999999 0.6219640625 0.9473296875000001 0.5516703125 0.9924406250000001 0.47088125 1 0.46755625 1 0.2406265625
22 1 0.4778171875 0.9473296875000001 0.5600640625 0.8067343749999999 0.704853125 0.7899484375 0.734228125 0.7940031249999999 0.75 0.8279609375 0.75 0.8623421875 0.7247859375 0.898015625 0.7247859375 0.9025390625 0.75 1 0.75 1 0.4778171875
9 1 0.4778171875 0.9473296875000001 0.5600640625 0.8109328124999999 0.7006546874999999 0.79414375 0.7321296875 0.7986093750000001 0.75 0.8254890625 0.75 0.8623421875 0.7247859375 0.898015625 0.7247859375 0.9025390625 0.75 1 0.75 1 0.4778171875
0 0.5296875 1 0.5296875 0.75 0 0.75 0 1 0.5296875 1
1 0.15064375000000002 0.9034203125 0.15064375000000002 0.9062125 0.1485484375 0.90900625 0.1485484375 0.9117984375000001 0.14959687500000002 0.9131953125000001 0.151690625 0.9131953125000001 0.1558796875 0.9187796875 0.15797343749999998 0.9187796875 0.1642578125 0.9271578125 0.1663515625 0.9271578125 0.170540625 0.9327421875 0.1726359375 0.9327421875 0.1768234375 0.938328125 0.1810125 0.938328125 0.18206093750000002 0.93693125 0.18206093750000002 0.9341390625000001 0.1862484375 0.9285546874999999 0.1862484375 0.9257609375 0.17891875 0.9159875 0.1768234375 0.9159875 0.1726359375 0.9104015625 0.170540625 0.9104015625 0.1663515625 0.9048171875 0.1642578125 0.9048171875 0.16216250000000001 0.9020250000000001 0.16006875 0.9020250000000001 0.15797343749999998 0.89923125 0.1537859375 0.89923125 0.15064375000000002 0.9034203125
1 0.10666093750000001 0.8671171875000001 0.10980156249999999 0.87130625 0.111896875 0.87130625 0.11294375000000001 0.869909375 0.1265578125 0.8517578125 0.1286515625 0.8517578125 0.142265625 0.8336062500000001 0.142265625 0.8308125000000001 0.1380765625 0.825228125 0.1380765625 0.8224359375000001 0.1370296875 0.8210390625 0.1349359375 0.8210390625 0.1181796875 0.8433796875 0.1160859375 0.8433796875 0.104565625 0.8587390625 0.104565625 0.86153125 0.10666093750000001 0.864325 0.10666093750000001 0.8671171875000001
6 0.9526140625 1 0.9741687499999999 0.9373296874999999 0.9908703125 0.80374375 0.9959609374999999 0.75 0.5296875 0.75 0.5296875 1 0.9526140625 1
22 0.7963046874999999 0.7549296875 0.8403328125 0.8298953125 0.87283125 0.8167781250000001 0.8969984375 0.75 0.7970078125 0.75 0.7963046874999999 0.7549296875
22 0.6451015625000001 1 0.645353125 0.9985765625 0.6327734375 0.9086124999999999 0.58140625 0.8242734374999999 0.5562484375000001 0.8167781250000001 0.5296875 0.84906875 0.5296875 1 0.6451015625000001 1
16 0.645353125 1 0.645353125 0.9985765625 0.630675 0.9386015625 0.6327734375 0.9048640625000001 0.6023734375 0.8655062499999999 0.58140625 0.8242734374999999 0.5562484375000001 0.8167781250000001 0.5296875 0.8484359375 0.5296875 1 0.645353125 1
9 0.8623468750000001 0.8280203125 0.87283125 0.8167781250000001 0.8885531249999999 0.7699203125 0.9010890625 0.75 0.7965921875 0.75 0.7984015624999999 0.7661718750000001 0.8308984374999999 0.8242734374999999 0.8371890625 0.8317734375000001 0.8424296874999999 0.8298953125 0.8539609374999999 0.8242734374999999 0.8623468750000001 0.8280203125