6 0.4796875 0 0.4796875 0.4 1 0.4 1 0 0.4796875 0
12 0.8339484374999999 0.10236562499999999 0.8195078125 0.11476562500000001 0.5578093749999999 0.4 0.628546875 0.4 0.6730234375 0.35968125 0.75555 0.26977656250000004 0.830853125 0.16281874999999998 0.8432328124999999 0.131815625 0.8432328124999999 0.1101140625 0.8339484374999999 0.10236562499999999
12 0.9257593749999999 0.29612812499999996 0.9298859374999999 0.2744265625 0.9195703125 0.17831875 0.89584375 0.15506718749999998 0.8607687500000001 0.1395671875 0.8422000000000001 0.1395671875 0.7607062499999999 0.265125 0.762746875 0.4 0.8901765625 0.4 0.8762421874999999 0.36743125 0.9010015625 0.34883125000000004 0.8948109375 0.3023265625 0.9020328125000001 0.294578125 0.9144125000000001 0.310078125 0.9257593749999999 0.29612812499999996
7 0.5711468749999999 0 0.4796875 0.07043437500000001 0.4796875 0.2159390625 0.5327265625 0.1953703125 0.5502640624999999 0.1566171875 0.56676875 0.0884140625 0.5884328125 0.0558609375 0.6193796875 0.034159375 0.6606421874999999 0.031059375 0.693653125 0.043460937500000005 0.7225390625 0.0682625 0.759675 0.1271671875 0.8401375 0.0744640625 0.849421875 0.0574109375 0.7436859375 0 0.5711468749999999 0
6 0 0.6668515625 0.0060890625 0.7375953125 0.029893750000000004 0.733265625 0.0412796875 0.7577921875 0.033 0.8501218749999999 0.058871875 0.8861859375 0.0857828125 0.8775296875 0.1023390625 0.889071875 0.1023390625 0.9121546875 0.11476093750000001 0.8977265624999999 0.112690625 0.935234375 0.173753125 0.9539921874999999 0.1789265625 0.938121875 0.21411406249999998 0.94389375 0.343484375 0.8645453125 0.3414125 0.7173984375 0.3496921875 0.6394921874999999 0.37039062500000003 0.5731328125 0.352796875 0.5457203125000001 0.32175 0.5514921875 0.279315625 0.526965625 0.3320984375 0.493784375 0.3258890625 0.46781875 0.286559375 0.49955625000000003 0.2679328125 0.46781875 0.22653281249999999 0.4764734375 0.2327453125 0.4418484375 0.17685625 0.43896562499999997 0.1458078125 0.4735875 0.125109375 0.447621875 0.0857828125 0.43896562499999997 0.039209375000000005 0.4779171875 0.033 0.521196875 0.0723265625 0.5846750000000001 0.017474999999999997 0.6005421875 0 0.6650203125 0 0.6668515625
12 0.17685625 0.43896562499999997 0.1499484375 0.4735875 0.12097031250000001 0.444734375 0.0857828125 0.43896562499999997 0.039209375000000005 0.4779171875 0.033 0.5240796875 0.043348437499999996 0.5471625 0.018510937499999998 0.5731328125 0.0019515625000000002 0.6539203125 0.0060890625 0.7635609375 0.039209375000000005 0.7577921875 0.030929687500000004 0.847234375 0.054734375 0.8833 0.10854843750000001 0.938121875 0.1623671875 0.9496625 0.1716828125 0.9886140625 0.1851359375 0.9525499999999999 0.22653281249999999 0.9410078125 0.34555156249999996 0.8674312499999999 0.343484375 0.7145109374999999 0.35176093750000004 0.6308374999999999 0.37039062500000003 0.5760156249999999 0.3569375 0.54860625 0.32175 0.54860625 0.295875 0.526965625 0.335203125 0.4894578125 0.3238171875 0.46493124999999996 0.286559375 0.49667031250000004 0.2679328125 0.46781875 0.2327453125 0.47070468749999994 0.2327453125 0.4418484375 0.17685625 0.43896562499999997
6 1 0.4 0.4796875 0.4 0.4796875 0.44088593749999994 0.4978703125 0.51275625 0.54906875 0.68849375 0.5886765625 0.7711921875 0.6427734375 0.876290625 0.7326125 0.9589890625 0.7914515625 1 1 1 1 0.4
22 1 0.6993046875 0.94345625 0.647009375 0.8053265625 0.6359843749999999 0.7919265625 0.6672171875 0.7671875 0.8509249999999999 0.771309375 0.8986875 0.96304375 0.9758453125000001 1 0.9562640625000001 1 0.6993046875
22 0.7486312500000001 0.6451671875 0.713584375 0.7884640625 0.72389375 0.7921375 0.7764656249999999 0.7756031250000001 0.7960515625 0.6488453125 0.7838125 0.681603125 0.77801875 0.6712609375 0.76449375 0.660925 0.7586953125 0.648865625 0.7486312500000001 0.6451671875
16 1 0.700503125 0.94345625 0.647009375 0.8383125 0.6323109375 0.8094515624999999 0.6323109375 0.79914375 0.6433296875 0.7671875 0.8472515625 0.771309375 0.8986875 0.8362515625 0.937265625 0.96304375 0.9758453125000001 1 0.9562640625000001 1 0.700503125
9 0.72389375 0.7921375 0.7558484375 0.7756031250000001 0.7774953124999999 0.773765625 0.7960515625 0.6488453125 0.8115125000000001 0.624959375 0.8228515625 0.61945 0.8063593750000001 0.5680140625 0.8084203125 0.5386171875 0.8146046874999999 0.5165734375000001 0.8135734375 0.496365625 0.772340625 0.518409375 0.7589406249999999 0.5349437499999999 0.7568796875 0.58270625 0.7465703125 0.659865625 0.713584375 0.7884640625 0.714615625 0.7939734374999999 0.72389375 0.7921375