6 0.24508437500000002 0.1792390625 0.164015625 0.20970468750000001 0.1451 0.26048125 0.0829484375 0.22595312500000003 0.0194453125 0.24220156249999997 0.0158359375 0.3252703125 0.0410640625 0.435153125 0.059979687500000003 0.534675 0.056653125000000006 0.6296875 0.5390625 0.6296875 0.5390625 0.13585624999999998 0.485584375 0.171115625 0.4274859375 0.1345546875 0.36398281250000003 0.13049375000000002 0.3072359375 0.167053125 0.24508437500000002 0.1792390625
6 1 0.36965625 0.9906671875 0.3430140625 0.9799359375 0.3353546875 0.9541812500000001 0.2855703125 0.9370109375 0.27025156250000004 0.9005234375000001 0.297059375 0.894084375 0.28174062499999997 0.8683296875 0.2587625 0.8318421875 0.2549328125 0.8039406250000001 0.2894 0.7975015625 0.2855703125 0.7792578125 0.241528125 0.785696875 0.23386875 0.785696875 0.2185515625 0.77281875 0.20323281249999997 0.7696 0.1859984375 0.724528125 0.1706796875 0.7073578125 0.17450937500000002 0.67945625 0.2013171875 0.6494078125 0.2013171875 0.630090625 0.18216875 0.6064812500000001 0.18216875 0.5742875 0.16685 0.550678125 0.16685 0.5390625 0.1760625 0.5390625 0.6296875 1 0.6296875 1 0.36965625
13 0.5390625 0.5706921875 0.5390625 0.5715359375 0.5557984375 0.6296875 0.5855203125 0.6296875 0.5818 0.6053468750000001 0.5818 0.590028125 0.5882390625 0.58236875 0.5850187499999999 0.5689640625 0.54853125 0.5613046875000001 0.5390625 0.5706921875
13 0.8769140625 0.5115203125 0.8586703124999999 0.5402421875 0.84579375 0.590028125 0.861890625 0.6072609375 0.8865734375000001 0.6091765625 0.9026703125 0.5919421875 0.9219859375 0.5881125 0.9316453125 0.5670499999999999 0.898378125 0.5191796875 0.8769140625 0.5115203125
13 0.7470640625 0.590028125 0.7545765624999999 0.6149203125 0.7725078125 0.6296875 0.80971875 0.6296875 0.822184375 0.61300625 0.822184375 0.5976874999999999 0.8103796875 0.5766234375 0.7631609375 0.5613046875000001 0.7492109375 0.5670499999999999 0.7470640625 0.590028125
13 0.74384375 0.43875624999999996 0.7234546875000001 0.482796875 0.7256015625 0.513434375 0.7481375 0.5574749999999999 0.774965625 0.5632203125 0.7792578125 0.5325828125000001 0.7685265625000001 0.482796875 0.7685265625000001 0.45598906250000004 0.7610140624999999 0.43875624999999996 0.74384375 0.43875624999999996
13 0.69340625 0.482796875 0.6901875000000001 0.46556406250000004 0.6676515625 0.49811562499999995 0.6676515625 0.5172640625 0.6762359375 0.5325828125000001 0.680528125 0.49811562499999995 0.69340625 0.482796875
13 0.7213078125 0.48662656249999997 0.71165 0.46939374999999994 0.703065625 0.46939374999999994 0.6826749999999999 0.5172640625 0.6826749999999999 0.544071875 0.713796875 0.5881125 0.7320390625 0.590028125 0.740625 0.5708796875 0.740625 0.5402421875 0.7256015625 0.513434375 0.7213078125 0.48662656249999997
13 0.6569203124999999 0.61300625 0.674090625 0.5861984375 0.67194375 0.5402421875 0.6451156250000001 0.51535 0.6365296875 0.4962015625 0.6129203125 0.477053125 0.6043359374999999 0.4847125 0.587165625 0.4732234375 0.561409375 0.477053125 0.5496046875 0.49045625 0.5496046875 0.52109375 0.55604375 0.544071875 0.582871875 0.565134375 0.59575 0.5996015625 0.6569203124999999 0.61300625
13 0.5390625 0.24960468750000003 0.5390625 0.3541171875 0.552825 0.33152499999999996 0.576434375 0.3353546875 0.5860921875 0.3104625 0.5860921875 0.279825 0.5699953125 0.2625921875 0.5390625 0.24960468750000003
13 0.6622859375 0.22046562500000003 0.64296875 0.19748749999999998 0.6343828125 0.19748749999999998 0.630090625 0.18216875 0.6193593749999999 0.18216875 0.6032625 0.20323281249999997 0.5989703125 0.2683359375 0.5989703125 0.3066328125 0.6225796875 0.318121875 0.655846875 0.297059375 0.67194375 0.24918749999999998 0.6622859375 0.22046562500000003
13 0.6032625 0.199403125 0.5657015624999999 0.16685 0.550678125 0.1706796875 0.5496046875 0.2070625 0.5390625 0.215421875 0.5390625 0.2380359375 0.54209375 0.24344375000000001 0.5732140625000001 0.2606765625 0.582871875 0.2472734375 0.5914578125000001 0.2549328125 0.601115625 0.241528125 0.6032625 0.199403125
13 0.861890625 0.2549328125 0.836134375 0.2549328125 0.80930625 0.2836546875 0.807159375 0.29514375 0.8178921875 0.333440625 0.8425734374999999 0.3659921875 0.8500859374999999 0.364078125 0.890865625 0.32578125 0.8951578124999999 0.2913140625 0.8876453124999999 0.27408125 0.861890625 0.2549328125
13 0.90374375 0.34492968749999997 0.919840625 0.369821875 0.9294984375 0.3717375 0.9788640624999999 0.3525890625 0.9702781249999999 0.3142921875 0.94345 0.27025156250000004 0.9262796874999999 0.27025156250000004 0.8973046874999999 0.3142921875 0.90374375 0.34492968749999997
13 0.9209140625 0.46747812499999997 0.9262796874999999 0.4808828125 0.9423765625 0.482796875 0.9574 0.45598906250000004 0.9638390625 0.402375 0.94345 0.3813109375 0.91769375 0.3736515625 0.914475 0.39854531249999997 0.9209140625 0.46747812499999997
13 1 0.601896875 0.9777906249999999 0.5881125 0.9541812500000001 0.5919421875 0.9316453125 0.6168359375 0.935646875 0.6296875 1 0.6296875 1 0.601896875
13 0.7921359375 0.38705625 0.800721875 0.348759375 0.7760390625 0.31620781249999996 0.7610140624999999 0.32003750000000003 0.7449171875 0.3411 0.7449171875 0.3525890625 0.7610140624999999 0.3813109375 0.7921359375 0.38705625
13 0.738478125 0.2989734375 0.7481375 0.33152499999999996 0.7760390625 0.31620781249999996 0.7953546874999999 0.339184375 0.800721875 0.348759375 0.796428125 0.38705625 0.80930625 0.38705625 0.8135984374999999 0.3717375 0.8060875 0.2894 0.7545765624999999 0.28174062499999997 0.738478125 0.2989734375
13 0.7814046875 0.2108921875 0.7738921875 0.2013171875 0.7610140624999999 0.20897656250000002 0.7288203125 0.1706796875 0.71165 0.1706796875 0.680528125 0.20323281249999997 0.6837484375 0.22046562500000003 0.7073578125 0.24344375000000001 0.7395515625 0.22046562500000003 0.7545765624999999 0.251103125 0.764234375 0.24918749999999998 0.7814046875 0.22621093750000001 0.7814046875 0.2108921875
13 0.8372078125 0.4789671875 0.8468671875 0.4962015625 0.8629640625 0.49811562499999995 0.875840625 0.436840625 0.875840625 0.41386406249999996 0.8704750000000001 0.4042890625 0.8425734374999999 0.41960781249999995 0.8350625 0.4406703125 0.8372078125 0.4789671875
13 0.7771125 0.52109375 0.7803312499999999 0.5306671875 0.800721875 0.5364125 0.807159375 0.5249234375 0.807159375 0.49045625 0.7996484374999999 0.4732234375 0.7846234375 0.46556406250000004 0.77281875 0.48662656249999997 0.7771125 0.52109375
13 0.817225 0.6296875 0.847175 0.6296875 0.8479390625000001 0.6283234375 0.8479390625000001 0.6091765625 0.8414999999999999 0.6015171875 0.8436468749999999 0.58236875 0.8296953125 0.5766234375 0.817225 0.6296875
6 0.3131890625 1 0.29362187500000003 0.8784421874999999 0.2630046875 0.859196875 0.2311109375 0.864971875 0.20559687499999998 0.7995359375 0.237490625 0.7129296875 0.19794375 0.6571171875 0.126425 0.6296875 0 0.6296875 0 1 0.3131890625 1
12 0 0.8008875 0.0015109375 0.8018906250000001 0.047629687500000004 0.809975 0.0905296875 0.7549875 0.099109375 0.7291125 0.11953906249999999 0.6296875 0 0.6296875 0 0.8008875
6 1 0.850803125 0.957340625 0.8363046875 0.9401703124999999 0.8401343750000001 0.91226875 0.8669421875 0.8822203125 0.8669421875 0.8629031250000001 0.8477937499999999 0.8392937500000001 0.8477937499999999 0.8070999999999999 0.832475 0.783490625 0.832475 0.725540625 0.87843125 0.6976390625 0.8631125000000001 0.6922734375 0.8803468750000001 0.6901265624999999 0.9416203124999999 0.6611515625 0.947365625 0.6525671875 0.962684375 0.6461281249999999 0.962684375 0.6268109374999999 0.9243874999999999 0.6032015625 0.9014093750000001 0.5645687500000001 0.87843125 0.5390625 0.9165625000000001 0.5390625 1 1 1 1 0.850803125
13 0.6619953125 1 0.6622250000000001 0.99140625 0.624665625 0.9205578125 0.566715625 0.8746015625 0.5390625 0.9166328125 0.5390625 0.9224171875 0.5484718749999999 0.9492796875 0.5390625 0.9761421875 0.5390625 1 0.6619953125 1
13 0.8096265624999999 1 0.8189046875000001 0.9760875 0.8189046875000001 0.9454499999999999 0.8028078125 0.9282171874999999 0.7663203125 0.9128984375 0.747003125 0.9282171874999999 0.7067734375 1 0.7839015625 1 0.7856375 0.9971500000000001 0.8032015625 1 0.8096265624999999 1
13 0.8950984375000001 0.8860906249999999 0.87578125 0.8631125000000001 0.8671953125 0.8631125000000001 0.8629031250000001 0.8477937499999999 0.852171875 0.8477937499999999 0.8360749999999999 0.8688578124999999 0.8317828125 0.9339609375 0.8317828125 0.9722578125 0.8553921875 0.9837468749999999 0.8886593749999999 0.962684375 0.9047562499999999 0.9148125 0.8950984375000001 0.8860906249999999
13 0.8360749999999999 0.865028125 0.7985140625 0.832475 0.783490625 0.8363046875 0.7824171875 0.8726875 0.7631015624999999 0.8880062499999999 0.77490625 0.90906875 0.8060265624999999 0.9263015625 0.815684375 0.9128984375 0.8242703125 0.9205578125 0.8339281250000001 0.907153125 0.8360749999999999 0.865028125
13 0.7233953125 0.8822609375000001 0.6944203124999999 0.865028125 0.6901265624999999 0.8918359375 0.693346875 0.9014093750000001 0.73090625 0.907153125 0.7351984375 0.8994937500000001 0.7233953125 0.8822609375000001
13 1 0.9492406250000001 0.9873890624999999 0.947365625 0.971290625 0.9645984375 0.98095 0.9971500000000001 1 0.9866921874999999 1 0.9492406250000001
13 1 0.8709296875 0.9938265625 0.8746015625 0.9616328125000001 0.8363046875 0.9444625 0.8363046875 0.913340625 0.8688578124999999 0.9165609375000001 0.8860906249999999 0.9401703124999999 0.90906875 0.9723640625 0.8860906249999999 0.9873890624999999 0.916728125 0.997046875 0.9148125 1 0.9108609375000001 1 0.8709296875
13 0.70421875 1 0.7083703125 0.9971500000000001 0.7094437499999999 0.9837468749999999 0.6954921875 0.9511953125 0.6632984375000001 0.947365625 0.65149375 0.9645984375 0.6622250000000001 0.9875765624999999 0.66280625 1 0.70421875 1