6 0 0 0 0.56875 0.4247109375 0.56875 0.47221718749999997 0.50935 0.55516875 0.416746875 0.6204421875 0.38587812499999996 0.6296875 0.379546875 0.6296875 0.2874859375 0.5905234375 0.1948859375 0.489896875 0.021259375 0.4830984375 0 0 0
3 0 0 0 0.535021875 0.049157812499999995 0.56875 0.3745625 0.56875 0.3527546875 0.452415625 0.40891875000000005 0.461971875 0.44935937499999995 0.4492265625 0.5235000000000001 0.41099687500000004 0.5819140625 0.360025 0.622353125 0.353653125 0.6296875 0.3373125 0.6296875 0.33500625 0.567309375 0.202325 0.45946875 0.02391875 0.45127656250000003 0 0 0
6 0.6296875 0 0.6296875 0.56875 0.97225625 0.56875 0.9924046875 0.543840625 1 0.526596875 1 0 0.6296875 0
22 0.6296875 0 0.6296875 0.5658203125 0.6320453125000001 0.56875 0.8287828125000001 0.56875 0.8366890625 0.5528765625000001 0.8423015625 0.5544875 0.8403124999999999 0.56875 0.8606281250000001 0.56875 0.8770984374999999 0.562534375 0.892990625 0.56875 0.9567953125 0.56875 0.9567953125 0.5609234375 0.9478156249999999 0.5544875 0.9511828124999999 0.536778125 0.9590390624999999 0.5383875 0.9624062500000001 0.5560968749999999 0.9691421874999999 0.5399984375 0.9758765625000001 0.5528765625000001 0.9814890625 0.548046875 0.9601609375000001 0.5142421875000001 0.950059375 0.52873125 0.9478156249999999 0.4804375 0.9264875 0.47882968750000005 0.9320999999999999 0.45468125 0.9130171875 0.453075 0.9074046875 0.43536562500000003 0.9130171875 0.44663593749999997 0.9264875 0.44663593749999997 0.930978125 0.40478125 0.93995625 0.4208796875 0.9747562500000001 0.4096109375 0.961284375 0.396734375 0.961284375 0.3838546875 0.97924375 0.370978125 0.9826124999999999 0.34683281250000003 0.9601609375000001 0.35005312499999997 0.9377140624999999 0.388684375 0.9208765624999999 0.3838546875 0.9343453125 0.367759375 0.9253640624999999 0.3452234375 0.9320999999999999 0.3194671875 0.9511828124999999 0.301759375 0.9646515625 0.30819843750000003 0.9590390624999999 0.28083281250000003 0.9972031250000001 0.23898125 0.983734375 0.21966562500000003 0.983734375 0.20356718749999997 0.9994484375000001 0.190690625 0.9994484375000001 0.1681546875 0.9915921875 0.1568859375 0.9859796875000001 0.15849531249999999 0.992715625 0.18103125 0.9848578124999999 0.1955203125 0.965775 0.18425 0.9646515625 0.144009375 0.9422015625 0.1407890625 0.9332234375 0.1601046875 0.9242421875 0.1407890625 0.9175078125 0.1697640625 0.8883218749999999 0.17298125 0.8759765625 0.18747031249999999 0.8815890625 0.1923 0.8647515625000001 0.200346875 0.8703625 0.22127500000000003 0.87934375 0.20839687499999998 0.8928125 0.20839687499999998 0.8939359375 0.17781093750000002 0.8995484375 0.17620156250000002 0.905159375 0.21000625 0.9017937500000001 0.22127500000000003 0.8849562499999999 0.21644531250000001 0.8950578124999999 0.2341515625 0.865875 0.2438109375 0.853525 0.2357609375 0.858015625 0.200346875 0.852403125 0.19873749999999998 0.8490375 0.2454203125 0.831078125 0.2357609375 0.8423015625 0.3098078125 0.82321875 0.31141874999999997 0.8299546875000001 0.32429687500000004 0.80975 0.33073437499999997 0.8007687499999999 0.31141874999999997 0.776075 0.304978125 0.7626046875 0.28566250000000004 0.71770625 0.31141874999999997 0.7076015625000001 0.30336875 0.7334203125000001 0.2888828125 0.765971875 0.23898125 0.76148125 0.21000625 0.7693390625000001 0.1858609375 0.7861765625 0.18747031249999999 0.78393125 0.2067859375 0.791790625 0.22127500000000003 0.8086265625 0.21000625 0.8075046875 0.1858609375 0.8209734375 0.19873749999999998 0.8333203125 0.18747031249999999 0.8299546875000001 0.17298125 0.85689375 0.1697640625 0.8995484375 0.12469062500000001 0.9354687500000001 0.10859375 0.9422015625 0.13435 0.9848578124999999 0.12469062500000001 0.9691421874999999 0.1214703125 0.965775 0.1037640625 0.9848578124999999 0.105375 0.9893468750000001 0.0860578125 1 0.08466875 1 0 0.6296875 0
22 0.6296875 0 0.6296875 0.56875 0.70618125 0.56875 0.7064796875 0.565753125 0.710659375 0.56875 0.9609406249999999 0.56875 0.9713875 0.565753125 0.9915921875 0.5399984375 1 0.523746875 1 0 0.6296875 0
22 0.121334375 0.620421875 0.1428203125 0.67758125 0.18530312499999999 0.6828640625 0.2263328125 0.56875 0.10704218750000001 0.56875 0.121334375 0.620421875
6 0 0.9292859375000001 0.107790625 0.9256109374999999 0.21840625 0.887028125 0.28695624999999997 0.7905656249999999 0.3414859375 0.6902453125 0.35239375 0.5764265625 0.3478734375 0.56875 0 0.56875 0 0.9292859375000001
13 0 0.8924218749999999 0.0446984375 0.915053125 0.0908375 0.9164468749999999 0.11896875 0.906696875 0.14035 0.8663078125 0.0975890625 0.7520984375 0.09533749999999999 0.629528125 0.0809640625 0.56875 0 0.56875 0 0.8924218749999999
13 0.104340625 0.7242421875 0.104340625 0.7604546875 0.131346875 0.83009375 0.170734375 0.8760578125 0.19886718750000001 0.8774515624999999 0.2258734375 0.805025 0.28889375 0.7632375 0.29789374999999996 0.7353859375 0.28889375 0.7047421875000001 0.34290625 0.6378890625 0.281365625 0.56875 0.23242500000000002 0.56875 0.219121875 0.5877453125 0.170734375 0.7228484374999999 0.170734375 0.7005656250000001 0.1369765625 0.7005656250000001 0.1279734375 0.6754921875 0.104340625 0.7242421875
26 0.256615625 1 0.32377656250000003 0.9596234375 0.4138 0.8844140625 0.4509359375 0.6657421875 0.4530546875 0.56875 0 0.56875 0 1 0.256615625 1
13 0 0.893559375 0.04245 0.915053125 0.0930890625 0.9164468749999999 0.1167171875 0.9094843750000001 0.14035 0.8635203125 0.09533749999999999 0.7353859375 0.09533749999999999 0.6267453125 0.08255781250000001 0.56875 0 0.56875 0 0.893559375
6 1 0.8071171874999999 0.8704390625 0.721740625 0.7247828125 1 1 1 1 0.8071171874999999
22 1 0.882590625 0.9687625000000001 0.8922890625000001 0.9304546874999999 0.97660625 0.9520390624999999 1 1 1 1 0.882590625
14 1 0.8835765625 0.9759125 0.88809375 0.959075 0.9066140624999999 0.94560625 0.9773296874999999 0.959128125 1 1 1 1 0.8835765625
3 0.7882156250000001 1 0.807540625 0.9588093750000001 0.832234375 0.9520734375 0.8524390625 0.9655453125 0.8591749999999999 0.9823812500000001 0.8692765625 0.9773296874999999 0.832234375 0.9419734375000001 0.8052953125 0.93860625 0.7873359375 0.9487062500000001 0.77274375 0.9739625000000001 0.77274375 1 0.7882156250000001 1
9 0.8333562499999999 0.91335 0.8333562499999999 0.9335531250000001 0.8389703125000001 0.9453390625000001 0.8479484375 0.9520734375 0.8524390625 0.9520734375 0.8591749999999999 0.9588093750000001 0.8647875 0.9571249999999999 0.881625 0.9453390625000001 0.8872359375000001 0.936921875 0.8872359375000001 0.9301859374999999 0.88948125 0.92681875 0.88948125 0.8965109375000001 0.8748890625 0.8746234375 0.8703984374999999 0.8712546874999999 0.8659078125 0.8712546874999999 0.863665625 0.8678874999999999 0.8569296874999999 0.8678874999999999 0.854684375 0.8712546874999999 0.8501937500000001 0.8712546874999999 0.8457046874999999 0.8746234375 0.8400921875 0.8830421875000001 0.8400921875 0.8931421875 0.8333562499999999 0.91335
12 1 0.9419734375000001 0.9961171875 0.9419734375000001 0.9882609375 0.9167140625 0.9781578124999999 0.911665625 0.9759125 0.915034375 0.9736671875 0.915034375 0.963565625 0.9335531250000001 0.963565625 0.9402890625 0.9613203125 0.9436546874999999 0.9613203125 0.96049375 0.959075 0.9638609375 0.9613203125 0.9672296875 0.9613203125 0.9739625000000001 0.9669328125 0.9790140624999999 0.9714234375 0.9790140624999999 0.9736671875 0.9756453125 0.9759125 0.9756453125 0.9781578124999999 0.9790140624999999 0.9961171875 0.9790140624999999 0.9972406250000001 0.9773296874999999 1 0.9762953124999999 1 0.9419734375000001
12 1 0.7974875 0.9983625 0.7938031249999999 0.9871390625 0.78706875 0.9355046874999999 0.7904359375000001 0.9276453124999999 0.8022234375 0.9321359375 0.8123234374999999 0.929890625 0.8224281250000001 0.9242781250000001 0.830846875 0.9209109375000001 0.8257953125 0.9254015624999999 0.9066140624999999 0.9388703125 0.9470218750000001 0.94560625 0.9537578124999999 0.9545859374999999 0.9200828124999999 0.9669328125 0.8948265624999999 1 0.8816 1 0.7974875