22 0.122246875 0.10211406249999999 0.1300953125 0.1866046875 0.1481953125 0.24866875 0.189228125 0.2942796875 0.24293593750000003 0.33166406249999997 0.2743140625 0.3339078125 0.280346875 0.30175625 0.2924171875 0.24941718750000003 0.3032796875 0.2217515625 0.3243984375 0.1761375 0.32258749999999997 0.120059375 0.3105203125 0.0819265625 0.280346875 0.0796828125 0.24233125000000003 0.060990625 0.203109375 0.05201718749999999 0.1669015625 0.066971875 0.122246875 0.10211406249999999
6 0 0 0 0.45198593750000005 0.0391609375 0.5016140625000001 0.1663734375 0.454109375 0.2500171875 0.4346734375 0.30926875 0.3396640625 0.3127546875 0.2424953125 0.319725 0.0157703125 0.2994875 0 0 0
13 0.9061875 0 0.9061875 0.0077843750000000005 0.9036859375 0.01111875 0.9036859375 0.02779375 0.9061875 0.031128125 0.9061875 0.06781406250000001 0.9249453125 0.0928265625 0.927446875 0.0928265625 0.9299468750000001 0.0961625 0.9474546875 0.0961625 0.94995625 0.099496875 0.95245625 0.099496875 0.9549578125 0.10283125 0.9599593750000001 0.10283125 0.9624609375000001 0.10616718750000001 0.9699640625000001 0.10616718750000001 0.9712140625 0.1045 0.9724656250000001 0.10283125 0.9849703125 0.10283125 0.989971875 0.0961625 0.9924734374999999 0.0961625 0.9949749999999999 0.0928265625 0.9999765625 0.0928265625 1 0.0927953125 1 0 0.9061875 0
7 1 0.160134375 0.9841859375 0.152953125 0.9794875 0.1523 0.9758671874999999 0.15556562499999999 0.9690156249999999 0.179203125 0.9692109375 0.18743125 0.9696999999999999 0.1926546875 0.9740062500000001 0.1950046875 0.9761609375000001 0.196571875 0.978803125 0.19474375 0.9806625 0.1970953125 0.9900578124999999 0.20075156249999998 0.9944625 0.201534375 0.9972031250000001 0.20218750000000002 1 0.20470625 1 0.160134375
2 0.86241875 0.25624375 0.85991875 0.2529078125 0.854915625 0.2529078125 0.8524156250000001 0.25624375 0.8499140625000001 0.25624375 0.8486640624999999 0.2579109375 0.8486640624999999 0.2612453125 0.8436625 0.267915625 0.8436625 0.27125 0.8411609375 0.27458593750000004 0.8411609375 0.2779203125 0.838659375 0.28125625 0.838659375 0.2879265625 0.836159375 0.29126093750000004 0.836159375 0.2945953125 0.83115625 0.301265625 0.83115625 0.3046015625 0.8286562500000001 0.30793593750000003 0.8286562500000001 0.32794687499999997 0.82990625 0.3296140625 0.8499140625000001 0.3296140625 0.8524156250000001 0.33294843749999997 0.8574171875 0.33294843749999997 0.8586671875 0.33128125 0.86116875 0.32794687499999997 0.86116875 0.31460625000000003 0.8636703125 0.3112703125 0.8636703125 0.301265625 0.8661703125000001 0.29793125 0.8661703125000001 0.2945953125 0.8686718750000001 0.29126093750000004 0.8686718750000001 0.2879265625 0.8711734375000001 0.284590625 0.8711734375000001 0.28125625 0.8736734374999999 0.2779203125 0.8736734374999999 0.26458125 0.867421875 0.25624375 0.86241875 0.25624375
17 0.8486640624999999 0.44133750000000005 0.8486640624999999 0.43800156250000005 0.8511640625 0.4346671875 0.8511640625 0.4246625 0.8499140625000001 0.42299375 0.8474140625000001 0.42299375 0.8449125000000001 0.419659375 0.8424109375000001 0.419659375 0.838659375 0.4246625 0.838659375 0.43133125000000005 0.8411609375 0.4346671875 0.8411609375 0.43800156250000005 0.8449125000000001 0.44300468750000005 0.8474140625000001 0.44300468750000005 0.8486640624999999 0.44133750000000005
6 0.4796875 0 0.4796875 0.5296875 1 0.5296875 1 0 0.4796875 0
17 0.5722984375 0.336284375 0.568546875 0.3412859375 0.568546875 0.34795625 0.566046875 0.35129062499999997 0.566046875 0.3546265625 0.5635453125 0.3579609375 0.5635453125 0.36129687499999996 0.56104375 0.36463125 0.56104375 0.3679671875 0.55854375 0.3713015625 0.55854375 0.3746359375 0.5622953125000001 0.3796390625 0.5823031249999999 0.3796390625 0.583553125 0.37797187499999996 0.5860546875 0.3746359375 0.5860546875 0.3713015625 0.5910562500000001 0.36463125 0.5910562500000001 0.3579609375 0.5935578125000001 0.3546265625 0.5935578125000001 0.35129062499999997 0.5960593750000001 0.34795625 0.5960593750000001 0.34462187499999997 0.5948078125 0.342953125 0.5923078125 0.342953125 0.58980625 0.33961874999999997 0.5798015624999999 0.33961874999999997 0.5773015625 0.336284375 0.5722984375 0.336284375
13 0.6235703125 0.43800156250000005 0.6235703125 0.427996875 0.6198187500000001 0.42299375 0.6173171875000001 0.4263296875 0.6048125 0.4263296875 0.5998109375 0.433 0.597309375 0.433 0.5935578125000001 0.43800156250000005 0.5948078125 0.43966874999999994 0.6023109375 0.43966874999999994 0.6048125 0.43633437500000005 0.6173171875000001 0.43633437500000005 0.6198187500000001 0.43966874999999994 0.6223203125000001 0.43966874999999994 0.6235703125 0.43800156250000005
13 0.6298234375 0.44967499999999994 0.628571875 0.44800781250000005 0.628571875 0.44467187499999994 0.627321875 0.44300468750000005 0.6248203125 0.44300468750000005 0.6235703125 0.44467187499999994 0.6235703125 0.44800781250000005 0.6198187500000001 0.453009375 0.6173171875000001 0.453009375 0.612315625 0.4596796875 0.6048125 0.4596796875 0.6023109375 0.4630140625 0.5998109375 0.4630140625 0.5948078125 0.46968437500000004 0.5923078125 0.46968437500000004 0.583553125 0.48135781250000004 0.583553125 0.48802812500000003 0.5848046874999999 0.4896953125 0.5948078125 0.4896953125 0.5960593750000001 0.48802812500000003 0.597309375 0.486359375 0.5998109375 0.486359375 0.6023109375 0.48302500000000004 0.6148171875 0.48302500000000004 0.6235703125 0.47135156250000004 0.6235703125 0.4680171875 0.6248203125 0.46635 0.627321875 0.46635 0.6310734375 0.461346875 0.6310734375 0.4580125 0.633575 0.4546765625 0.633575 0.4513421875 0.6323234375 0.44967499999999994 0.6298234375 0.44967499999999994
13 0.6023109375 0.4263296875 0.5935578125000001 0.43800156250000005 0.5935578125000001 0.44133750000000005 0.5948078125 0.44300468750000005 0.597309375 0.44300468750000005 0.598559375 0.44133750000000005 0.5998109375 0.43966874999999994 0.6048125 0.43966874999999994 0.6073140625 0.43633437500000005 0.6148171875 0.43633437500000005 0.6160671875 0.4346671875 0.6160671875 0.43133125000000005 0.6173171875000001 0.4296640625 0.6223203125000001 0.4296640625 0.6235703125 0.427996875 0.6235703125 0.4246625 0.6223203125000001 0.42299375 0.6173171875000001 0.42299375 0.6148171875 0.4263296875 0.6023109375 0.4263296875
13 0.6373265625 0.453009375 0.6423281249999999 0.4596796875 0.6460796875 0.4546765625 0.6460796875 0.44800781250000005 0.6423281249999999 0.44300468750000005 0.6398265624999999 0.44300468750000005 0.6373265625 0.43966874999999994 0.6298234375 0.43966874999999994 0.6223203125000001 0.44967499999999994 0.6198187500000001 0.44967499999999994 0.612315625 0.4596796875 0.6048125 0.4596796875 0.6023109375 0.4630140625 0.5998109375 0.4630140625 0.5923078125 0.4730203125 0.58980625 0.4730203125 0.583553125 0.48135781250000004 0.583553125 0.48802812500000003 0.5848046874999999 0.4896953125 0.5948078125 0.4896953125 0.5960593750000001 0.48802812500000003 0.597309375 0.486359375 0.5998109375 0.486359375 0.6023109375 0.48302500000000004 0.612315625 0.48302500000000004 0.6148171875 0.4796890625 0.6173171875000001 0.4796890625 0.6235703125 0.47135156250000004 0.6235703125 0.4680171875 0.6248203125 0.46635 0.627321875 0.46635 0.633575 0.4580125 0.633575 0.4546765625 0.634825 0.453009375 0.6373265625 0.453009375
13 0.5697984375 0.5097046875 0.5710484375 0.5080375 0.5710484375 0.504703125 0.57355 0.5013671875 0.57355 0.4980328125 0.5760500000000001 0.494696875 0.5760500000000001 0.48802812500000003 0.5785515625000001 0.4846921875 0.5785515625000001 0.48135781250000004 0.5760500000000001 0.47802187500000004 0.5760500000000001 0.47135156250000004 0.5748 0.46968437500000004 0.5697984375 0.46968437500000004 0.5435375 0.504703125 0.5435375 0.5080375 0.5273015625 0.5296875 0.56104375 0.5296875 0.56104375 0.5247124999999999 0.5635453125 0.521378125 0.5635453125 0.5180421875000001 0.56104375 0.5147078125 0.5647953125 0.5097046875 0.5697984375 0.5097046875
13 0.48434687500000007 0 0.4822609375 0.00278125 0.47976093750000004 0.00278125 0.4796875 0.002878125 0.4796875 0.07271875 0.48101093749999996 0.074484375 0.48101093749999996 0.07781875 0.4822609375 0.0794859375 0.4847625 0.0794859375 0.4872640625 0.082821875 0.48976406250000004 0.082821875 0.49226562500000004 0.08615625 0.49476718750000004 0.082821875 0.49976875 0.082821875 0.5022703125 0.08615625 0.5122734375 0.08615625 0.514775 0.0894921875 0.5197765624999999 0.0894921875 0.5210281250000001 0.087825 0.5247796874999999 0.082821875 0.5272796875 0.082821875 0.5335328125000001 0.074484375 0.5335328125000001 0.06781406250000001 0.5360343750000001 0.06447968750000001 0.5360343750000001 0.0544734375 0.538534375 0.0511390625 0.538534375 0.0478046875 0.5410359375 0.04446875 0.5410359375 0.0377984375 0.537284375 0.032796874999999996 0.5347828125 0.032796874999999996 0.5322828125 0.0294609375 0.5272796875 0.0294609375 0.5260296875 0.031128125 0.5260296875 0.034464062499999996 0.523528125 0.0377984375 0.523528125 0.041134375 0.5210281250000001 0.04446875 0.5210281250000001 0.0478046875 0.514775 0.056142187499999996 0.507271875 0.056142187499999996 0.5047703125 0.05280625 0.5022703125 0.05280625 0.49976875 0.049471875 0.4972671875 0.049471875 0.4960171875 0.0478046875 0.4960171875 0.04446875 0.493515625 0.041134375 0.4960171875 0.0377984375 0.4960171875 0.034464062499999996 0.507271875 0.01945625 0.5172765625 0.01945625 0.5197765624999999 0.022790625000000002 0.5322828125 0.022790625000000002 0.5360343750000001 0.0177890625 0.5360343750000001 0.01111875 0.5397859375 0.006115625 0.5472890625 0.006115625 0.551875 0 0.48434687500000007 0
19 0.507271875 0.01945625 0.493515625 0.0377984375 0.493515625 0.04446875 0.5022703125 0.056142187499999996 0.5047703125 0.056142187499999996 0.507271875 0.059476562499999996 0.514775 0.059476562499999996 0.516025 0.057809374999999996 0.5185265625000001 0.0544734375 0.5185265625000001 0.0511390625 0.5210281250000001 0.0478046875 0.5210281250000001 0.04446875 0.523528125 0.041134375 0.523528125 0.0377984375 0.5260296875 0.034464062499999996 0.5260296875 0.02779375 0.5247796874999999 0.0261265625 0.5222781249999999 0.0261265625 0.5197765624999999 0.022790625000000002 0.5172765625 0.022790625000000002 0.514775 0.01945625 0.507271875 0.01945625
17 0.4847625 0.28959375 0.4822609375 0.28625781250000004 0.4796875 0.28625781250000004 0.4796875 0.30293281250000004 0.4822609375 0.30293281250000004 0.48351249999999996 0.301265625 0.4885140625 0.2945953125 0.4885140625 0.29126093750000004 0.4872640625 0.28959375 0.4847625 0.28959375
3 0.9674625000000001 0.43966874999999994 0.9649625000000001 0.44300468750000005 0.9599593750000001 0.44300468750000005 0.95120625 0.4546765625 0.95120625 0.4580125 0.9549578125 0.4630140625 0.9562078125 0.461346875 0.9562078125 0.4580125 0.958709375 0.4546765625 0.958709375 0.4513421875 0.9599593750000001 0.44967499999999994 0.9674625000000001 0.44967499999999994 0.9687140624999999 0.4513421875 0.9687140624999999 0.4546765625 0.9724656250000001 0.4596796875 0.973715625 0.4580125 0.973715625 0.4546765625 0.9712140625 0.4513421875 0.9712140625 0.44133750000000005 0.9699640625000001 0.43966874999999994 0.9674625000000001 0.43966874999999994
3 0.9624609375000001 0.4129890625 0.9599593750000001 0.40965468749999995 0.95245625 0.40965468749999995 0.94995625 0.4129890625 0.9474546875 0.4129890625 0.9362 0.427996875 0.9362 0.44133750000000005 0.9399515624999999 0.4463390625 0.9424531249999999 0.4463390625 0.9437031250000001 0.44467187499999994 0.944953125 0.44300468750000005 0.9474546875 0.44300468750000005 0.95245625 0.43633437500000005 0.9549578125 0.43633437500000005 0.9649625000000001 0.42299375 0.9774671875 0.42299375 0.9799687499999999 0.4263296875 0.98121875 0.4246625 0.98121875 0.4179921875 0.9774671875 0.4129890625 0.974965625 0.4129890625 0.9724656250000001 0.40965468749999995 0.9649625000000001 0.40965468749999995 0.9624609375000001 0.4129890625
17 0.898684375 0.2078859375 0.898684375 0.20455 0.8949328124999999 0.19954687499999998 0.8899312500000001 0.19954687499999998 0.8861796875 0.20455 0.8899312500000001 0.209553125 0.8974343749999999 0.209553125 0.898684375 0.2078859375
17 0.8711734375000001 0.2312296875 0.8711734375000001 0.2379 0.8724234375 0.2395671875 0.874925 0.2395671875 0.877425 0.242903125 0.8924312499999999 0.242903125 0.8936828125 0.2412359375 0.8949328124999999 0.2395671875 0.8974343749999999 0.2395671875 0.898684375 0.2379 0.898684375 0.2245609375 0.8961828125 0.221225 0.8961828125 0.21789062499999998 0.8949328124999999 0.2162234375 0.8924312499999999 0.2195578125 0.8849281250000001 0.2195578125 0.882428125 0.2162234375 0.8799265625 0.2162234375 0.8736734374999999 0.2245609375 0.8736734374999999 0.2278953125 0.8711734375000001 0.2312296875
6 0.4796875 1 0.4796875 0.5296875 0 0.5296875 0 1 0.4796875 1
6 1 0.6915250000000001 0.4796875 0.6915250000000001 0.4796875 1 1 1 1 0.6915250000000001