6 0 0 0 0.44455625000000004 0.13793906250000001 0.4438328125 0.3014875 0.248865625 0.321615625 0.0468765625 0.30975 0 0 0
22 0 0.41852812500000003 0.1882625 0.3085859375 0.16561874999999998 0.2067125 0.0599421875 0.20495468749999998 0 0.2515390625 0 0.41852812500000003
12 0.06792187499999999 0 0.0638296875 0.020940624999999997 0.0658640625 0.0721 0.10558125 0.16163125 0.14427812499999998 0.1872125 0.20028593749999998 0.18579062500000001 0.253240625 0.15452656250000002 0.2858265625 0.0266265625 0.2769234375 0 0.06792187499999999 0
12 0 0.42048281249999997 0.1666828125 0.3207953125 0.1758453125 0.3080078125 0.15547968750000002 0.2625296875 0.15547968750000002 0.21136875000000002 0.10761875000000001 0.1985828125 0.0587359375 0.20426562499999998 0 0.243928125 0 0.42048281249999997
12 0.18602968749999998 0.3023203125 0.20639531249999998 0.2767421875 0.22269062499999998 0.24832031250000003 0.23083749999999997 0.2198953125 0.24509375000000003 0.188634375 0.248146875 0.1673171875 0.23185625 0.1673171875 0.1972296875 0.1900515625 0.1727921875 0.1900515625 0.16362656250000002 0.20284375 0.15140625000000002 0.239790625 0.15547968750000002 0.245478125 0.15547968750000002 0.25684687500000003 0.1615890625 0.2767421875 0.1738109375 0.29948125000000003 0.1768640625 0.30374218750000004 0.18602968749999998 0.3023203125
6 0.5 0 0.5 0.459375 1 0.459375 1 0 0.5 0
22 1 0.086625 0.6488515625 0.0695703125 0.56255625 0.1150578125 0.5682171874999999 0.180715625 0.5 0.238728125 0.5 0.24762187500000002 0.5287984375 0.29724062500000004 0.9122453125 0.252421875 1 0.24636718750000003 1 0.086625
22 1 0.24668281250000001 0.9158312499999999 0.25063124999999997 0.640959375 0.381634375 0.8029437500000001 0.458575 0.9229953125 0.44423593749999996 1 0.392575 1 0.24668281250000001
13 0.27633593749999996 0.7359046874999999 0.2753171875 0.734546875 0.2753171875 0.73183125 0.27328125000000003 0.729115625 0.2753171875 0.7264015625 0.2753171875 0.7236859375 0.278371875 0.7196125 0.2804078125 0.7196125 0.2834625 0.7155390625 0.2834625 0.7128234375 0.2854984375 0.710109375 0.2854984375 0.70739375 0.2875359375 0.704678125 0.2875359375 0.6829546875 0.2753171875 0.6666624999999999 0.2753171875 0.6639484375 0.27226249999999996 0.659875 0.2702265625 0.659875 0.267171875 0.6558015625 0.267171875 0.6530859375 0.2641171875 0.6490140625 0.26208125 0.6490140625 0.2539359375 0.6381515624999999 0.2518984375 0.6381515624999999 0.24986250000000002 0.6354359374999999 0.245790625 0.6354359374999999 0.2417171875 0.63000625 0.22542656249999998 0.63000625 0.223390625 0.632721875 0.22135312499999998 0.632721875 0.211171875 0.6462984374999999 0.2091359375 0.6462984374999999 0.199971875 0.6585171875 0.199971875 0.6612328125 0.1958984375 0.6666624999999999 0.1958984375 0.6720937499999999 0.1938625 0.6748093749999999 0.1938625 0.6883859375 0.19182656250000002 0.6911015625 0.19182656250000002 0.704678125 0.1938625 0.70739375 0.1938625 0.7372625 0.2091359375 0.757628125 0.211171875 0.757628125 0.2132078125 0.7603421875 0.22746249999999998 0.7603421875 0.22949843749999999 0.7630578125 0.23153593749999998 0.7630578125 0.23357187499999998 0.7657734375 0.23764375000000001 0.7657734375 0.23968124999999998 0.7684890625 0.245790625 0.7684890625 0.2468078125 0.76713125 0.2478265625 0.7657734375 0.2580078125 0.7657734375 0.26208125 0.7603421875 0.2641171875 0.7603421875 0.266153125 0.757628125 0.2702265625 0.757628125 0.2742984375 0.752196875 0.278371875 0.752196875 0.2814265625 0.7481234375 0.2814265625 0.74269375 0.2793890625 0.739978125 0.2793890625 0.7372625 0.278371875 0.7359046874999999 0.27633593749999996 0.7359046874999999
17 0.0472453125 0.609640625 0.0472453125 0.6313640625 0.04928125 0.6340796875 0.04928125 0.63679375 0.0523359375 0.6408671874999999 0.0645546875 0.6408671874999999 0.066590625 0.6435828124999999 0.0869546875 0.6435828124999999 0.088990625 0.6462984374999999 0.10935312500000001 0.6462984374999999 0.11139062500000001 0.6490140625 0.121571875 0.6490140625 0.122590625 0.64765625 0.122590625 0.644940625 0.1246265625 0.642225 0.1246265625 0.6340796875 0.122590625 0.6313640625 0.122590625 0.61235625 0.121571875 0.6109984374999999 0.0869546875 0.6109984374999999 0.0849171875 0.6137140624999999 0.0747359375 0.6137140624999999 0.0727 0.6109984374999999 0.054371875 0.6109984374999999 0.0523359375 0.6082828124999999 0.0482625 0.6082828124999999 0.0472453125 0.609640625
7 0.4596078125 0.692459375 0.45553437499999994 0.692459375 0.45349843749999996 0.695175 0.44331718750000004 0.695175 0.44127968749999996 0.6978890625 0.4290625 0.6978890625 0.42702656250000004 0.7006046875 0.4249890625 0.7006046875 0.422953125 0.7033203125 0.4209171875 0.7033203125 0.4198984375 0.704678125 0.4198984375 0.7128234375 0.422953125 0.716896875 0.4514625 0.716896875 0.45349843749999996 0.7196125 0.4636796875 0.7196125 0.4657171875 0.722328125 0.46775312500000005 0.722328125 0.4697890625 0.72504375 0.4820078125 0.72504375 0.48404375 0.722328125 0.4881171875 0.722328125 0.49015312499999997 0.72504375 0.4962625 0.72504375 0.4972796875 0.7236859375 0.4982984375 0.722328125 0.5 0.722328125 0.5 0.681596875 0.48404375 0.681596875 0.4820078125 0.6843125 0.46775312500000005 0.6843125 0.4636796875 0.68974375 0.46164375 0.68974375 0.4596078125 0.692459375
7 0.41887968750000004 0.776634375 0.4148078125 0.776634375 0.41277187499999995 0.77391875 0.4086984375 0.77391875 0.40666250000000004 0.7712046875 0.4046265625 0.7712046875 0.4025890625 0.7684890625 0.3985171875 0.7684890625 0.3964796875 0.7657734375 0.39444375 0.7657734375 0.3924078125 0.7630578125 0.388334375 0.7630578125 0.3862984375 0.7603421875 0.3822265625 0.7603421875 0.3801890625 0.757628125 0.37000781250000003 0.757628125 0.367971875 0.7549125 0.36593437500000003 0.757628125 0.36186250000000003 0.757628125 0.3598265625 0.7603421875 0.355753125 0.7603421875 0.3537171875 0.757628125 0.34964375 0.757628125 0.3476078125 0.7549125 0.3394625 0.7549125 0.3374265625 0.752196875 0.3313171875 0.752196875 0.32928125 0.74948125 0.321134375 0.74948125 0.3201171875 0.7508390625 0.3201171875 0.764415625 0.321134375 0.7657734375 0.323171875 0.7657734375 0.3252078125 0.7684890625 0.32928125 0.7684890625 0.3313171875 0.7712046875 0.33335312500000003 0.7712046875 0.3353890625 0.77391875 0.3374265625 0.77391875 0.3394625 0.776634375 0.3414984375 0.776634375 0.343534375 0.77935 0.34964375 0.77935 0.35168125 0.782065625 0.3537171875 0.782065625 0.354734375 0.7834234375 0.354734375 0.7861390625 0.356771875 0.7888546875 0.356771875 0.7915687499999999 0.3598265625 0.7956421875 0.36593437500000003 0.7956421875 0.367971875 0.7983578125 0.37000781250000003 0.7983578125 0.37204375 0.8010734375 0.3740796875 0.8010734375 0.3761171875 0.8037890624999999 0.3801890625 0.8037890624999999 0.3822265625 0.8065031250000001 0.3862984375 0.8065031250000001 0.388334375 0.80921875 0.3924078125 0.80921875 0.39444375 0.8119343750000001 0.3985171875 0.8119343750000001 0.40055312499999995 0.81465 0.4046265625 0.81465 0.40666250000000004 0.8173656250000001 0.4086984375 0.8173656250000001 0.410734375 0.8200796875 0.41277187499999995 0.8200796875 0.4148078125 0.8227953125 0.4249890625 0.8227953125 0.42600781249999997 0.8214375 0.42600781249999997 0.8187234374999999 0.4321171875 0.8105765625 0.4321171875 0.8078609374999999 0.43415312500000003 0.8051453125 0.43415312500000003 0.80243125 0.4361890625 0.7997156249999999 0.4361890625 0.7861390625 0.435171875 0.78478125 0.433134375 0.78478125 0.43109843750000004 0.782065625 0.4290625 0.782065625 0.42702656250000004 0.77935 0.4209171875 0.77935 0.41887968750000004 0.776634375
13 0.3526984375 0.7861390625 0.3526984375 0.7834234375 0.35168125 0.782065625 0.3476078125 0.782065625 0.343534375 0.776634375 0.3414984375 0.776634375 0.3394625 0.77391875 0.3374265625 0.77391875 0.3353890625 0.7712046875 0.3313171875 0.7712046875 0.32928125 0.7684890625 0.3252078125 0.7684890625 0.323171875 0.7657734375 0.31706249999999997 0.7657734375 0.3140078125 0.769846875 0.3140078125 0.7725625 0.311971875 0.7752765625 0.31604375 0.7807078125 0.31604375 0.7834234375 0.3201171875 0.7888546875 0.3201171875 0.7915687499999999 0.3262265625 0.7997156249999999 0.3262265625 0.80243125 0.33335312500000003 0.8119343750000001 0.3353890625 0.8119343750000001 0.3374265625 0.81465 0.343534375 0.81465 0.3486265625 0.8214375 0.3486265625 0.82686875 0.3537171875 0.8336578125 0.35778906250000003 0.8336578125 0.3588078125 0.8323 0.3588078125 0.82686875 0.36084375 0.8241531249999999 0.36084375 0.8187234374999999 0.36288125 0.8160078125 0.36288125 0.8105765625 0.3649171875 0.8078609374999999 0.3649171875 0.80243125 0.36186250000000003 0.7983578125 0.3598265625 0.7983578125 0.35778906250000003 0.7956421875 0.355753125 0.7956421875 0.354734375 0.7942843749999999 0.354734375 0.7888546875 0.3526984375 0.7861390625
18 0.3476078125 0.7304734374999999 0.3486265625 0.729115625 0.3526984375 0.7236859375 0.3526984375 0.7182546875 0.3374265625 0.6978890625 0.3353890625 0.6978890625 0.3262265625 0.710109375 0.3262265625 0.7155390625 0.32724375 0.716896875 0.32928125 0.716896875 0.33233437499999996 0.7209703125 0.33233437499999996 0.7236859375 0.33335312500000003 0.72504375 0.3374265625 0.72504375 0.3414984375 0.7304734374999999 0.3476078125 0.7304734374999999
17 0.47182500000000005 0.776634375 0.4758984375 0.776634375 0.47691718749999995 0.7752765625 0.478953125 0.7725625 0.478953125 0.76713125 0.48098906250000006 0.764415625 0.4748796875 0.7562703125 0.4748796875 0.7535546875 0.4697890625 0.746765625 0.4657171875 0.746765625 0.46469843749999995 0.7481234375 0.46469843749999995 0.7562703125 0.466734375 0.758984375 0.466734375 0.764415625 0.468771875 0.76713125 0.468771875 0.7725625 0.47182500000000005 0.776634375
13 0.4148078125 0.7304734374999999 0.40666250000000004 0.7196125 0.390371875 0.7196125 0.388334375 0.722328125 0.3822265625 0.722328125 0.3801890625 0.72504375 0.378153125 0.72504375 0.3761171875 0.7277578124999999 0.3740796875 0.7277578124999999 0.3710265625 0.73183125 0.3710265625 0.739978125 0.36593437500000003 0.746765625 0.36186250000000003 0.746765625 0.36084375 0.7481234375 0.36593437500000003 0.7549125 0.37000781250000003 0.7549125 0.37204375 0.757628125 0.3822265625 0.757628125 0.3842625 0.7603421875 0.39444375 0.7603421875 0.3954625 0.758984375 0.3964796875 0.757628125 0.40055312499999995 0.757628125 0.4025890625 0.7549125 0.40666250000000004 0.7549125 0.410734375 0.74948125 0.41277187499999995 0.74948125 0.4148078125 0.746765625 0.41684374999999996 0.746765625 0.423971875 0.7372625 0.423971875 0.734546875 0.422953125 0.7331890624999999 0.41887968750000004 0.7331890624999999 0.41684374999999996 0.7304734374999999 0.4148078125 0.7304734374999999
17 0.3394625 0.752196875 0.3476078125 0.752196875 0.3486265625 0.7508390625 0.3506625 0.7481234375 0.3486265625 0.7454078125 0.3486265625 0.739978125 0.3476078125 0.7386203124999999 0.3394625 0.7386203124999999 0.3374265625 0.7413359374999999 0.32928125 0.7413359374999999 0.32724375 0.74405 0.323171875 0.74405 0.322153125 0.7454078125 0.322153125 0.7481234375 0.323171875 0.74948125 0.3374265625 0.74948125 0.3394625 0.752196875
7 0.47989531249999995 0.9395562500000001 0.47785781250000003 0.9395562500000001 0.475821875 0.942271875 0.47074375 0.9432921875 0.4676765625 0.9449859375 0.465640625 0.9449859375 0.46364687499999996 0.946346875 0.46156718750000003 0.9477015625 0.458609375 0.94899375 0.4554578125 0.9504171875 0.453421875 0.9531328125 0.44731249999999995 0.9531328125 0.44425781249999996 0.9572062499999999 0.44425781249999996 0.9626359375 0.44629531250000004 0.9653515625000001 0.44629531250000004 0.9680671875 0.44731249999999995 0.969425 0.4513859375 0.969425 0.45240468749999996 0.9680671875 0.4583046875 0.9618249999999999 0.46440937499999996 0.96223125 0.46853125 0.959278125 0.46845468749999997 0.9609078125 0.4697125 0.966709375 0.47378593750000003 0.966709375 0.475821875 0.96399375 0.47785781250000003 0.96399375 0.47989531249999995 0.961278125 0.49618593750000006 0.961278125 0.49822187500000004 0.96399375 0.5 0.96399375 0.5 0.922078125 0.49822187500000004 0.9232640625 0.4900765625 0.9286937500000001 0.48702187500000005 0.9327671875 0.48396718749999995 0.936840625 0.48193125 0.936840625 0.47989531249999995 0.9395562500000001
7 0.2505953125 0.8087078125 0.2450171875 0.8279546874999999 0.24517656250000003 0.834653125 0.24557500000000002 0.83890625 0.24908125 0.8408203125 0.250834375 0.8420953125 0.2529859375 0.8406078125 0.2545 0.8425218750000001 0.26215 0.8454984375000001 0.2657375 0.8461359375 0.26796875 0.8466687500000001 0.27115625 0.8495390625000001 0.277371875 0.8530484375 0.284384375 0.8555999999999999 0.2916359375 0.859215625 0.29354843750000004 0.8577265625000001 0.29410625 0.8587890625 0.2932296875 0.8599593750000001 0.3000828125 0.8641062500000001 0.3065375 0.8658078124999999 0.3131515625 0.86368125 0.317215625 0.86346875 0.3275765625 0.8667640625 0.339609375 0.8701671875000001 0.3430359375 0.8715484375000001 0.343434375 0.8730375 0.3452671875 0.8737828125 0.3473390625 0.87325 0.34845468749999997 0.8734624999999999 0.3492515625 0.8743140625000001 0.3502078125 0.87335625 0.3534359375 0.8593546875 0.3519609375 0.8587890625 0.349809375 0.8569828125000001 0.3477375 0.8562375 0.346303125 0.85645 0.3395296875 0.851878125 0.32638124999999996 0.8458171875 0.31960625 0.8426281250000001 0.315621875 0.834653125 0.3131515625 0.8311437500000001 0.309884375 0.8295484375 0.30279218750000003 0.827209375 0.25736875000000003 0.80658125 0.25354375 0.8060499999999999 0.2505953125 0.8087078125
2 0.1582265625 0.8906796874999999 0.156190625 0.8879640625 0.1521171875 0.8879640625 0.15008125 0.8906796874999999 0.1480453125 0.8906796874999999 0.14702656249999999 0.8920375 0.14702656249999999 0.894753125 0.142953125 0.9001828125 0.142953125 0.9028984375 0.14091718749999999 0.9056140625 0.14091718749999999 0.9083296875 0.13888125 0.9110453125 0.13888125 0.9164749999999999 0.1368453125 0.919190625 0.1368453125 0.9219062499999999 0.132771875 0.9273359375 0.132771875 0.9300515624999999 0.1307359375 0.9327671875 0.1307359375 0.949059375 0.131753125 0.9504171875 0.1480453125 0.9504171875 0.15008125 0.9531328125 0.154153125 0.9531328125 0.15517187500000001 0.9517749999999999 0.1572078125 0.949059375 0.1572078125 0.9381984375 0.1592453125 0.9354828124999999 0.1592453125 0.9273359375 0.16128125 0.924621875 0.16128125 0.9219062499999999 0.1633171875 0.919190625 0.1633171875 0.9164749999999999 0.165353125 0.913759375 0.165353125 0.9110453125 0.167390625 0.9083296875 0.167390625 0.8974671875 0.1622984375 0.8906796874999999 0.1582265625 0.8906796874999999
17 0.03808125 0.6680203125 0.0401171875 0.6707359375 0.042154687499999996 0.6707359375 0.043171875 0.6693781249999999 0.044190625 0.6680203125 0.0462265625 0.6680203125 0.0503 0.662590625 0.0523359375 0.662590625 0.0533546875 0.6612328125 0.0503 0.657159375 0.0462265625 0.657159375 0.044190625 0.65444375 0.034009374999999994 0.65444375 0.028917187500000004 0.6612328125 0.031971875 0.66530625 0.034009374999999994 0.66530625 0.036045312499999996 0.6680203125 0.03808125 0.6680203125
6 0.5 1 0.5 0.6838671875 0.4982984375 0.681596875 0.49422499999999997 0.681596875 0.49218906249999994 0.6843125 0.4758984375 0.6843125 0.47386249999999996 0.687028125 0.4657171875 0.687028125 0.4636796875 0.68974375 0.45553437499999994 0.68974375 0.45349843749999996 0.692459375 0.4514625 0.692459375 0.449425 0.695175 0.44127968749999996 0.695175 0.43924375 0.6978890625 0.4290625 0.6978890625 0.42702656250000004 0.695175 0.4249890625 0.695175 0.4209171875 0.68974375 0.41887968750000004 0.68974375 0.41684374999999996 0.687028125 0.410734375 0.687028125 0.4086984375 0.6843125 0.378153125 0.6843125 0.3740796875 0.68974375 0.37204375 0.687028125 0.34964375 0.687028125 0.345571875 0.692459375 0.343534375 0.692459375 0.3414984375 0.68974375 0.3394625 0.68974375 0.3374265625 0.687028125 0.3353890625 0.687028125 0.33335312500000003 0.6843125 0.3313171875 0.6843125 0.32928125 0.687028125 0.31298906249999997 0.687028125 0.310953125 0.6843125 0.30484374999999997 0.6843125 0.300771875 0.6788828125 0.2987359375 0.6788828125 0.2946625 0.6734515625 0.2905890625 0.6734515625 0.2865171875 0.6680203125 0.28448125 0.6680203125 0.28244375 0.66530625 0.2804078125 0.66530625 0.278371875 0.662590625 0.2742984375 0.662590625 0.27226249999999996 0.659875 0.2702265625 0.659875 0.26004375 0.6462984374999999 0.2580078125 0.6462984374999999 0.2539359375 0.6408671874999999 0.2518984375 0.6408671874999999 0.24986250000000002 0.6381515624999999 0.245790625 0.6381515624999999 0.24375312500000001 0.6354359374999999 0.23968124999999998 0.6354359374999999 0.23764375000000001 0.632721875 0.22949843749999999 0.632721875 0.22746249999999998 0.6354359374999999 0.22135312499999998 0.6354359374999999 0.2132078125 0.6462984374999999 0.211171875 0.6462984374999999 0.2081171875 0.650371875 0.2081171875 0.6530859375 0.2070984375 0.65444375 0.2050625 0.65444375 0.1969171875 0.66530625 0.19488125 0.662590625 0.18877187499999998 0.662590625 0.1867359375 0.659875 0.18469843749999998 0.659875 0.1816453125 0.6558015625 0.1816453125 0.6530859375 0.1796078125 0.650371875 0.1796078125 0.64765625 0.17553593750000002 0.642225 0.17553593750000002 0.639509375 0.166371875 0.627290625 0.1602625 0.627290625 0.1582265625 0.624575 0.1480453125 0.624575 0.1460078125 0.621859375 0.1399 0.621859375 0.1378625 0.6191453124999999 0.1358265625 0.6191453124999999 0.133790625 0.621859375 0.131753125 0.621859375 0.1297171875 0.6191453124999999 0.12768125 0.6191453124999999 0.11750000000000001 0.6055671874999999 0.1154625 0.6055671874999999 0.11342656250000001 0.602853125 0.10731718750000001 0.602853125 0.10528124999999999 0.6001375 0.10324531249999999 0.6001375 0.10222656249999999 0.5987796875 0.10222656249999999 0.5933484375 0.1012078125 0.591990625 0.09917187499999999 0.591990625 0.0971359375 0.5892765625 0.09509999999999999 0.591990625 0.0930625 0.591990625 0.09000781249999999 0.5960640625 0.0920453125 0.5987796875 0.087971875 0.6042109375 0.087971875 0.606925 0.08288124999999999 0.6137140624999999 0.0747359375 0.6137140624999999 0.0727 0.6109984374999999 0.0503 0.6109984374999999 0.0472453125 0.615071875 0.0472453125 0.6177875 0.044190625 0.621859375 0.0401171875 0.621859375 0.035026562500000004 0.615071875 0.035026562500000004 0.61235625 0.031971875 0.6082828124999999 0.0299359375 0.6082828124999999 0.0279 0.6055671874999999 0.023826562500000002 0.6055671874999999 0.020771875000000002 0.609640625 0.020771875000000002 0.61235625 0.0197546875 0.6137140624999999 0.017717187500000002 0.6137140624999999 0.01568125 0.6109984374999999 0.009571875 0.6109984374999999 0.0055 0.6164296874999999 0 0.6164296874999999 0 1 0.5 1
17 0.18775312500000002 0.85130625 0.18775312500000002 0.8485921875000001 0.18469843749999998 0.84451875 0.1806265625 0.84451875 0.177571875 0.8485921875000001 0.1806265625 0.8526640625 0.1867359375 0.8526640625 0.18775312500000002 0.85130625
17 0.165353125 0.8703140625 0.165353125 0.8757453125 0.166371875 0.877103125 0.1684078125 0.877103125 0.1704453125 0.8798187499999999 0.1826625 0.8798187499999999 0.18368125 0.8784609375000001 0.18469843749999998 0.877103125 0.1867359375 0.877103125 0.18775312500000002 0.8757453125 0.18775312500000002 0.8648843749999999 0.1857171875 0.86216875 0.1857171875 0.8594531249999999 0.18469843749999998 0.8580953125 0.1826625 0.8608109374999999 0.176553125 0.8608109374999999 0.1745171875 0.8580953125 0.17248125 0.8580953125 0.167390625 0.8648843749999999 0.167390625 0.8675984375000001 0.165353125 0.8703140625
6 1 0.7292078125 0.5 0.7449890625 0.5 1 1 1 1 0.7292078125