6 0 0 0 0.38453750000000003 0.26370625 0.383153125 0.44048906250000003 0.1724640625 0.45767968750000004 0 0 0
22 0 0.3927375 0.0352515625 0.4021375 0.3181015625 0.23700000000000002 0.29362499999999997 0.1269109375 0.17939687499999998 0.1250125 0 0.26439375 0 0.3927375
12 0.19403281249999998 0 0.2287296875 0.07819374999999999 0.2705578125 0.1058390625 0.3310984375 0.10430312500000001 0.3883390625 0.070515625 0.40630937500000003 0 0.19403281249999998 0
12 0 0.3832890625 0.0504078125 0.3638390625 0.0944375 0.3699796875 0.294775 0.25019375 0.3046796875 0.236375 0.28266562500000003 0.1872296875 0.28266562500000003 0.13194375 0.23093124999999998 0.118125 0.17809375 0.124265625 0.10984687500000001 0.1703390625 0.0614140625 0.22562500000000002 0.0129828125 0.253265625 0.001975 0.274765625 0 0.276296875 0 0.3832890625
12 0.3156890625 0.2302296875 0.337703125 0.20258906250000003 0.35531562499999997 0.171875 0.36412187500000004 0.14115781249999998 0.37953281250000004 0.107375 0.3828328125 0.08433906249999999 0.36522343749999997 0.08433906249999999 0.3277953125 0.10890781249999999 0.3013796875 0.10890781249999999 0.291471875 0.12272968749999999 0.2782640625 0.1626578125 0.28266562500000003 0.168803125 0.28266562500000003 0.1810890625 0.28926875 0.20258906250000003 0.30248125 0.22716093750000002 0.30578125 0.23176562500000003 0.3156890625 0.2302296875
26 1 0.1682328125 0.982403125 0.15027656250000002 0.938403125 0.134840625 0.9329031249999999 0.10242500000000002 0.9098 0.08544531250000001 0.8790015625 0.08544531250000001 0.8085984375 0.134840625 0.7469953125 0.12249375 0.7348953125000001 0.154909375 0.7524953125 0.1734296875 0.7414953125 0.2043046875 0.771196875 0.2089328125 0.5500906249999999 0.3586640625 0.5522890625 0.398796875 0.564825 0.4296875 1 0.4296875 1 0.1682328125
4 1 0.3665484375 0.9835046875 0.3494015625 0.970303125 0.3185296875 0.9747031249999999 0.30000625 0.9120015625000001 0.230546875 0.8283984375 0.1934984375 0.8019984375 0.1934984375 0.720596875 0.2367203125 0.5500906249999999 0.3586640625 0.5522890625 0.398796875 0.5650015625 0.4296875 1 0.4296875 1 0.3665484375
11 0.64909375 0.2043046875 0.6138921875000001 0.266046875 0.6248921875 0.29691718749999996 0.6787953124999999 0.267590625 0.715096875 0.222825 0.6897953125 0.1842359375 0.6754921875 0.1826921875 0.6897953125 0.13175625 0.6468921875 0.14873125 0.64909375 0.2043046875
11 1 0.16997500000000001 0.982403125 0.15027656250000002 0.9362031249999999 0.13175625 0.9274015625 0.09161875 0.8834015624999999 0.0823609375 0.8063984375000001 0.134840625 0.7733984375 0.1194046875 0.739296875 0.13021093749999998 0.727196875 0.230546875 0.8129984374999999 0.190409375 0.8790015625 0.21202187499999997 0.9186015624999999 0.2367203125 0.9956046875 0.36329218750000003 1 0.36555312500000003 1 0.16997500000000001
26 0.6443640625 0 0.566590625 0.070009375 0.521490625 0.1425578125 0.509375 0.1725109375 0.509375 0.4296875 1 0.4296875 1 0 0.6443640625 0
6 0 0.797896875 0.1568625 0.8183125 0.3809796875 0.8531046874999999 0.509375 0.8093125000000001 0.509375 0.4296875 0 0.4296875 0 0.797896875
6 0.8990343749999999 1 0.9030671874999999 0.987265625 0.90526875 0.9400734375 0.8854453124999999 0.8810874999999999 0.9261953125 0.8555265625 0.9383109375 0.8299671875 0.9383109375 0.7001953125 0.9239921875 0.6942953125 0.9151812500000001 0.7100265625 0.909675 0.6883953125 0.9129781250000001 0.674634375 0.9350078125 0.6864296875 0.93390625 0.653003125 0.8931531250000001 0.66676875 0.8755312500000001 0.6628359374999999 0.8733281249999999 0.6471078125 0.8601125 0.6628359374999999 0.8535031249999999 0.6313765625000001 0.8402875 0.6471078125 0.8391859374999999 0.6254765625 0.8270703125000001 0.6274421875 0.8171578125 0.590084375 0.8369828125 0.5389625 0.8347796875 0.5271640625 0.7962328125 0.5055375 0.7797125 0.52323125 0.7786109375 0.5409296875 0.7631890625 0.5448625 0.72574375 0.5212687500000001 0.7147281249999999 0.552728125 0.664065625 0.552728125 0.65635625 0.61368125 0.6376328124999999 0.6353093750000001 0.6387343750000001 0.6215437500000001 0.6111984374999999 0.56845625 0.5737515625 0.5409296875 0.549521875 0.5409296875 0.5484203125 0.483909375 0.5332359375 0.4296875 0.509375 0.4296875 0.509375 1 0.8766328124999999 1 0.8766328124999999 0.9164796875000001 0.8601125 0.9145140625 0.857909375 0.883053125 0.8347796875 0.8771546875 0.8502000000000001 0.8692890625 0.857909375 0.8319328125000001 0.8590109375000001 0.8535609375 0.8788359375000001 0.8771546875 0.8788359375000001 0.912546875 0.8964578124999999 0.9243453125000001 0.8832421874999999 0.9400734375 0.8942546874999999 0.9479390625 0.8810390625 0.9715328124999999 0.8898484375000001 0.9833328124999999 0.8851812499999999 1 0.8990343749999999 1