6 0.3901921875 0 0.30645625 0.056517187499999996 0.25289375000000003 0.056517187499999996 0.20230625 0.065409375 0.1517203125 0.12587187500000002 0.0222765625 0.189890625 0 0.20165937500000003 0 0.4890625 0.5296875 0.4890625 0.5296875 0 0.3901921875 0
6 1 0.480003125 0.9931374999999999 0.468715625 0.9910890625000001 0.4504625 0.98289375 0.44316093749999996 0.9808453125 0.42855781249999997 0.9757234374999999 0.41943125 0.9603578125000001 0.41760624999999996 0.958309375 0.38839999999999997 0.94396875 0.366496875 0.94396875 0.3263390625 0.938846875 0.3099109375 0.893775 0.30260937499999996 0.8732875 0.3099109375 0.84255625 0.306259375 0.8343609375 0.3135609375 0.8292390624999999 0.300784375 0.837434375 0.28983125 0.8394828125 0.275228125 0.8323124999999999 0.2624515625 0.8200203125 0.25515 0.811825 0.25880000000000003 0.7995328125000001 0.240546875 0.7892890625 0.240546875 0.7841671875 0.24602343750000003 0.7749484375 0.2770546875 0.7524124999999999 0.2624515625 0.7298765625 0.25880000000000003 0.7155343750000001 0.2770546875 0.6991453125 0.2770546875 0.696071875 0.28983125 0.6929984375 0.29530781250000004 0.6889015625 0.29165625 0.68070625 0.3135609375 0.649975 0.3135609375 0.6376828125 0.28800625 0.6233421875 0.29165625 0.616171875 0.300784375 0.614121875 0.3263390625 0.6038796875 0.333640625 0.6059281249999999 0.3445921875 0.595684375 0.3628453125 0.5915859375 0.3810984375 0.585440625 0.3810984375 0.583546875 0.4890625 1 0.4890625 1 0.480003125
13 0.8138734375000001 0.3245125 0.8015812499999999 0.3281640625 0.7944109375 0.3482421875 0.7749484375 0.37927343750000003 0.756509375 0.371971875 0.7524124999999999 0.3610203125 0.7339734375 0.3756234375 0.7257781249999999 0.3756234375 0.72065625 0.3591953125 0.726803125 0.3482421875 0.7134859375 0.3427671875 0.7011937500000001 0.3464171875 0.697096875 0.3245125 0.6725109375 0.3135609375 0.649975 0.3172125 0.6376828125 0.29165625 0.6274390624999999 0.29165625 0.6182203125 0.304434375 0.616171875 0.32998906250000004 0.6120734375 0.3445921875 0.5977328125 0.3628453125 0.5895374999999999 0.4066546875 0.5895374999999999 0.4723671875 0.5937015625 0.4890625 0.8470734375 0.4890625 0.8476781250000001 0.48331875 0.8476781250000001 0.41760624999999996 0.837434375 0.3810984375 0.8353859375000001 0.35554375 0.828215625 0.335465625 0.8138734375000001 0.3245125
18 0.8138734375000001 0.3172125 0.8200203125 0.3245125 0.8302640625000001 0.3245125 0.8353859375000001 0.3153859375 0.8210453125000001 0.275228125 0.797484375 0.236896875 0.787240625 0.236896875 0.7739234374999999 0.27887968750000003 0.7739234374999999 0.3190375 0.78211875 0.35189375 0.788265625 0.35554375 0.8056796875 0.3208625 0.8138734375000001 0.3172125
18 0.9419203125 0.366496875 0.94396875 0.3482421875 0.94396875 0.3226875 0.938846875 0.3099109375 0.8917265625 0.30260937499999996 0.8630437499999999 0.3135609375 0.8558734375 0.3226875 0.8558734375 0.337290625 0.8650921874999999 0.3573703125 0.8896765625 0.371971875 0.90401875 0.368321875 0.9142625000000001 0.37927343750000003 0.9357734375 0.3774484375 0.9419203125 0.366496875
13 0.8773843749999999 0.3610203125 0.8712390624999999 0.3610203125 0.851775 0.403003125 0.8528 0.4084796875 0.9316765625000001 0.4139546875 0.9357734375 0.41030468750000004 0.9327 0.404828125 0.9060671875 0.37927343750000003 0.8917265625 0.3756234375 0.8773843749999999 0.3610203125
6 0.5296875 1 0.5296875 0.770546875 0.4550484375 0.7418125 0.3338578125 0.7312828125 0.2068390625 0.8032359375 0.13935 0.9389796875 0.132259375 0.9787250000000001 0.1413828125 1 0.5296875 1
6 1 0.4890625 0.7134890625 0.4890625 0.7134890625 0.5096859375 0.710415625 0.5143 0.689928125 0.5204515625 0.6755875 0.5173765625 0.6673921875 0.5204515625 0.66534375 0.5266031250000001 0.638709375 0.5266031250000001 0.6325640625 0.5389062499999999 0.620271875 0.5450578125 0.6151500000000001 0.5558234375 0.614125 0.5911953125 0.6120765625 0.572740625 0.609003125 0.5865812499999999 0.599784375 0.5911953125 0.58339375 0.58504375 0.569053125 0.5911953125 0.5567609375 0.5788921874999999 0.5547125 0.5819671875 0.5424203125 0.572740625 0.5296875 0.574478125 0.5296875 1 1 1 1 0.4890625
20 0.56495625 0.6434828125000001 0.5588093749999999 0.63733125 0.548565625 0.63733125 0.5296875 0.6853906249999999 0.5296875 0.713565625 0.5362734375 0.723453125 0.6028578125 0.7280671875 0.6151500000000001 0.7034609374999999 0.6131015625 0.697309375 0.6171984375 0.6604 0.56495625 0.6434828125000001
20 0.6151500000000001 0.561975 0.6171984375 0.595809375 0.6438312500000001 0.6019609375 0.639734375 0.5558234375 0.648953125 0.5450578125 0.6673921875 0.5450578125 0.6725140625 0.5650515625 0.6817328125000001 0.5788921874999999 0.70631875 0.5758156249999999 0.735 0.5819671875 0.7503656249999999 0.5435203125 0.760609375 0.5312171875 0.7647078125 0.5189140625 0.7554875 0.5050734375 0.7390984375 0.5050734375 0.6223203125000001 0.5419828125 0.6151500000000001 0.561975
14 0.639734375 0.5589000000000001 0.6417828125 0.5896578124999999 0.6479296875 0.6081125000000001 0.6479296875 0.6265671875 0.6212953125 0.6542484375 0.6171984375 0.6634765625 0.6171984375 0.6880828125 0.6315390625 0.75575 0.66636875 0.8234171874999999 0.660221875 0.8664781250000001 0.66534375 0.8772437500000001 0.6786609375 0.8757046875000001 0.690953125 0.8664781250000001 0.69505 0.8234171874999999 0.7042703125 0.8095765625 0.7493421875 0.8065 0.7544640625000001 0.8018859375 0.7544640625000001 0.795734375 0.7360249999999999 0.7249921875 0.7360249999999999 0.7126890625 0.7175859375 0.6296421875 0.6786609375 0.5773546875 0.6632953125000001 0.5419828125 0.6551 0.5419828125 0.64485625 0.548134375 0.639734375 0.5589000000000001
14 1 0.8823000000000001 0.9982625 0.8676937499999999 0.9910921874999999 0.8569281249999999 0.9726531250000001 0.8477 0.9521656249999999 0.844625 0.941921875 0.8323218750000001 0.9234843749999999 0.8261703125000001 0.8784124999999999 0.8261703125000001 0.8558749999999999 0.835396875 0.792365625 0.8138671875 0.7472921875 0.8077156249999999 0.710415625 0.8107906249999999 0.7022203124999999 0.8169421874999999 0.69505 0.8430875 0.6868546875 0.990725 0.6847953125 1 1 1 1 0.8823000000000001
14 0.6479296875 0.623490625 0.64485625 0.6065734375 0.5895406249999999 0.58811875 0.5772484375 0.5942703125000001 0.5465171875 0.5911953125 0.5403703125 0.572740625 0.5296875 0.57915625 0.5296875 0.618603125 0.5321765625 0.6158015625 0.5403703125 0.6158015625 0.5670046875 0.6434828125000001 0.610028125 0.6588625 0.619246875 0.6573249999999999 0.6479296875 0.623490625
14 1 0.4890625 0.9456031250000001 0.4890625 0.9449953125 0.5127625 0.9521656249999999 0.5266031250000001 0.982896875 0.5266031250000001 0.9910921874999999 0.53583125 0.9982625 0.53429375 1 0.533953125 1 0.4890625
14 0.7677796875 0.646559375 0.7759750000000001 0.6404078125 0.7882671875 0.6434828125000001 0.791340625 0.6388703125 0.7739265625 0.6034984375 0.7554875 0.5942703125000001 0.741146875 0.5942703125000001 0.72578125 0.6173390624999999 0.72578125 0.6296421875 0.731928125 0.6419453125000001 0.7278296875 0.6604 0.7390984375 0.6834687500000001 0.7524140625 0.6880828125 0.7677796875 0.646559375
14 0.6827578125 0.58350625 0.7042703125 0.60965 0.7093906249999999 0.6081125000000001 0.72680625 0.5942703125000001 0.729878125 0.58350625 0.72680625 0.5788921874999999 0.70631875 0.5758156249999999 0.68583125 0.5788921874999999 0.6827578125 0.58350625
14 0.712421875 0.4890625 0.711440625 0.5096859375 0.7145125 0.5143 0.7196343749999999 0.5127625 0.73705 0.5050734375 0.745775 0.4890625 0.712421875 0.4890625
14 0.9060703125 0.49123124999999995 0.9173375 0.523528125 0.9449953125 0.5219890625 0.9449953125 0.4890625 0.9047859375 0.4890625 0.9060703125 0.49123124999999995
7 0.7892921875 0.6204156249999999 0.791340625 0.6019609375 0.78724375 0.58350625 0.80773125 0.561975 0.8118281250000001 0.53736875 0.7985109375 0.5173765625 0.782121875 0.5143 0.7739265625 0.523528125 0.7636828125 0.5266031250000001 0.7503656249999999 0.546596875 0.7360249999999999 0.5896578124999999 0.76573125 0.597346875 0.7800734375 0.60965 0.7841703125 0.621953125 0.7892921875 0.6204156249999999
7 0.7882671875 0.511225 0.801584375 0.49123124999999995 0.801584375 0.4890625 0.74670625 0.4890625 0.742171875 0.4973828125 0.7431953124999999 0.501996875 0.7595859375 0.5050734375 0.7677796875 0.5204515625 0.7769999999999999 0.5189140625 0.7882671875 0.511225
13 1 0.5588046875 0.982896875 0.53583125 0.941921875 0.523528125 0.8784124999999999 0.5296796875 0.8712406250000001 0.5404453124999999 0.86714375 0.5681265625 0.857925 0.5819671875 0.8435828125 0.5942703125000001 0.8189984375 0.6034984375 0.7933890625 0.63579375 0.78724375 0.672703125 0.7790484375 0.697309375 0.791340625 0.7034609374999999 0.7790484375 0.7403703125 0.7790484375 0.75575 0.78724375 0.792659375 0.802609375 0.8126515624999999 0.8149015625 0.818803125 0.8712406250000001 0.8234171874999999 0.8907046875000001 0.818803125 0.902996875 0.8034250000000001 0.9173375 0.818803125 0.933728125 0.818803125 0.9388500000000001 0.8111140625000001 0.94909375 0.7526734375 0.9654828125 0.718840625 0.977775 0.672703125 1 0.6393375 1 0.5588046875
14 0.9654828125 0.795734375 0.9757265625 0.7742046874999999 0.973678125 0.7619015625000001 0.9665078125000001 0.7511359375 0.9562640625000001 0.7511359375 0.94909375 0.7619015625000001 0.9388500000000001 0.8111140625000001 0.92860625 0.8234171874999999 0.941921875 0.8280312500000001 0.94806875 0.8372578125000001 0.9572875 0.8357203125 0.963434375 0.8234171874999999 0.9654828125 0.795734375