0 0 0 0 0.5 0.509375 0.5 0.509375 0 0 0
1 0.4290765625 0.18871875 0.4290765625 0.18479218749999998 0.42515000000000003 0.1818484375 0.42253125 0.1818484375 0.4199140625 0.1838109375 0.417296875 0.1838109375 0.41598750000000007 0.18479218749999998 0.41598750000000007 0.18675625 0.41075156249999994 0.19068281250000002 0.41075156249999994 0.1926453125 0.40813437500000005 0.194609375 0.40813437500000005 0.1965734375 0.40551562499999994 0.1985359375 0.40551562499999994 0.20049999999999998 0.40028125000000003 0.2044265625 0.40028125000000003 0.2063890625 0.3950453125 0.210315625 0.3950453125 0.2122796875 0.392428125 0.21424218750000001 0.392428125 0.21816874999999997 0.3963546875 0.2211140625 0.4042078125 0.2211140625 0.40551562499999994 0.2201328125 0.40551562499999994 0.21816874999999997 0.40813437500000005 0.21620625000000002 0.40813437500000005 0.21424218750000001 0.41075156249999994 0.2122796875 0.41075156249999994 0.210315625 0.41598750000000007 0.2063890625 0.41598750000000007 0.2044265625 0.41860468749999996 0.2024625 0.41860468749999996 0.20049999999999998 0.4212234375 0.1985359375 0.4212234375 0.1965734375 0.4264578125 0.1926453125 0.4264578125 0.19068281250000002 0.4290765625 0.18871875
6 0.509375 0 0.509375 0.5 1 0.5 1 0 0.509375 0
3 1 0.2780625 0.9177687499999999 0.1877546875 0.7450218750000001 0.19404531249999998 0.6334015625 0.23359843749999998 0.6822046875 0.2884125 0.6884875 0.420528125 0.775121875 0.5 1 0.5 1 0.2780625
13 0.7415484375 0 0.509375 0.2750609375 0.509375 0.4025578125 0.5335390624999999 0.368625 0.5607593750000001 0.37334375 0.5827453125 0.40165468750000005 0.603684375 0.3434609375 0.6455609375 0.374915625 0.6863921875 0.36705156250000004 0.6801109375000001 0.2899859375 0.6319515625000001 0.2459484375 0.6560312500000001 0.20505468750000003 0.740834375 0.19090000000000001 0.9146265625 0.19090000000000001 1 0.2644109375 1 0.063625 0.9035125 0 0.7415484375 0
6 0.14910625 1 0.14910625 0.9501453124999999 0.12455156249999999 0.7464484375 0.1088375 0.7533531250000001 0.0970515625 0.80859375 0.09312187499999999 0.80859375 0.085265625 0.7809734374999999 0.07937187500000001 0.77406875 0.07740781249999999 0.7809734374999999 0.0734796875 0.760259375 0.0636578125 0.7671640625 0.058746875 0.8051406249999999 0.0538359375 0.80859375 0.050889062500000005 0.7982359375 0.048925 0.736090625 0.041067187500000005 0.6946609375 0.041067187500000005 0.6670421875 0.038120312499999996 0.656684375 0.026334375 0.6497796874999999 0.0145484375 0.6497796874999999 0.0106203125 0.6635890625 0.0047265625 0.656684375 0 0.6733 0 1 0.14910625 1
6 0.4873796875 1 0.48874531250000003 0.9892046875 0.5061093750000001 0.8397703125 0.509375 0.8214062500000001 0.509375 0.5 0.47113125 0.5 0.462996875 0.57668125 0.4222796875 0.572471875 0.395334375 0.67139375 0.38156249999999997 0.658765625 0.355215625 0.6019375 0.3162953125 0.70506875 0.260159375 1 0.4873796875 1
13 0.0880578125 1 0.086246875 0.9363359375 0.08231875 0.9087156249999999 0.0558 0.829309375 0.03615625 0.794784375 0.02240625 0.8154984375 0.0145484375 0.80859375 0 0.8142765624999999 0 0.887084375 0.0017796875 0.89490625 0.0037453124999999995 0.99848125 0.0036 1 0.0880578125 1
13 0.14910625 1 0.14910625 0.9501453124999999 0.12946249999999998 0.7982359375 0.1274984375 0.7499015625000001 0.1206234375 0.7395437499999999 0.11276562500000001 0.7464484375 0.0980328125 0.7982359375 0.0980328125 0.8327609375 0.10589062499999999 0.9018109375 0.10589062499999999 0.9915765625 0.10948593749999999 1 0.14910625 1
13 0.10948593749999999 1 0.10589062499999999 0.9915765625 0.10589062499999999 0.9018109375 0.09999843750000001 0.839665625 0.0872296875 0.7809734374999999 0.0734796875 0.7533531250000001 0.065621875 0.7533531250000001 0.054817187499999996 0.8120468750000001 0.0567828125 0.8327609375 0.0842828125 0.9156203125 0.0882109375 0.99848125 0.0885 1 0.10948593749999999 1
13 0 0.7432125 0.0027625 0.7464484375 0.0145484375 0.725734375 0.0214234375 0.7291859374999999 0.018476562499999998 0.7533531250000001 0.006690625 0.7533531250000001 0.005709375 0.7637109375 0.00865625 0.77406875 0.026334375 0.794784375 0.038120312499999996 0.794784375 0.045978124999999995 0.8154984375 0.052853125 0.8189515625 0.050889062500000005 0.7499015625000001 0.0469609375 0.7153765625 0.041067187500000005 0.7015671875 0.04303125 0.6670421875 0.040084375 0.6497796874999999 0.018476562499999998 0.6428734375 0.0106203125 0.6497796874999999 0 0.6756234375 0 0.7432125
13 0.350453125 0.80859375 0.36322031250000003 0.82585625 0.37500625 0.770615625 0.37500625 0.75680625 0.37107812500000004 0.7499015625000001 0.3789359375 0.736090625 0.3789359375 0.6739468750000001 0.3720609375 0.63596875 0.35830937500000004 0.6290640625 0.3524171875 0.6083484375 0.34259531249999997 0.656684375 0.3327734375 0.67049375 0.32196875 0.7084718750000001 0.31804062499999997 0.770615625 0.3327734375 0.7671640625 0.350453125 0.80859375
5 0.36715 0.9432406249999999 0.3691140625 0.8534765625 0.3563453125 0.8154984375 0.32884375 0.760259375 0.3131296875 0.787878125 0.3101828125 0.7982359375 0.3101828125 0.8534765625 0.3141125 0.9225265625000001 0.31804062499999997 0.9432406249999999 0.3327734375 0.9674078125 0.351434375 0.9708609375 0.3622390625 0.960503125 0.36715 0.9432406249999999
13 0.3799171875 0.891453125 0.3828640625 0.8880015625000001 0.410365625 0.79133125 0.4025078125 0.7499015625000001 0.4231328125 0.70501875 0.4270625 0.70501875 0.42804374999999995 0.68775625 0.4250984375 0.6773984375000001 0.40938281249999997 0.6843046875 0.39563281250000004 0.6773984375000001 0.3867921875 0.7084718750000001 0.3730421875 0.7844265625 0.37107812500000004 0.8120468750000001 0.36715 0.8189515625 0.3691140625 0.8534765625 0.3799171875 0.891453125
12 0.40938281249999997 0.787878125 0.417240625 0.8016890625 0.42804374999999995 0.7982359375 0.45554531249999997 0.770615625 0.45554531249999997 0.7153765625 0.45063437500000003 0.6773984375000001 0.4329546875 0.691209375 0.40447187500000004 0.7499015625000001 0.40938281249999997 0.787878125
13 0.38353125 1 0.38482812499999997 0.99848125 0.3897390625 0.98121875 0.40545468749999997 0.9743140625000001 0.4250984375 0.98121875 0.43491875 0.9535984375 0.45063437500000003 0.94669375 0.45554531249999997 0.8880015625000001 0.4388484375 0.8569281249999999 0.4270625 0.8569281249999999 0.4192046875 0.84311875 0.41822187499999997 0.8327609375 0.42411562500000005 0.8120468750000001 0.4192046875 0.8016890625 0.40938281249999997 0.8016890625 0.3966140625 0.839665625 0.3769703125 0.9432406249999999 0.3769703125 0.9846703124999999 0.38133125 1 0.38353125 1
13 0.4270625 0.6152546875 0.42411562500000005 0.639421875 0.41232968750000004 0.6670421875 0.41331093750000003 0.6773984375000001 0.4250984375 0.6773984375000001 0.4290265625 0.691209375 0.43590156249999995 0.68775625 0.4496515625 0.6670421875 0.4496515625 0.6325171875 0.444740625 0.6014437499999999 0.4270625 0.6152546875
13 0.457509375 0.75680625 0.46242031250000004 0.7809734374999999 0.48402812500000003 0.8016890625 0.48893906249999997 0.7982359375 0.49385 0.7809734374999999 0.4997421875 0.7809734374999999 0.50661875 0.7637109375 0.4987609375 0.72228125 0.49679687499999997 0.6946609375 0.4987609375 0.68775625 0.4948328125 0.6670421875 0.500725 0.6463265625 0.49777812499999996 0.6290640625 0.49385 0.6290640625 0.48402812500000003 0.656684375 0.4722421875 0.6428734375 0.45554531249999997 0.7015671875 0.457509375 0.75680625
13 0.49003125000000003 1 0.4987609375 0.9018109375 0.504653125 0.8672859374999999 0.503671875 0.8500234375 0.4761703125 0.8569281249999999 0.46045625 0.8776437500000001 0.45358124999999994 0.9018109375 0.45161562499999997 0.9225265625000001 0.45358124999999994 0.9846703124999999 0.457428125 1 0.49003125000000003 1
6 1 0.5 0.95849375 0.5 0.9539046875 0.5360828125 0.9237093749999999 0.5293453125 0.9176453125 0.5 0.65303125 0.5 0.6653625 0.57818125 0.6150359375 0.5697625000000001 0.6329296875 0.7044828125 0.66871875 0.8223640624999999 0.6818625 1 1 1 1 0.5