6 0.45 0.0182515625 0.3034484375 0.018903125 0.054509375000000006 0.07053125 0.11623593750000001 0.229496875 0.30656875 0.2424796875 0.45 0.2436640625 0.45 0.0182515625
3 0.4071890625 0.1755859375 0.4071890625 0.1794921875 0.40084687499999994 0.182421875 0.39661875 0.182421875 0.3881625 0.178515625 0.37970625 0.182421875 0.375478125 0.18046875 0.37124999999999997 0.18046875 0.3691359375 0.1814453125 0.3691359375 0.1853515625 0.375478125 0.18828125 0.37970625 0.184375 0.383934375 0.184375 0.3860484375 0.1853515625 0.3733640625 0.1912109375 0.3733640625 0.2009765625 0.3775921875 0.2029296875 0.3775921875 0.2068359375 0.38182031250000004 0.2087890625 0.38182031250000004 0.2126953125 0.3860484375 0.2146484375 0.3860484375 0.2166015625 0.3902765625 0.2185546875 0.3902765625 0.2205078125 0.3945046875 0.2224609375 0.3945046875 0.2263671875 0.40084687499999994 0.229296875 0.417759375 0.229296875 0.4198734375 0.2283203125 0.4219875 0.22734375 0.43044374999999996 0.22734375 0.434671875 0.225390625 0.4389 0.225390625 0.44735625 0.221484375 0.45 0.221484375 0.45 0.16484375 0.44735625 0.16484375 0.443128125 0.166796875 0.43044374999999996 0.166796875 0.42621562500000004 0.16875 0.4219875 0.16875 0.4071890625 0.1755859375
16 0.1725296875 0.096484375 0.1683015625 0.096484375 0.1640734375 0.09453125 0.1598453125 0.09453125 0.1556171875 0.092578125 0.1471609375 0.092578125 0.1429328125 0.09453125 0.1344765625 0.09453125 0.13024843749999998 0.096484375 0.1260203125 0.096484375 0.1175640625 0.100390625 0.1133359375 0.100390625 0.10699375 0.1033203125 0.10699375 0.1052734375 0.102765625 0.1072265625 0.102765625 0.1111328125 0.10699375 0.1130859375 0.10699375 0.1208984375 0.111221875 0.1228515625 0.111221875 0.1267578125 0.1133359375 0.127734375 0.12179218750000001 0.127734375 0.13659062500000002 0.1345703125 0.13659062500000002 0.1365234375 0.1429328125 0.139453125 0.1556171875 0.139453125 0.1598453125 0.14140625 0.1683015625 0.14140625 0.17041562500000002 0.1404296875 0.1725296875 0.139453125 0.1809859375 0.139453125 0.19578281250000001 0.1326171875 0.19578281250000001 0.1287109375 0.2000109375 0.1267578125 0.2000109375 0.1189453125 0.20423906249999998 0.1169921875 0.2000109375 0.1150390625 0.2000109375 0.1091796875 0.19578281250000001 0.1072265625 0.19578281250000001 0.1052734375 0.1894421875 0.10234375 0.1852140625 0.10234375 0.1725296875 0.096484375
12 0.09008125 0.1482421875 0.0921953125 0.14921875 0.0964234375 0.14921875 0.1006515625 0.151171875 0.1260203125 0.151171875 0.128134375 0.1501953125 0.1323625 0.1482421875 0.1323625 0.1462890625 0.13659062500000002 0.1443359375 0.13659062500000002 0.1345703125 0.12179218750000001 0.127734375 0.0964234375 0.127734375 0.085853125 0.1326171875 0.085853125 0.1345703125 0.081625 0.1365234375 0.081625 0.1384765625 0.085853125 0.1404296875 0.085853125 0.1443359375 0.09008125 0.1462890625 0.09008125 0.1482421875
16 0.40008437499999994 0.0635203125 0.4052015625 0.0402 0.4161671875 0.027020312499999997 0.4256703125 0.0195859375 0.40958750000000005 0.0124875 0.38473125 0.006404687500000001 0.3680765625 0.018375 0.3554890625 0.0249921875 0.328440625 0.0344546875 0.303584375 0.0479734375 0.2626453125 0.0733203125 0.236328125 0.0952875 0.2326734375 0.10576406249999999 0.2443703125 0.1128609375 0.2743421875 0.1199578125 0.31966875 0.12266250000000001 0.3372140625 0.11725468750000001 0.3598765625 0.097990625 0.3788828125 0.0800796875 0.40008437499999994 0.0635203125
16 0.16687812500000002 0.1635546875 0.1493328125 0.15747187499999998 0.1288625 0.160175 0.1125 0.1688640625 0.1259390625 0.17436875000000002 0.141290625 0.180453125 0.14421562500000001 0.1861984375 0.1390984375 0.19599843749999998 0.16322187500000002 0.2122203125 0.2048921875 0.22573906250000003 0.2290171875 0.23148437500000002 0.2253625 0.2250625 0.2173203125 0.20748906250000002 0.22170625 0.190253125 0.237059375 0.180790625 0.2012375 0.16997656249999998 0.16687812500000002 0.1635546875
17 0.375478125 0.153125 0.3775921875 0.1521484375 0.383934375 0.14921875 0.39661875 0.14921875 0.3987328125 0.1482421875 0.3987328125 0.1443359375 0.39661875 0.143359375 0.3881625 0.143359375 0.383934375 0.1453125 0.37970625 0.1453125 0.375478125 0.147265625 0.37124999999999997 0.147265625 0.3649078125 0.1501953125 0.3649078125 0.1521484375 0.367021875 0.153125 0.375478125 0.153125
17 0.4367859375 0.1560546875 0.42832968749999994 0.1599609375 0.42832968749999994 0.1619140625 0.4219875 0.16484375 0.417759375 0.162890625 0.40507499999999996 0.162890625 0.40084687499999994 0.1609375 0.383934375 0.1609375 0.37970625 0.158984375 0.358565625 0.158984375 0.3522234375 0.1619140625 0.3522234375 0.1697265625 0.3564515625 0.1716796875 0.3564515625 0.1755859375 0.3606796875 0.1775390625 0.3606796875 0.1794921875 0.3649078125 0.1814453125 0.3649078125 0.1833984375 0.3691359375 0.1853515625 0.3691359375 0.1873046875 0.375478125 0.190234375 0.392390625 0.190234375 0.3945046875 0.1892578125 0.40296093749999995 0.1873046875 0.40296093749999995 0.1833984375 0.4071890625 0.1814453125 0.4071890625 0.1794921875 0.4114171875 0.1775390625 0.4114171875 0.1755859375 0.4156453125 0.1736328125 0.4156453125 0.1716796875 0.42621562500000004 0.166796875 0.443128125 0.166796875 0.44735625 0.16484375 0.45 0.16484375 0.45 0.140184375 0.4452421875 0.1423828125 0.4452421875 0.1482421875 0.4410140625 0.1501953125 0.4410140625 0.1521484375 0.4367859375 0.1541015625 0.4367859375 0.1560546875
17 0.392390625 0.252734375 0.39661875 0.252734375 0.3987328125 0.2517578125 0.3987328125 0.2498046875 0.39661875 0.248828125 0.392390625 0.248828125 0.3902765625 0.2498046875 0.3902765625 0.2517578125 0.392390625 0.252734375
6 0.45 0 0.45 0.5296875 1 0.5296875 1 0 0.45 0
6 1 0.7910359375 0.97734375 0.7820578125 0.991015625 0.730653125 0.98125 0.6895359375 0.945115625 0.6706859374999999 0.9197265625 0.6980984375 0.8787125 0.6672578125 0.8582046875 0.61414375 0.869921875 0.5798765625 0.8650375 0.554171875 0.8337890625 0.61243125 0.8171890625 0.5627390625 0.7888671875 0.5336125 0.7205078125 0.61243125 0.693165625 0.6809671875000001 0.682421875 0.6586890624999999 0.6765609375 0.5764484375000001 0.6580078125 0.5610265625 0.6355453125 0.5832984375 0.627734375 0.6518390625 0.6082046875 0.7066671875 0.5583984375 0.7118078125 0.53984375 0.7477890625 0.53984375 0.77863125 0.5125 0.8163265624999999 0.514453125 0.8471671875 0.5388671875 0.9037124999999999 0.5837890625 0.93798125 0.7859375 0.9533984375 0.9080078125 0.9345531250000001 1 0.8942015624999999 1 0.7910359375
16 0.6384765625 0.7186625 0.6482421875 0.73579375 0.6570296875 0.73408125 0.6677734375 0.7118078125 0.686328125 0.6929578125 0.686328125 0.679253125 0.682421875 0.668971875 0.682421875 0.6312765625 0.68046875 0.6278484375 0.678515625 0.5832984375 0.6765609375 0.573021875 0.6658203125 0.5610265625 0.650196875 0.5610265625 0.639453125 0.573021875 0.6296890625 0.6004359375 0.627734375 0.6586890624999999 0.623828125 0.668971875 0.6296890625 0.71009375 0.6384765625 0.7186625
16 0.74296875 0.75464375 0.7654296875 0.7392218749999999 0.781053125 0.7118078125 0.8044921875 0.7118078125 0.8191421875 0.6895359375 0.826953125 0.6621171875 0.830859375 0.62099375 0.825 0.5832984375 0.8083984375 0.5473171875 0.7869140625 0.5301859375 0.7654296875 0.5473171875 0.7283203125 0.61928125 0.705859375 0.6484125 0.701953125 0.6621171875 0.6980453125 0.6929578125 0.701953125 0.71009375 0.74296875 0.75464375
3 0.8621078125 0.8951437500000001 0.8621078125 0.9054265625 0.8582046875 0.9122765625 0.85918125 0.9311265625 0.9050765625 0.9328390625 0.9294921875 0.924271875 0.9460921875 0.8814359375 0.951953125 0.85059375 0.962696875 0.8420265625000001 0.9656265625 0.8334625000000001 0.9675765625 0.8060437500000001 0.9656265625 0.7923390625 0.943165625 0.7529312499999999 0.923634375 0.7426484375 0.9080078125 0.7426484375 0.893359375 0.758071875 0.889453125 0.7683484375 0.89140625 0.7991937499999999 0.8875 0.8197531250000001 0.873828125 0.8711578125000001 0.8621078125 0.8951437500000001
3 0.7888671875 0.80433125 0.7400375 0.7666359375 0.69706875 0.7049531250000001 0.6794921875 0.7186625 0.67168125 0.7186625 0.662890625 0.730653125 0.6550765625 0.75464375 0.647265625 0.8060437500000001 0.6619140625 0.8385984375 0.712696875 0.8523078125 0.7439453125 0.8728718750000001 0.7615234375 0.8934312500000001 0.772265625 0.8917171875 0.78984375 0.8197531250000001 0.7888671875 0.80433125
16 0.725390625 0.9568265625000001 0.7849609375 0.9551125 0.8044921875 0.9516859375 0.807421875 0.9431218749999999 0.7302734375 0.8660171875 0.6990234375 0.84888125 0.6638671875 0.845453125 0.6443359375 0.82489375 0.627734375 0.8300359374999999 0.621875 0.86773125 0.6355453125 0.8917171875 0.6375 0.9054265625 0.6316421875 0.9328390625 0.6365234375 0.9414078124999999 0.6658203125 0.9448359375000001 0.6892578125 0.9585390625000001 0.725390625 0.9568265625000001
16 0.5300765625 0.8711578125000001 0.5359375 0.8917171875 0.5427734375 0.9002859375 0.54668125 0.9105624999999999 0.550584375 0.9105624999999999 0.5603515625 0.9208437500000001 0.56328125 0.9191312500000001 0.57206875 0.9174171875000001 0.575 0.9122765625 0.576953125 0.8608765625 0.5867203125 0.8334625000000001 0.5867203125 0.8128984375 0.5837890625 0.80433125 0.5798828125 0.80433125 0.5642578125 0.7906265625 0.5369140625 0.7871984375000001 0.5349609375 0.783771875 0.52715 0.7871984375000001 0.514453125 0.8060437500000001 0.5105453125 0.82318125 0.5125 0.8368859375 0.51640625 0.85059375 0.5300765625 0.8711578125000001
16 0.94706875 0.7563578125 0.96465 0.7906265625 0.9695296875 0.7889125 0.9724609375 0.7871984375000001 0.9871078125 0.758071875 0.991015625 0.7375078125 0.9890609375 0.7032390625 0.9744140625 0.6775390625 0.9666 0.6706859374999999 0.945115625 0.6706859374999999 0.9373046875 0.6775390625 0.9265609375 0.6963859375 0.9226578125 0.7066671875 0.9207046875 0.7272265625000001 0.916796875 0.7375078125 0.923634375 0.7392218749999999 0.9353515625 0.749503125 0.9412125 0.749503125 0.94706875 0.7563578125
3 0.830859375 0.6347031249999999 0.830859375 0.6518390625 0.8210921875 0.6963859375 0.8025375 0.7152359374999999 0.8015609375 0.723803125 0.820115625 0.7529312499999999 0.825 0.7512171875 0.825 0.7375078125 0.8298828125 0.7323671875 0.837696875 0.7392218749999999 0.861134375 0.7426484375 0.8748046875 0.7529312499999999 0.8875 0.7717765625 0.900196875 0.7460765625 0.9099609375 0.7426484375 0.91484375 0.73408125 0.9207046875 0.7032390625 0.9080078125 0.6809671875000001 0.8923828125 0.6741125 0.8884765625 0.6672578125 0.8855453125 0.6723984375 0.8875 0.6861078125 0.88456875 0.687821875 0.8796890625 0.6723984375 0.873828125 0.668971875 0.8621078125 0.624421875 0.8572265625 0.6158578125 0.8494140625 0.61243125 0.830859375 0.6347031249999999