0 0 0.61875 0.2245265625 0.61875 0.5296875 0.557146875 0.5296875 0.064959375 0.4450453125 0.0320546875 0.16540468749999998 0.079978125 0.0974375 0.24835625 0.09258125 0.43357343750000005 0.1993890625 0.46465781249999993 0.2120125 0.537190625 0 0.5770578125 0 0.61875
1 0.2583859375 0.5199874999999999 0.25725937499999996 0.5201234375 0.23893749999999997 0.5483140625 0.2403546875 0.5534765625 0.2428140625 0.5551171874999999 0.24721875 0.5548437500000001 0.2645328125 0.52723125 0.26238125 0.52299375 0.2583859375 0.5199874999999999
1 0.26361093750000003 0.43719062500000005 0.2569234375 0.44153906249999997 0.27037187500000004 0.47683125000000004 0.2721140625 0.476284375 0.2757 0.47464375 0.279490625 0.47095312500000003 0.2668890625 0.43678125 0.26361093750000003 0.43719062500000005
1 0.4313375 0.478909375 0.43162500000000004 0.47955 0.4350875 0.4798078125 0.43931875 0.47967812500000007 0.4399921875 0.477625 0.43903125000000004 0.46081562500000006 0.43835781249999994 0.43605 0.43556875 0.4355375 0.43277968749999995 0.43451093749999997 0.429221875 0.43232968749999995 0.428740625 0.435921875 0.4313375 0.478909375
1 0.42056562499999994 0.3801046875 0.4155640625 0.367271875 0.41344843750000004 0.36834375 0.41162187499999997 0.370525 0.4104671875 0.3710375 0.40883281250000003 0.3719359375 0.40719843750000007 0.3741171875 0.4070046875 0.3761703125 0.4217515625 0.40536874999999994 0.42431718749999997 0.403971875 0.42787499999999995 0.4012765625 0.429509375 0.3988390625 0.42056562499999994 0.3801046875
1 0.37065156250000003 0.1287296875 0.365746875 0.133990625 0.3653625 0.13707031249999999 0.37565312500000003 0.15875625 0.37575625 0.15898125000000002 0.3780578125 0.158628125 0.380846875 0.1555484375 0.38277031250000004 0.1522125 0.37276875 0.12860156250000002 0.37065156250000003 0.1287296875
1 0.4671625 0.22547968749999997 0.4689875 0.2231734375 0.47311718750000004 0.2177921875 0.47513281249999995 0.2131796875 0.4789734375 0.20754375 0.47878125000000005 0.20549374999999998 0.47532500000000005 0.1990875 0.47282812500000004 0.198703125 0.46418593750000003 0.2126671875 0.45785 0.22330156250000002 0.4583296875 0.2270171875 0.46333906249999995 0.2309328125 0.4671625 0.22547968749999997
6 1 0.22829375000000002 0.998384375 0.22743750000000001 0.963553125 0.21755624999999998 0.9560890625 0.2057 0.9436500000000001 0.20372343750000002 0.9262343749999999 0.19186562499999998 0.90633125 0.189890625 0.8864281249999999 0.180009375 0.8068156249999999 0.16419843750000002 0.769496875 0.16222343749999998 0.7421296875000001 0.17012812500000002 0.7147625 0.189890625 0.694859375 0.19384218749999998 0.657540625 0.180009375 0.625196875 0.181984375 0.6152453125 0.1740796875 0.5965859375 0.18495 0.60405 0.1928546875 0.5928546875 0.19186562499999998 0.567975 0.22150937499999998 0.544340625 0.22249687499999998 0.546828125 0.2284265625 0.5343890625000001 0.2442359375 0.5296875 0.24714062499999997 0.5296875 0.4585328125 0.577928125 0.46458281250000005 0.5953421875 0.46458281250000005 0.60031875 0.4586546875 0.6077828125 0.466559375 0.6276859375 0.4724875 0.67993125 0.47446406249999995 0.6824203125 0.4784171875 0.7072984375 0.47644062500000006 0.7147625 0.48632187499999996 0.7620328125 0.49620312499999997 0.866525 0.5100359375 0.8988671874999999 0.5100359375 0.9759921874999999 0.5238703124999999 1 0.52635625 1 0.22829375000000002
17 0.618978125 0.4497625 0.6836640625 0.45964218749999997 0.7296890625 0.444821875 0.75456875 0.446796875 0.770740625 0.43592812500000006 0.8379140625 0.37861875 0.8578171875 0.3252609375 0.8565734375 0.31439062500000003 0.8304500000000001 0.3311890625 0.7968640625 0.363796875 0.7421296875000001 0.3776296875 0.7296890625 0.37565312500000003 0.6824203125 0.425059375 0.6500765625 0.40925 0.64385625 0.41221406250000003 0.618978125 0.4497625
17 0.693615625 0.2877125 0.712275 0.2689390625 0.769496875 0.286725 0.7806921874999999 0.26992656249999997 0.78815625 0.242259375 0.8068156249999999 0.2472 0.813034375 0.2442359375 0.810546875 0.23633125000000002 0.7894 0.21755624999999998 0.7595453125 0.21558125 0.7097859375 0.22546249999999998 0.7085421875 0.2600453125 0.6911265625 0.27783125000000003 0.6886390625 0.2877125 0.693615625 0.2877125
13 0.8329375000000001 0.3865234375 0.83418125 0.3914640625 0.8453781250000001 0.390475 0.9411625000000001 0.35589218749999996 0.9697734375 0.3311890625 0.923746875 0.2966046875 0.90633125 0.2966046875 0.8640375 0.31043906250000003 0.8329375000000001 0.3865234375
13 0.8864281249999999 0.37960625000000003 0.8217421874999999 0.3934390625 0.7782046874999999 0.43 0.8714999999999999 0.4428453125 0.8926484374999999 0.455690625 0.8976234375000001 0.394428125 0.8864281249999999 0.37960625000000003
13 0.7371531250000001 0.17210468750000002 0.712275 0.19186562499999998 0.698590625 0.19482968750000002 0.698590625 0.200759375 0.7048109375 0.2057 0.71725 0.2057 0.7160062500000001 0.210640625 0.7222265625000001 0.2136046875 0.7371531250000001 0.2057 0.7595453125 0.2136046875 0.7894 0.21558125 0.8217421874999999 0.24522343750000003 0.8391578125000001 0.22150937499999998 0.8478656250000001 0.2501640625 0.8764765625000001 0.25312812500000004 0.890159375 0.2659734375 0.8951359374999999 0.2798078125 0.9050874999999999 0.28178437500000003 0.9162828125000001 0.2748671875 0.9386734375 0.2807953125 0.9486265625 0.27881875 0.962309375 0.26202187499999996 0.9299671875 0.242259375 0.9324546874999999 0.2244734375 0.9150390625 0.20866406249999997 0.9200156249999999 0.20471093749999997 0.9175265625 0.19878281250000002 0.8864281249999999 0.181984375 0.851596875 0.1780328125 0.8068156249999999 0.16419843750000002 0.7645203125 0.16222343749999998 0.7371531250000001 0.17210468750000002
17 0.7894 0.3618203125 0.8142781250000001 0.33810625 0.8603046875 0.307475 0.8777203124999999 0.28178437500000003 0.887671875 0.2758546875 0.887671875 0.2659734375 0.8789640625 0.2551046875 0.8590609375 0.24917656250000003 0.850353125 0.25609375 0.7632765625 0.345021875 0.7383968750000001 0.3628078125 0.7359093750000001 0.3726890625 0.7483484375 0.374665625 0.7894 0.3618203125
6 0 0.9482328125 0.1340171875 0.943321875 0.32293125 0.8692249999999999 0.41798437499999996 0.793446875 0.4678859375 0.6654609375 0.466265625 0.61875 0 0.61875 0 0.9482328125
6 0.96875625 1 0.9808171874999999 0.9445671875 0.97884375 0.8330734375000001 0.9314781249999999 0.76405625 0.9443046875000001 0.762728125 0.9630531250000001 0.7295453125 0.983646875 0.61875 0.5296875 0.61875 0.5296875 1 0.96875625 1
16 0.6716546875 0.686165625 0.68311875 0.6604687499999999 0.6821640625 0.6373421875 0.678215625 0.61875 0.5296875 0.61875 0.5296875 0.7171234375 0.5541609375000001 0.7182890625 0.6181640625 0.736278125 0.662103125 0.7234296875 0.6649703125 0.7080109375 0.6716546875 0.686165625
14 0.9705703124999999 1 0.9808171874999999 0.9498765625000001 0.9847625000000001 0.8569687500000001 0.9729218749999999 0.8171484375 0.9364125 0.7733453124999999 0.9285171875 0.7892750000000001 0.9206218749999999 0.762728125 0.914703125 0.776 0.8791765625 0.7706937500000001 0.7272125 0.6990171875 0.7035296875 0.704328125 0.6176796875 0.8702390624999999 0.6137312500000001 0.8967859375 0.6235984375 0.9286406250000001 0.752628125 1 0.9705703124999999 1
17 0.947265625 0.7614015625 0.968975 0.7109640625 0.9852109375 0.61875 0.8956625 0.61875 0.8959531249999999 0.6207078125 0.919634375 0.6207078125 0.9176640624999999 0.6525640625 0.947265625 0.7030000000000001 0.9354250000000001 0.75078125 0.947265625 0.7614015625
17 0.6038625 0.740165625 0.5555109375 0.704328125 0.5296875 0.70710625 0.5296875 0.8668390625000001 0.530840625 0.8675843750000001 0.5476156249999999 0.8636015625000001 0.565378125 0.8290953125 0.5969562500000001 0.8290953125 0.607809375 0.777328125 0.6038625 0.740165625