0 0 0 0 0.6 0.4390625 0.6 0.4390625 0 0 0
12 0.42030781250000004 0.1485796875 0.42030781250000004 0.157725 0.42335625 0.1600125 0.42335625 0.164584375 0.4309765625 0.1703 0.43402343749999994 0.1703 0.437071875 0.1725875 0.4390625 0.1725875 0.4390625 0.1360046875 0.437071875 0.1360046875 0.43402343749999994 0.138290625 0.4309765625 0.138290625 0.42335625 0.1440078125 0.42335625 0.14629375 0.42030781250000004 0.1485796875
6 0.4390625 0 0.4390625 0.6 1 0.6 1 0 0.4390625 0
22 0.4545421875 0 0.457896875 0.1542359375 0.919359375 0.17963437499999999 0.9424296875 0.0760875 0.9474734375 0 0.4545421875 0
22 0.4581328125 0.227734375 0.45371875 0.6 0.9013843749999999 0.6 0.9424296875 0.5082453124999999 0.9449953125 0.35195 0.9449953125 0.224959375 0.7296453125 0.18979375 0.46302343749999997 0.19760781249999998 0.4581328125 0.227734375
12 0.933053125 0.260434375 0.916525 0.220378125 0.8864796875 0.211225 0.7753 0.20206875000000002 0.6070296875000001 0.20206875000000002 0.507871875 0.20664687499999998 0.47632343749999995 0.22381250000000003 0.45228437499999996 0.370296875 0.45228437499999996 0.6 0.9200250000000001 0.6 0.933053125 0.500759375 0.9300484375 0.4870265625 0.9120203124999999 0.4732953125 0.9120203124999999 0.454984375 0.9360593749999999 0.4275171875 0.933053125 0.260434375
9 0.45714375 0 0.4552890625 0.01553125 0.4943515625 0.04070625 0.47632343749999995 0.06130624999999999 0.47632343749999995 0.08190625 0.515384375 0.1231046875 0.5559484375 0.1471375 0.6115375000000001 0.1505703125 0.6881609375 0.1379828125 0.7783046875 0.149425 0.8654453125 0.1471375 0.9030046875 0.12768125 0.9270437499999999 0.09106093750000001 0.9300484375 0.036128125 0.9152265625 0 0.45714375 0
22 0.33170781250000003 0.9228999999999999 0.36090468750000004 0.83161875 0.4390625 0.8705 0.4390625 0.7628999999999999 0.41686562499999996 0.756159375 0.4390625 0.747303125 0.4390625 0.6 0.251184375 0.6 0.22789687500000003 0.6393156249999999 0.24411718750000003 0.7634593749999999 0.20032187499999998 0.778065625 0.22302968750000002 0.8632625 0.33170781250000003 0.9228999999999999
6 0.15068125000000002 1 0.1640203125 0.9679703125 0.2130421875 0.8801 0.2988296875 0.9414031250000001 0.3478515625 0.91279375 0.3614671875 0.8555765624999999 0.4390625 0.9102046874999999 0.4390625 0.6 0 0.6 0 0.960046875 0.0741484375 0.9986218750000001 0.07935 1 0.15068125000000002 1
9 0.06768125 0.9072484375000001 0.090578125 0.8522984375 0.11118593750000001 0.7458328125 0.14781875 0.61875625 0.142459375 0.6 0.0974765625 0.6 0.049365625 0.6599703124999999 0.0287578125 0.7080515625 0.008151562499999999 0.7904796875 0.0035734375 0.8694703125000001 0.027614062499999998 0.902096875 0.06768125 0.9072484375000001
6 1 0.6 0.521059375 0.6 0.5190875 0.6014796875 0.5160390625 0.6014796875 0.512990625 0.6037656250000001 0.503846875 0.6037656250000001 0.5007984375000001 0.6014796875 0.49775156249999997 0.6037656250000001 0.49273125 0.6 0.4661953125 0.6 0.4642234375 0.6014796875 0.461175 0.6014796875 0.456603125 0.604909375 0.456603125 0.6071953125 0.45050625 0.61176875 0.45050625 0.6163406250000001 0.44745937500000005 0.6186281250000001 0.44745937500000005 0.63691875 0.44593437500000005 0.6380609374999999 0.4428875 0.6380609374999999 0.43983906250000004 0.6403484374999999 0.4390625 0.6403484374999999 0.4390625 0.7804 0.43983906250000004 0.77981875 0.4428875 0.77981875 0.4444109375 0.7809609375 0.4444109375 0.785534375 0.44745937500000005 0.7878203125 0.44745937500000005 0.7946796875000001 0.45050625 0.796965625 0.45050625 0.803825 0.44745937500000005 0.8061109375 0.44745937500000005 0.8083984375 0.4390625 0.8146968749999999 0.4390625 1 1 1 1 0.6
13 0.8676281250000001 0.9088109375 0.8654999999999999 0.90480625 0.8588453125 0.902140625 0.866465625 0.8964234375 0.8695140625000001 0.8964234375 0.8725609375 0.8987109375 0.8786578125 0.8987109375 0.88170625 0.900996875 0.8847531249999999 0.900996875 0.8902609375000001 0.9076328124999999 0.89479375 0.9078453124999999 0.9012140625 0.9047265624999999 0.904234375 0.8992703125 0.9060296875 0.8943796875000001 0.9029125 0.8936703125 0.8984703125 0.8929937499999999 0.8984703125 0.888421875 0.895421875 0.8861359375 0.895421875 0.8815625 0.8984703125 0.8792765625 0.8984703125 0.8747031249999999 0.9015171875 0.8724171875 0.9015171875 0.8678437499999999 0.893896875 0.8621281249999999 0.89085 0.8621281249999999 0.8878015625 0.8598421875 0.8847531249999999 0.8598421875 0.8786578125 0.8552687499999999 0.875609375 0.8552687499999999 0.8695140625000001 0.850696875 0.866465625 0.850696875 0.8603703125 0.8461234375 0.857321875 0.8461234375 0.85275 0.8426937499999999 0.85275 0.8404078125 0.8542734375000001 0.8392640625000001 0.866465625 0.8392640625000001 0.8695140625000001 0.84155 0.8725609375 0.84155 0.875609375 0.8438375 0.89085 0.8438375 0.8923734375000001 0.8426937499999999 0.8923734375000001 0.8358343749999999 0.889325 0.8335484375 0.889325 0.8312625 0.8862781249999999 0.828975 0.8862781249999999 0.822115625 0.8842187499999999 0.818653125 0.8821406250000001 0.815959375 0.875609375 0.8164 0.866465625 0.8164 0.8634171875 0.8141140625000001 0.8603703125 0.8141140625000001 0.857321875 0.8118281250000001 0.84208125 0.8118281250000001 0.8390328125 0.8141140625000001 0.8298890625 0.8141140625000001 0.8268421874999999 0.8164 0.8237937499999999 0.8164 0.8207453125 0.8186859375 0.817696875 0.8186859375 0.8116015624999999 0.8232593749999999 0.8085531250000001 0.8232593749999999 0.8024578124999999 0.8278328125 0.799409375 0.8278328125 0.7917890625 0.8335484375 0.7917890625 0.8358343749999999 0.788740625 0.8381203125000001 0.788740625 0.8404078125 0.78569375 0.8426937499999999 0.78569375 0.8449796875000001 0.7826453124999999 0.8472671875 0.7826453124999999 0.8518390625000001 0.779596875 0.8541265625 0.779596875 0.8724171875 0.7765500000000001 0.8747031249999999 0.7765500000000001 0.8792765625 0.779596875 0.8815625 0.779596875 0.8838484375 0.7826453124999999 0.8861359375 0.7826453124999999 0.888421875 0.78569375 0.8907078125 0.78569375 0.8929937499999999 0.8009328124999999 0.9044265625 0.8009328124999999 0.9067125 0.81465 0.9170015625 0.8207453125 0.9170015625 0.8237937499999999 0.9192875 0.8298890625 0.9192875 0.8329375000000001 0.921575 0.8390328125 0.921575 0.8405578125 0.92043125 0.8405578125 0.9181453125000001 0.84360625 0.9158578125 0.84360625 0.9112859375 0.8451296875000001 0.9101421875 0.8481781249999999 0.9101421875 0.851225 0.90785625 0.8568140625 0.910121875 0.8589421875 0.908315625 0.860453125 0.9103 0.8582812499999999 0.9127796874999999 0.8539375 0.9143390625000001 0.8574984375 0.9186890625 0.8632578125 0.9217359374999999 0.8676281250000001 0.9088109375
17 0.9452203125 0.798175 0.9510156249999999 0.79481875 0.9427609374999999 0.79125 0.9397125000000001 0.79125 0.9381875000000001 0.79239375 0.9370218749999999 0.7949437500000001 0.9400031249999999 0.8007234375 0.9452203125 0.798175
17 0.9427609374999999 0.8324046875000001 0.9458078125 0.8324046875000001 0.9473328125 0.8312625 0.9473328125 0.8266890625000001 0.9458078125 0.8255453125000001 0.9427609374999999 0.8255453125000001 0.9412359374999999 0.8266890625000001 0.9412359374999999 0.8312625 0.9427609374999999 0.8324046875000001
17 0.944284375 0.8472671875 0.9349500000000001 0.8555046875000001 0.9366640625 0.8598421875 0.9381875000000001 0.8586984375 0.944284375 0.8541265625 0.944284375 0.8518390625000001 0.953428125 0.8449796875000001 0.953428125 0.8426937499999999 0.959525 0.8381203125000001 0.959525 0.8358343749999999 0.9625718750000001 0.8335484375 0.9625718750000001 0.8312625 0.9610484375 0.8301187499999999 0.9519046875000001 0.8301187499999999 0.9503796875000001 0.8312625 0.9503796875000001 0.8358343749999999 0.944284375 0.8404078125 0.944284375 0.8472671875
17 0.9412359374999999 0.8106843749999999 0.944284375 0.8129703125000001 0.944284375 0.8152578125 0.9473328125 0.8175437499999999 0.9473328125 0.8198296875000001 0.9488562500000001 0.8209734375 0.9610484375 0.8209734375 0.9640968750000001 0.8232593749999999 0.9701921875 0.8232593749999999 0.9717156250000001 0.822115625 0.9747640625 0.8198296875000001 0.9747640625 0.8129703125000001 0.9778125 0.8106843749999999 0.9778125 0.8083984375 0.958 0.7935359375 0.9549515625 0.7935359375 0.9519046875000001 0.7958234375 0.9488562500000001 0.7958234375 0.9473328125 0.796965625 0.9473328125 0.799253125 0.9458078125 0.8003953125000001 0.9427609374999999 0.8003953125000001 0.9412359374999999 0.8015390625000001 0.9412359374999999 0.8106843749999999
13 0.9046593749999999 0.8015390625000001 0.8985640625 0.8061109375 0.8985640625 0.8083984375 0.9031359374999999 0.8118281250000001 0.9122796875000001 0.8118281250000001 0.9153281249999999 0.809540625 0.924471875 0.809540625 0.9275203125000001 0.8118281250000001 0.93056875 0.8118281250000001 0.9320921875 0.8106843749999999 0.9336156250000001 0.809540625 0.9397125000000001 0.809540625 0.9412359374999999 0.8083984375 0.9412359374999999 0.8015390625000001 0.9381875000000001 0.799253125 0.9381875000000001 0.796965625 0.9366640625 0.7958234375 0.9336156250000001 0.7958234375 0.93056875 0.7935359375 0.9092328125 0.7935359375 0.9077078125 0.7946796875000001 0.9077078125 0.796965625 0.9046593749999999 0.799253125 0.9046593749999999 0.8015390625000001
15 0.887878125 0.7769078125 0.8871218750000001 0.779034375 0.9142390625000001 0.7821 0.9124265625 0.77995625 0.887878125 0.7769078125
15 0.8643671875000001 0.775915625 0.875696875 0.7776875000000001 0.8766421875000001 0.7756328124999999 0.8652828124999999 0.774065625 0.8643671875000001 0.775915625
15 0.8426515625000001 0.7701749999999999 0.8424609375 0.7706234375000001 0.842178125 0.7727265625 0.8581359375 0.775065625 0.8604015625000001 0.7734359375000001 0.8426515625000001 0.7701749999999999
17 0.8665593749999999 0.7363765625 0.87113125 0.732946875 0.87113125 0.7238015625 0.8680843749999999 0.721515625 0.8680843749999999 0.719228125 0.8665593749999999 0.7180859374999999 0.857415625 0.7180859374999999 0.8543671875 0.720371875 0.848271875 0.720371875 0.8452234375 0.7180859374999999 0.8269359375 0.7180859374999999 0.8238875 0.720371875 0.8177921874999999 0.720371875 0.8147437500000001 0.7226578124999999 0.8086484374999999 0.7226578124999999 0.8055999999999999 0.7249453124999999 0.799503125 0.7249453124999999 0.7964562500000001 0.72723125 0.7873125 0.72723125 0.7842640624999999 0.7295171875 0.781215625 0.7295171875 0.7781671875 0.731803125 0.7751203125 0.731803125 0.7522593750000001 0.7489515625000001 0.7522593750000001 0.7512375 0.7537843750000001 0.75238125 0.7598796875 0.75238125 0.762928125 0.7546671875000001 0.781215625 0.7546671875000001 0.7827390624999999 0.753525 0.7842640624999999 0.75238125 0.8025515625 0.75238125 0.8055999999999999 0.7500953124999999 0.8086484374999999 0.7500953124999999 0.8116953125 0.7478078125 0.8238875 0.7478078125 0.8269359375 0.745521875 0.8360796875000001 0.745521875 0.839128125 0.7432359374999999 0.8421765625000001 0.7432359374999999 0.848271875 0.7386625 0.8543671875 0.7386625 0.857415625 0.7363765625 0.8665593749999999 0.7363765625
13 1 0.6284125 0.997625 0.6266296875 0.9884796874999999 0.6266296875 0.982384375 0.62205625 0.9793359374999999 0.62205625 0.9762890625 0.6197703125 0.9732406250000001 0.62205625 0.9717156250000001 0.6209140625 0.9717156250000001 0.6 0.9473328125 0.6 0.9473328125 0.6003359374999999 0.9503796875000001 0.602621875 0.9503796875000001 0.604909375 0.953428125 0.6071953125 0.953428125 0.60948125 0.9564765625 0.61176875 0.9564765625 0.6277734374999999 0.953428125 0.630059375 0.953428125 0.6346328125 0.9503796875000001 0.63691875 0.9503796875000001 0.6392046875 0.9397125000000001 0.6472078125 0.93056875 0.6472078125 0.9275203125000001 0.64949375 0.9153281249999999 0.64949375 0.9122796875000001 0.6517796875 0.9092328125 0.6517796875 0.9061843749999999 0.64949375 0.9000875 0.64949375 0.8909437499999999 0.642634375 0.8696078125 0.642634375 0.8665593749999999 0.6403484374999999 0.8543671875 0.6403484374999999 0.8513203125000001 0.6380609374999999 0.848271875 0.6380609374999999 0.8421765625000001 0.6334890625 0.839128125 0.6334890625 0.8360796875000001 0.6312031250000001 0.83303125 0.6312031250000001 0.8315078124999999 0.630059375 0.8315078124999999 0.6277734374999999 0.8299843750000001 0.6266296875 0.8116953125 0.6266296875 0.810171875 0.6277734374999999 0.810171875 0.630059375 0.8132203125 0.6323453125 0.8132203125 0.641490625 0.810171875 0.643778125 0.810171875 0.6460640625 0.8071234374999999 0.64835 0.8071234374999999 0.6506375 0.799503125 0.656353125 0.7964562500000001 0.656353125 0.790359375 0.660925 0.7873125 0.660925 0.7842640624999999 0.6632125 0.781215625 0.6632125 0.7705484375 0.6712140625 0.7705484375 0.6735015625 0.7781671875 0.6792171875 0.781215625 0.6792171875 0.7842640624999999 0.681503125 0.7934078125 0.681503125 0.7964562500000001 0.6837890625 0.799503125 0.6837890625 0.8147437500000001 0.695221875 0.8177921874999999 0.695221875 0.8238875 0.69979375 0.857415625 0.69979375 0.8665593749999999 0.706653125 0.9031359374999999 0.706653125 0.9046593749999999 0.7055109374999999 0.9061843749999999 0.7043671875 0.9122796875000001 0.7043671875 0.9153281249999999 0.70208125 0.9183765625 0.70208125 0.9381875000000001 0.68721875 0.9381875000000001 0.6849328125 0.9412359374999999 0.682646875 0.9412359374999999 0.680359375 0.9458078125 0.6769296875 0.9488562500000001 0.6769296875 0.9519046875000001 0.67464375 0.9549515625 0.67464375 0.958 0.6723578125 0.9610484375 0.6723578125 0.96714375 0.667784375 0.9701921875 0.667784375 0.9762890625 0.6632125 0.9793359374999999 0.6632125 0.982384375 0.660925 0.9854328125 0.660925 0.9884796874999999 0.6586390625 0.991528125 0.6586390625 0.9945765625 0.656353125 1 0.656353125 1 0.6284125
13 0.5297546875 0.6209140625 0.5267062499999999 0.6232 0.5267062499999999 0.6254859374999999 0.522134375 0.628915625 0.5068953125 0.628915625 0.5007984375000001 0.6334890625 0.49775156249999997 0.6334890625 0.49165468749999997 0.6380609374999999 0.48860625 0.6380609374999999 0.4870828125 0.6392046875 0.4870828125 0.64835 0.49013125 0.6506375 0.49013125 0.655209375 0.499275 0.66206875 0.499275 0.6643546875 0.5068953125 0.670071875 0.5099421875 0.670071875 0.5160390625 0.67464375 0.5190875 0.67464375 0.532803125 0.6849328125 0.532803125 0.68721875 0.5358515625 0.68950625 0.5358515625 0.6917921875 0.5388984375 0.694078125 0.5388984375 0.6963640625 0.541946875 0.6986515625 0.541946875 0.7009375 0.5449953125 0.7032234374999999 0.5449953125 0.7055109374999999 0.5617593750000001 0.7180859374999999 0.5648078125 0.7180859374999999 0.5678546875 0.720371875 0.570903125 0.720371875 0.5739515625 0.7226578124999999 0.5769984375 0.7226578124999999 0.5800468750000001 0.7249453124999999 0.5922390625 0.7249453124999999 0.5952875 0.72723125 0.6013828125 0.72723125 0.6029078125 0.7260875 0.60443125 0.7249453124999999 0.6074796874999999 0.7249453124999999 0.609003125 0.7238015625 0.609003125 0.721515625 0.6120515625 0.719228125 0.6120515625 0.7169421875 0.6151 0.71465625 0.6151 0.71236875 0.619671875 0.708940625 0.628815625 0.708940625 0.6410078125 0.69979375 0.6501515625 0.69979375 0.6547234375000001 0.7032234374999999 0.6547234375000001 0.7100828124999999 0.6592953125000001 0.7135125 0.665390625 0.708940625 0.6684390625 0.708940625 0.6714875 0.706653125 0.6730109375 0.707796875 0.6730109375 0.7100828124999999 0.6775828125000001 0.7135125 0.6836796875 0.7135125 0.6867281249999999 0.7112265625 0.689775 0.7112265625 0.6913 0.7100828124999999 0.6913 0.707796875 0.7019671875 0.69979375 0.7080640625 0.69979375 0.7111109375 0.6975078124999999 0.7172078125 0.6975078124999999 0.72025625 0.695221875 0.7233031249999999 0.695221875 0.733971875 0.68721875 0.733971875 0.6849328125 0.73854375 0.681503125 0.7446390625 0.681503125 0.7476875 0.6792171875 0.7507359375 0.6792171875 0.761403125 0.6712140625 0.7583562500000001 0.668928125 0.7583562500000001 0.6666421875 0.7415921875 0.6540671875 0.732446875 0.6540671875 0.7309234375 0.6529234374999999 0.732446875 0.6517796875 0.7476875 0.6517796875 0.7507359375 0.64949375 0.7568312500000001 0.64949375 0.7598796875 0.6472078125 0.762928125 0.6472078125 0.765975 0.6449203125 0.7781671875 0.6449203125 0.781215625 0.642634375 0.7964562500000001 0.642634375 0.799503125 0.6449203125 0.8025515625 0.6449203125 0.8071234374999999 0.641490625 0.8071234374999999 0.6346328125 0.8055999999999999 0.6334890625 0.8025515625 0.6334890625 0.799503125 0.6312031250000001 0.7873125 0.6312031250000001 0.7842640624999999 0.628915625 0.7781671875 0.628915625 0.7751203125 0.6266296875 0.7690234375 0.6266296875 0.762928125 0.62205625 0.7598796875 0.62205625 0.7568312500000001 0.6197703125 0.7537843750000001 0.6197703125 0.7522593750000001 0.6186281250000001 0.7522593750000001 0.6163406250000001 0.7476875 0.6129109374999999 0.7446390625 0.6129109374999999 0.7415921875 0.610625 0.732446875 0.610625 0.7293999999999999 0.6083390625 0.714159375 0.6083390625 0.7111109375 0.610625 0.6775828125000001 0.610625 0.6699640625 0.6163406250000001 0.6699640625 0.6186281250000001 0.666915625 0.6209140625 0.666915625 0.6232 0.665390625 0.62434375 0.656246875 0.62434375 0.6486265625 0.6186281250000001 0.6486265625 0.6140546875 0.6455796874999999 0.61176875 0.6455796874999999 0.604909375 0.64253125 0.602621875 0.64253125 0.6 0.539346875 0.6 0.5388984375 0.6003359374999999 0.5388984375 0.602621875 0.532803125 0.6071953125 0.532803125 0.61176875 0.5297546875 0.6140546875 0.5297546875 0.6209140625