6 0.5890625 0 0.5890625 0.3890625 1 0.3890625 1 0 0.5890625 0
6 0.5890625 1 0.5890625 0.3890625 0 0.3890625 0 1 0.5890625 1
17 0.1830125 0.40196875 0.17674218749999998 0.4066734375 0.17360625000000002 0.4066734375 0.165765625 0.41255312499999997 0.165765625 0.4149046875 0.1626296875 0.41725625 0.1626296875 0.41960781249999995 0.165765625 0.4219609375 0.165765625 0.4266640625 0.1689015625 0.429015625 0.1689015625 0.43372031250000004 0.17360625000000002 0.4372484375 0.17674218749999998 0.4372484375 0.179878125 0.4348953125 0.19555625000000001 0.4348953125 0.1986921875 0.4372484375 0.20182812499999997 0.4372484375 0.20966875 0.443128125 0.20966875 0.44783125 0.20653281250000002 0.45018281250000003 0.20966875 0.45253437500000004 0.20966875 0.4548875 0.2112359375 0.4560625 0.2175078125 0.4560625 0.219075 0.4548875 0.226915625 0.4490078125 0.2300515625 0.4490078125 0.23318750000000002 0.4466546875 0.2363234375 0.4466546875 0.24259375 0.4419515625 0.2457296875 0.4419515625 0.248865625 0.4396 0.2520015625 0.4396 0.2598421875 0.43372031250000004 0.2598421875 0.43136875 0.25670625 0.429015625 0.25670625 0.4219609375 0.2535703125 0.41960781249999995 0.2535703125 0.41725625 0.250434375 0.4149046875 0.250434375 0.41255312499999997 0.24729843749999997 0.4102015625 0.24729843749999997 0.40784843750000005 0.2441625 0.405496875 0.2441625 0.3984421875 0.237890625 0.39373749999999996 0.237890625 0.3913859375 0.2347921875 0.3890625 0.20962968750000002 0.3890625 0.2049640625 0.39256250000000004 0.20182812499999997 0.39256250000000004 0.19555625000000001 0.397265625 0.1924203125 0.397265625 0.1861484375 0.40196875 0.1830125 0.40196875
17 0.22064374999999997 0.9217359374999999 0.2175078125 0.9217359374999999 0.21280312499999998 0.9252640624999999 0.21280312499999998 0.9299687499999999 0.2175078125 0.933496875 0.2363234375 0.933496875 0.237890625 0.9323203124999999 0.2441625 0.9276156249999999 0.23318750000000002 0.9193843749999999 0.2237796875 0.9193843749999999 0.22064374999999997 0.9217359374999999
17 0.452696875 0.646565625 0.45426406249999995 0.6453890624999999 0.44485625000000006 0.638334375 0.44485625000000006 0.6359828125 0.44799218749999997 0.6336296875 0.44799218749999997 0.6289265625 0.44642499999999996 0.62775 0.4182015625 0.62775 0.416634375 0.6289265625 0.416634375 0.6312781249999999 0.41349843750000004 0.6336296875 0.41349843750000004 0.6359828125 0.4244734375 0.6442140625 0.44642499999999996 0.6442140625 0.4495609375 0.646565625 0.452696875 0.646565625
6 0.76569375 0.5094359374999999 0.8175812499999999 0.5094359374999999 0.8293734374999999 0.48010624999999996 0.8847968749999999 0.4403015625 0.88715625 0.39421249999999997 0.8900546874999999 0.3890625 0.5890625 0.3890625 0.5890625 0.50105625 0.6807875 0.50105625 0.7114484375 0.54295625 0.7220609375 0.5408609375 0.7444671875 0.49267656249999997 0.76569375 0.5094359374999999
6 0.8619671875 1 0.8494203125 0.8551062500000001 0.851778125 0.7335984375 0.8293734374999999 0.6644640625 0.775128125 0.67284375 0.76569375 0.6854140625 0.6524859375000001 0.6225640625 0.63715625 0.66236875 0.631259375 0.7231234375 0.617109375 0.7063640625 0.5890625 0.70451875 0.5890625 1 0.8619671875 1
14 0.6602 1 0.6395140625 0.976615625 0.6347968749999999 0.9221453125 0.64423125 0.8928156250000001 0.6725328125 0.8509171875 0.6725328125 0.8299671875 0.64423125 0.8132078125 0.6324390625 0.7671171875 0.6324390625 0.7294078125000001 0.6218265625 0.710553125 0.5935234375 0.7021734375 0.5890625 0.7028625 0.5890625 1 0.6602 1
14 0.75861875 0.8027328125000001 0.771590625 0.7796875 0.771590625 0.6958890625 0.75861875 0.6770343750000001 0.7185234375 0.6644640625 0.6666375 0.6225640625 0.6524859375000001 0.6225640625 0.6347968749999999 0.6749390625 0.6324390625 0.7545484375 0.650128125 0.8194921875000001 0.67725 0.8215875 0.732675 0.8194921875000001 0.75861875 0.8027328125000001
16 0.7309640625 1 0.7515421875 0.9745203124999999 0.7668734374999999 0.9305249999999999 0.76215625 0.8970062499999999 0.732675 0.8236812499999999 0.676071875 0.84463125 0.6347968749999999 0.9263359375 0.6395140625 0.968234375 0.650128125 0.9870890625 0.6646625 1 0.7309640625 1
3 0.83173125 0.6644640625 0.775128125 0.67284375 0.76923125 0.679128125 0.7739484375 0.700078125 0.8046093750000001 0.7419781249999999 0.8069671875 0.83415625 0.8164015625 0.8509171875 0.834090625 0.8194921875000001 0.8494203125 0.83415625 0.851778125 0.7335984375 0.83173125 0.6644640625