6 0.36875 0.151403125 0.27825625 0.20758749999999998 0.169965625 0.30825468749999996 0.13766406250000002 0.3890625 0.36875 0.3890625 0.36875 0.151403125
13 0.341684375 0.3007890625 0.3400171875 0.302040625 0.3300125 0.302040625 0.3216734375 0.3082921875 0.3216734375 0.31579531250000004 0.3183390625 0.31829687500000003 0.3183390625 0.3232984375 0.3150046875 0.3258 0.3150046875 0.3308015625 0.31166875 0.333303125 0.31166875 0.34830937500000003 0.308334375 0.35081093750000003 0.308334375 0.3533109375 0.31166875 0.3558125 0.31166875 0.3658171875 0.3150046875 0.36831718750000003 0.3150046875 0.37081875000000003 0.3183390625 0.37332031250000003 0.3183390625 0.37582031250000003 0.3216734375 0.37832187500000003 0.3216734375 0.38082343750000003 0.325009375 0.3833234375 0.325009375 0.385825 0.32932656250000003 0.3890625 0.36875 0.3890625 0.36875 0.28203125 0.3566921875 0.28203125 0.34501875000000004 0.29078593750000004 0.34501875000000004 0.2932859375 0.341684375 0.2957875 0.341684375 0.3007890625
17 0.3316796875 0.213253125 0.3266765625 0.2095015625 0.316671875 0.2095015625 0.3133359375 0.207 0.3100015625 0.207 0.3049984375 0.2107515625 0.3049984375 0.2157546875 0.299996875 0.21950625 0.2966609375 0.21950625 0.2933265625 0.21700468750000002 0.28665625 0.21700468750000002 0.2849890625 0.2182546875 0.2849890625 0.2307609375 0.281653125 0.23326093750000002 0.281653125 0.2532703125 0.28665625 0.257021875 0.2933265625 0.257021875 0.2966609375 0.259521875 0.3066671875 0.259521875 0.308334375 0.25827187500000004 0.308334375 0.2532703125 0.3016640625 0.2482671875 0.3016640625 0.23326093750000002 0.3049984375 0.2307609375 0.3049984375 0.22575781250000002 0.3066671875 0.22450781250000001 0.3100015625 0.227009375 0.316671875 0.227009375 0.3216734375 0.22325781249999999 0.3216734375 0.22075625 0.3266765625 0.21700468750000002 0.3300125 0.21700468750000002 0.3316796875 0.2157546875 0.3316796875 0.213253125
17 0.3150046875 0.2782796875 0.3150046875 0.28578281250000004 0.3133359375 0.287034375 0.3100015625 0.287034375 0.3049984375 0.29078593750000004 0.3133359375 0.2970375 0.32000625 0.2970375 0.3216734375 0.2957875 0.3216734375 0.2932859375 0.33668125 0.28203125 0.3400171875 0.28203125 0.341684375 0.28078125 0.341684375 0.2782796875 0.34501875000000004 0.2757796875 0.34501875000000004 0.2707765625 0.33668125 0.264525 0.33334687500000004 0.264525 0.3300125 0.26702499999999996 0.316671875 0.26702499999999996 0.31166875 0.2707765625 0.31166875 0.2757796875 0.3150046875 0.2782796875
17 0.2706671875 0.3890625 0.29499375 0.3890625 0.29499375 0.3833234375 0.2933265625 0.3820734375 0.28665625 0.3820734375 0.2799859375 0.387075 0.273315625 0.387075 0.2706671875 0.3890625
13 0.283321875 0.3445578125 0.281653125 0.34330781250000003 0.281653125 0.3383046875 0.2766515625 0.334553125 0.273315625 0.334553125 0.266646875 0.3295515625 0.2633109375 0.3295515625 0.2599765625 0.332053125 0.256640625 0.332053125 0.2549734375 0.3308015625 0.2549734375 0.3258 0.2516390625 0.3232984375 0.2516390625 0.32079843750000003 0.24830312499999999 0.31829687500000003 0.2516390625 0.31579531250000004 0.2516390625 0.3132953125 0.256640625 0.30954375 0.2599765625 0.30954375 0.266646875 0.304540625 0.26998125 0.304540625 0.273315625 0.302040625 0.2766515625 0.302040625 0.2799859375 0.2995390625 0.283321875 0.2995390625 0.28665625 0.2970375 0.2899921875 0.2970375 0.2933265625 0.2945375 0.299996875 0.2945375 0.3049984375 0.29078593750000004 0.30333125 0.289534375 0.2899921875 0.289534375 0.28665625 0.287034375 0.2799859375 0.287034375 0.2766515625 0.289534375 0.273315625 0.289534375 0.26998125 0.2920359375 0.266646875 0.2920359375 0.2549734375 0.3007890625 0.2549734375 0.303290625 0.25330625 0.304540625 0.249971875 0.304540625 0.2466359375 0.3070421875 0.23663125 0.3070421875 0.22829375000000002 0.3132953125 0.22829375000000002 0.32079843750000003 0.22495781250000002 0.3232984375 0.22829375000000002 0.3258 0.22829375000000002 0.333303125 0.231628125 0.3358046875 0.231628125 0.34330781250000003 0.2382984375 0.34830937500000003 0.2382984375 0.35081093750000003 0.24163281250000002 0.3533109375 0.24163281250000002 0.3583140625 0.24330156249999998 0.3595640625 0.2466359375 0.3595640625 0.249971875 0.362065625 0.2599765625 0.362065625 0.2633109375 0.3595640625 0.266646875 0.3595640625 0.2683140625 0.3608140625 0.264978125 0.363315625 0.2683140625 0.3658171875 0.2683140625 0.37332031250000003 0.2716484375 0.37582031250000003 0.2716484375 0.38082343750000003 0.2683140625 0.3833234375 0.273315625 0.387075 0.2766515625 0.387075 0.27831875 0.385825 0.2799859375 0.384575 0.283321875 0.384575 0.2899921875 0.379571875 0.2966609375 0.379571875 0.308334375 0.37081875000000003 0.308334375 0.36831718750000003 0.31166875 0.3658171875 0.31166875 0.363315625 0.308334375 0.3608140625 0.308334375 0.35081093750000003 0.30333125 0.347059375 0.299996875 0.347059375 0.2966609375 0.3445578125 0.283321875 0.3445578125
6 0.36875 0 0.36875 0.3890625 1 0.3890625 1 0 0.36875 0
21 0.5241875 0.3890625 0.7322671875 0.3890625 0.636871875 0.14293125 0.6011625 0.114053125 0.582365625 0.11154062499999999 0.4470484375 0.141675 0.43765312500000003 0.18311093750000002 0.5241875 0.3890625
21 0.8665312500000001 0 0.8699203125 0.024906249999999998 0.85864375 0.0449953125 0.905628125 0.0512734375 0.9413375 0.0851734375 0.948853125 0.055040624999999996 0.9375796875000001 0.027417187500000002 0.915259375 0 0.8665312500000001 0
21 0.37248749999999997 0 0.6049203125 0.043740625 0.6970140625 0.052528125 0.7609140625 0.0073281250000000004 0.7623765625 0 0.37248749999999997 0
21 0.47712031250000003 0.023649999999999997 0.36875 0.009171875 0.36875 0.12908124999999998 0.37187187499999996 0.13163125 0.43765312500000003 0.14041874999999998 0.520346875 0.1178203125 0.539140625 0.0851734375 0.5278625 0.0600625 0.47712031250000003 0.023649999999999997
6 0.36875 1 0.36875 0.3890625 0 0.3890625 0 1 0.36875 1
17 0.2111140625 0.676496875 0.15458750000000002 0.7583031250000001 0.162121875 0.79435 0.20232343749999998 0.8470390625 0.21739531250000002 0.8858640624999999 0.314121875 0.9288453125 0.36875 0.9335890625 0.36875 0.6951984375 0.3618578125 0.687590625 0.314121875 0.67095 0.3015578125 0.67095 0.2915109375 0.68204375 0.27392500000000003 0.6515390625 0.2111140625 0.676496875
17 0 0.5070109375 0.0377640625 0.48238281250000004 0.0842421875 0.5281374999999999 0.1156484375 0.5156562499999999 0.13825937500000002 0.47683593750000003 0.18348124999999998 0.44355781250000004 0.227446875 0.43108124999999997 0.2238203125 0.3890625 0 0.3890625 0 0.5070109375
17 0 0.8888359375 0.0101265625 0.890025 0.030225000000000002 0.909434375 0.07167812500000001 0.9163640624999999 0.11062187500000001 0.8955671875 0.14830625 0.89279375 0.1797125 0.8498125 0.182225 0.8387234375 0.1495625 0.7777140625000001 0.1495625 0.7638453125 0.164634375 0.725025 0.1998109375 0.6834296875 0.192271875 0.6667890625 0.14579375 0.621034375 0.075446875 0.593303125 0.030225000000000002 0.6099453125000001 0.00133125 0.6362890625000001 0 0.6382 0 0.8888359375
17 0.061631250000000005 0.57250625 0.0654 0.5905296875 0.11062187500000001 0.59885 0.16337812499999999 0.6293546875 0.2035796875 0.676496875 0.2764390625 0.648765625 0.29402343750000004 0.6654015625 0.35431875 0.676496875 0.36875 0.6838484375 0.36875 0.460375 0.26387499999999997 0.44078437499999995 0.1985546875 0.44355781250000004 0.1407671875 0.48238281250000004 0.1269515625 0.51704375 0.09554531250000001 0.5267515625 0.061631250000000005 0.57250625
6 1 0.5699328125 0.9957625 0.5694765625 0.9779015624999999 0.5619625 0.9528968750000001 0.5644671875 0.9493234375 0.5694765625 0.9314640624999999 0.57198125 0.9136031250000001 0.5694765625 0.904671875 0.5732328125 0.9082437499999999 0.5782421875 0.8993140625 0.584503125 0.8921687500000001 0.57198125 0.8671640625 0.57198125 0.852875 0.566971875 0.8403734375 0.5732328125 0.8385875 0.5870078125 0.8635921874999999 0.5895125 0.8707359374999999 0.5794937499999999 0.872521875 0.58575625 0.881453125 0.5895125 0.897528125 0.588259375 0.8921687500000001 0.597025 0.8171546875000001 0.5945218750000001 0.79929375 0.6045390625 0.7850046875000001 0.5920171875 0.770715625 0.5895125 0.7421390625 0.597025 0.7296359375 0.605790625 0.7260640625 0.62081875 0.7332078125 0.6358453125 0.7617859375 0.658384375 0.76 0.6871859375 0.770715625 0.689690625 0.936821875 0.6884390625 1 0.68783125 1 0.5699328125
21 0.8760953125000001 0.62081875 0.8832390625000001 0.6433578125 0.897528125 0.6458625 0.9225328125000001 0.633340625 0.9296765625000001 0.62081875 0.9296765625000001 0.6108 0.9028859375 0.602034375 0.888596875 0.6045390625 0.8760953125000001 0.62081875
16 0.8475171874999999 0.685934375 0.8546625000000001 0.66339375 0.818940625 0.63835 0.81536875 0.6183140625 0.8082234375 0.6108 0.7778609375000001 0.5895125 0.73499375 0.5995296875 0.7260640625 0.6133046875 0.7260640625 0.623321875 0.7439250000000001 0.6483671875 0.786790625 0.675915625 0.795721875 0.6871859375 0.8368015625 0.6884390625 0.8475171874999999 0.685934375
13 1 0.6310687500000001 0.9743296875 0.6220703125 0.9600406250000001 0.6220703125 0.9100296875 0.6396015625 0.8689500000000001 0.680925 0.8707359374999999 0.6871859375 1 0.685978125 1 0.6310687500000001
13 1 0.5672046875000001 0.9779015624999999 0.559459375 0.9528968750000001 0.5619625 0.9296765625000001 0.570728125 0.9261046875 0.5907640625 0.9493234375 0.6220703125 0.9921906249999999 0.619565625 1 0.620478125 1 0.5672046875000001
13 0.8368015625 0.6183140625 0.8278703125 0.619565625 0.81536875 0.62833125 0.81536875 0.63835 0.8475171874999999 0.6608890625 0.8475171874999999 0.668403125 0.8546625000000001 0.6734125 0.858234375 0.66339375 0.8671640625 0.6621421875 0.8796671875 0.6533765625 0.872521875 0.6433578125 0.8510890625 0.6308359375 0.8546625000000001 0.6183140625 0.8868109375 0.6032875 0.8743093749999999 0.597025 0.8564484374999999 0.5945218750000001 0.81358125 0.5945218750000001 0.8046515624999999 0.6007828125 0.8046515624999999 0.605790625 0.8171546875000001 0.6145562499999999 0.8368015625 0.6183140625
13 0.9332499999999999 0.568225 0.9100296875 0.566971875 0.8743093749999999 0.57198125 0.8689500000000001 0.5757375 0.8689500000000001 0.588259375 0.8743093749999999 0.5945218750000001 0.8903828125000001 0.5957734375 0.8993140625 0.5945218750000001 0.9100296875 0.584503125 0.9207468750000001 0.5819984375 0.9332499999999999 0.568225