0 0 0 0 0.4296875 0.4890625 0.4296875 0.4890625 0 0 0
6 1 0.142646875 0.8927453125 0.142646875 0.762240625 0.2311171875 0.713825 0.1910921875 0.707509375 0.19952187500000002 0.6780406250000001 0.1953078125 0.670940625 0.2573625 0.63285 0.2573625 0.6493546875 0.2281625 0.5617593750000001 0.28529218749999996 0.565565625 0.31703281250000004 0.5503296875 0.2967171875 0.5452546875000001 0.3221078125 0.5185953125 0.3259171875 0.5249406249999999 0.3449625 0.5008203124999999 0.34369218749999997 0.8182046875 0.39447187499999997 1 0.378690625 1 0.142646875
6 0.729334375 0.3487671875 0.783925 0.3373421875 0.8017 0.3094125 0.917225 0.2446671875 0.8829499999999999 0.162146875 0.8410546875 0.1710375 0.8080453125 0.24212812499999997 0.709025 0.3386125 0.729334375 0.3487671875
6 0.1074328125 0.9312625000000001 0.30517812499999997 0.8623578125 0.487371875 0.8801375 0.4890625 0.8799875 0.4890625 0.4296875 0.252896875 0.4296875 0.291846875 0.5422625 0.3162875 0.604503125 0.1429828125 0.7178671875 0.076328125 0.8201218750000001 0.1074328125 0.9312625000000001
6 1 0.4296875 0.6755046874999999 0.4296875 0.6761890625 0.4348875 0.6635765625000001 0.4348875 0.6618578125 0.4296875 0.6122578125 0.4296875 0.6106046875 0.43161562499999995 0.5752890625 0.43815781249999997 0.561415625 0.4725015625 0.5639390625 0.4986671875 0.5437593749999999 0.5215625 0.5475421875 0.5395515625 0.5954703125 0.5493640625 0.656009375 0.582071875 0.69636875 0.5951562499999999 0.7442968750000001 0.5951562499999999 0.749340625 0.611509375 0.8918625 0.6556656249999999 0.9675359374999999 0.5379171875 0.9927609374999999 0.446334375 1 0.4425796875 1 0.4296875
13 0.6320453125000001 0.5346453125 0.65853125 0.5297390625 0.6900625 0.505209375 0.6925859375 0.44960625 0.6787109375 0.43815781249999997 0.6155640625000001 0.4296875 0.6021953124999999 0.4296875 0.5727671875 0.441428125 0.55889375 0.47577187500000007 0.5639390625 0.4986671875 0.5778125000000001 0.5003031250000001 0.5979921874999999 0.5297390625 0.6320453125000001 0.5346453125
13 0.9114125 0.4296875 0.8868171874999999 0.45941875000000004 0.9435734374999999 0.50684375 0.970059375 0.5182921875 0.9776265625 0.465959375 0.99068125 0.4296875 0.9114125 0.4296875
13 0.8767265625 0.5182921875 0.8817718749999999 0.4986671875 0.8678984375000001 0.4741359375 0.8300609375000001 0.4774078125 0.8237546874999999 0.485584375 0.8275390625 0.5003031250000001 0.8527625000000001 0.5199281250000001 0.8767265625 0.5182921875
12 0.799790625 0.5297390625 0.7922234375 0.5297390625 0.780871875 0.5804375 0.79726875 0.5951562499999999 0.8136640625 0.5935203125 0.8187093750000001 0.5608125 0.799790625 0.5297390625
18 0.7430343749999999 0.5019375 0.7947453125 0.4741359375 0.793484375 0.446334375 0.78465625 0.441428125 0.73420625 0.4741359375 0.725378125 0.49212656250000003 0.73420625 0.5035734374999999 0.7430343749999999 0.5019375
16 0.6799734374999999 0.567353125 0.67745 0.5837078124999999 0.7102421875 0.596790625 0.730421875 0.5804375 0.7329453125 0.5575421875 0.6988921875 0.510115625 0.674928125 0.5313749999999999 0.6724046875 0.5477296875000001 0.6799734374999999 0.567353125
13 0.8110062499999999 0.4296875 0.8224937499999999 0.4545125 0.8552859375 0.4447 0.869159375 0.4528765625 0.8767265625 0.446334375 0.8748921875000001 0.4296875 0.8110062499999999 0.4296875
13 0.7657375 0.606603125 0.761953125 0.611509375 0.799790625 0.631134375 0.8943843749999999 0.6556656249999999 0.9448343749999999 0.5804375 0.9397890625 0.5575421875 0.9032125000000001 0.5035734374999999 0.8830328125 0.5133859375000001 0.875465625 0.50684375 0.8552859375 0.5199281250000001 0.8300609375000001 0.5003031250000001 0.825015625 0.480678125 0.7796109375 0.5526359375000001 0.768259375 0.5509999999999999 0.7657375 0.5902499999999999 0.750603125 0.586978125 0.750603125 0.596790625 0.7657375 0.606603125
13 0.9019515625000001 0.47577187500000007 0.875465625 0.45124062499999995 0.862853125 0.45778281249999997 0.8615921875 0.465959375 0.8893390625 0.505209375 0.8994296875 0.49539687499999996 0.9019515625000001 0.47577187500000007