0 0 0 0 0.5296875 0.5 0.5296875 0.5 0 0 0
6 0.5 0 0.5 0.5296875 1 0.5296875 1 0.0362875 0.9715624999999999 0.0057171875 0.9666171875 0 0.5 0
14 0.8465031249999999 0.264503125 0.85486875 0.2481875 0.8431593749999999 0.22183437499999997 0.8163859375 0.22434531249999998 0.7628453125 0.20677812499999998 0.7260359375000001 0.219325 0.7059562500000001 0.20677812499999998 0.605565625 0.2092875 0.5235796875000001 0.24317031249999999 0.5202359375000001 0.285834375 0.536965625 0.2883453125 0.6758390624999999 0.269521875 0.8197328125000001 0.269521875 0.8465031249999999 0.264503125
16 0.5956812499999999 0 0.6323359375 0.023565625 0.659109375 0.0310953125 0.7628453125 0.028584375000000002 0.782921875 0.053682812499999996 0.808021875 0.057446874999999994 0.8347921875000001 0.0423875 0.8608781249999999 0 0.5956812499999999 0
21 1 0.500621875 0.8966984374999999 0.4276375 0.83311875 0.4000296875 0.8197328125000001 0.402540625 0.7912890625 0.453990625 0.811365625 0.499165625 0.8463312500000001 0.5296875 1 0.5296875 1 0.500621875
16 0.5453328125 0.3071671875 0.51186875 0.2996375 0.5 0.3016921875 0.5 0.3711265625 0.5319453125 0.372421875 0.5570453125 0.42136250000000003 0.565409375 0.4075578125 0.6038921875 0.396265625 0.6139328125 0.3586171875 0.5453328125 0.3071671875
17 0.7762296875 0.5129703125 0.572103125 0.475321875 0.5269265625 0.5142218749999999 0.541034375 0.5296875 0.8020390624999999 0.5296875 0.7762296875 0.5129703125
14 0.5001562500000001 0.499165625 0.5386390624999999 0.49289062499999997 0.590509375 0.43892968750000005 0.5 0.42220625 0.5 0.4991609375 0.5001562500000001 0.499165625
17 1 0.2268546875 0.9803593749999999 0.2268546875 0.973665625 0.2168171875 0.9167765625 0.22183437499999997 0.8381390625 0.270778125 0.92346875 0.3523453125 0.9686453125 0.3586171875 1 0.344509375 1 0.2268546875
21 1 0.0433203125 0.973665625 0.0310953125 0.94856875 0.032346875000000004 0.9519125 0.059954687500000006 0.9251421875 0.1302296875 0.8983718749999999 0.180425 0.8749484375 0.1979921875 0.893353125 0.2168171875 0.9418765625000001 0.218071875 0.97031875 0.21430781250000003 0.9853796875 0.200503125 1 0.1478671875 1 0.0433203125
17 0.757421875 0 0.7544796875 0.0072499999999999995 0.777903125 0.0499171875 0.7594984375 0.058699999999999995 0.6323359375 0.053682812499999996 0.6038921875 0.0725046875 0.6005453125 0.102621875 0.612259375 0.1515625 0.78626875 0.2168171875 0.8280984374999999 0.22057968749999998 0.8465031249999999 0.219325 0.8950265625 0.180425 0.94856875 0.044896875 0.9385296875 0.009759375 0.9307203124999999 0 0.757421875 0
17 0.5 0 0.5 0.0062625 0.5185625 0.0185453125 0.5352921875 0.005995312500000001 0.53361875 0.0248203125 0.5620625 0.0411328125 0.7461125 0.056192187500000004 0.767865625 0.0499171875 0.767865625 0.0348578125 0.6724921875 0.0361125 0.618953125 0.0210546875 0.6021093750000001 0 0.5 0
17 0.7845953125 0.4565 0.687553125 0.3234828125 0.6323359375 0.27705 0.565409375 0.28207031250000003 0.5670828125 0.3234828125 0.6072390624999999 0.34607031250000003 0.6172796875000001 0.3636375 0.6072390624999999 0.396265625 0.5637359375 0.4163421875 0.6005453125 0.4364203125 0.59385625 0.464028125 0.6557625 0.47030312500000004 0.6758390624999999 0.452734375 0.699265625 0.452734375 0.7611718749999999 0.47657812499999996 0.7845953125 0.4565
17 0.7628453125 0.3046578125 0.8013296875 0.3937546875 0.9084125000000001 0.42136250000000003 0.9318359375 0.396265625 0.9117593749999999 0.34607031250000003 0.876621875 0.3272453125 0.7628453125 0.3046578125
17 1 0.3517640625 0.926815625 0.35736249999999997 0.9284890625 0.446459375 0.9803593749999999 0.4878703125 1 0.48688750000000003 1 0.3517640625
12 0.6005453125 0.11517031250000001 0.5821421875 0.0863078125 0.5 0.0827890625 0.5 0.21653125 0.508521875 0.22183437499999997 0.536965625 0.228109375 0.61560625 0.2042671875 0.6473953125 0.1754046875 0.6038921875 0.1528171875 0.6005453125 0.11517031250000001
13 0 0.6766125 0.033275 0.69508125 0.1170890625 0.6992468749999999 0.1558703125 0.6784171875 0.17088281249999998 0.653421875 0.21216249999999998 0.61870625 0.239684375 0.543715625 0.240428125 0.5296875 0 0.5296875 0 0.6766125
13 0.5 1 0.5 0.5296875 0 0.5296875 0 1 0.5 1
6 1 0.6881171875 0.995959375 0.6850875000000001 0.995959375 0.6800859375 0.994290625 0.678834375 0.99095625 0.678834375 0.9809515624999999 0.6713312499999999 0.9676109374999999 0.6713312499999999 0.9659437499999999 0.67008125 0.9659437499999999 0.6675796875 0.9626078124999999 0.6650796875 0.9626078124999999 0.662578125 0.9526031250000001 0.655075 0.9526031250000001 0.6525734375 0.9442656250000001 0.646321875 0.94093125 0.646321875 0.9392640625 0.6450703125 0.9392640625 0.6425703125 0.935928125 0.64006875 0.935928125 0.632565625 0.9125828125 0.6150578125 0.9125828125 0.6075546875 0.9092484375 0.6050546875 0.9092484375 0.6000515625 0.9059125 0.5975515625 0.9059125 0.5900484374999999 0.9042453125 0.588796875 0.9009109375 0.588796875 0.8992437499999999 0.5875468749999999 0.8992437499999999 0.5700390625 0.902578125 0.5675390625000001 0.902578125 0.55003125 0.9059125 0.5475296875 0.9059125 0.5400265625 0.9092484375 0.5375265625 0.9092484375 0.5296875 0.5 0.5296875 0.5 0.933940625 0.5040421875 0.933940625 0.505709375 0.935190625 0.505709375 0.9376921875 0.5107125 0.94144375 0.524053125 0.94144375 0.5273875 0.9389421875 0.530721875 0.94144375 0.5340578125000001 0.9389421875 0.5507328125 0.9389421875 0.5590703125 0.9451953124999999 0.5590703125 0.9551999999999999 0.5624046875000001 0.9577 0.5624046875000001 0.97020625 0.565740625 0.9727062500000001 0.565740625 0.9752078125000001 0.5624046875000001 0.9777093750000001 0.5624046875000001 0.9852124999999999 0.557403125 0.9889640625 0.5440625 0.9889640625 0.535725 0.9952156249999999 0.535725 1 1 1 1 0.6881171875
17 0.557403125 0.63881875 0.5540671875000001 0.63881875 0.5524 0.64006875 0.5524 0.6450703125 0.549065625 0.647571875 0.549065625 0.6500734375 0.5423953125 0.655075 0.5423953125 0.6575765625 0.5440625 0.6588265625 0.5473984375 0.6588265625 0.549065625 0.6600765625 0.549065625 0.6650796875 0.5507328125 0.6663296875 0.5540671875000001 0.6663296875 0.5557359374999999 0.6650796875 0.5557359374999999 0.662578125 0.557403125 0.661328125 0.5674078125 0.66883125 0.574078125 0.66883125 0.5757453124999999 0.6675796875 0.5757453124999999 0.6600765625 0.57908125 0.6575765625 0.57908125 0.6525734375 0.5807484374999999 0.6513234375 0.5840828124999999 0.6513234375 0.58575 0.6500734375 0.58575 0.6450703125 0.5807484374999999 0.64131875 0.5774125 0.64131875 0.574078125 0.63881875 0.5707421874999999 0.63881875 0.5674078125 0.6363171875 0.5607375 0.6363171875 0.557403125 0.63881875
17 0.6924718750000001 0.707596875 0.69580625 0.7050953125 0.69580625 0.695090625 0.6991421875 0.692590625 0.6991421875 0.6875875 0.7024765625 0.6850875000000001 0.7024765625 0.677584375 0.6974734375 0.6738328124999999 0.690803125 0.6738328124999999 0.6874687500000001 0.6713312499999999 0.6607890624999999 0.6713312499999999 0.657453125 0.66883125 0.6474484375 0.66883125 0.6441140625 0.6663296875 0.63744375 0.6663296875 0.632440625 0.67008125 0.632440625 0.6725828125 0.62910625 0.6750828125 0.62910625 0.6800859375 0.6257703125 0.6825859375000001 0.6257703125 0.6850875000000001 0.624103125 0.6863374999999999 0.62076875 0.6863374999999999 0.6191015625 0.6875875 0.6191015625 0.6900890625 0.6107625 0.6963421875 0.60409375 0.6963421875 0.6007578125 0.693840625 0.5974234375 0.693840625 0.5940875 0.6963421875 0.58741875 0.6913390625 0.5774125 0.6913390625 0.574078125 0.6888390625 0.5707421874999999 0.6888390625 0.5674078125 0.6913390625 0.5640734375 0.6913390625 0.5607375 0.6888390625 0.5507328125 0.6888390625 0.5340578125000001 0.6763343749999999 0.5273875 0.6763343749999999 0.5257203125000001 0.677584375 0.5257203125000001 0.6800859375 0.522384375 0.6825859375000001 0.522384375 0.6900890625 0.515715625 0.695090625 0.515715625 0.70259375 0.51905 0.7050953125 0.51905 0.707596875 0.5207171875000001 0.708846875 0.524053125 0.708846875 0.5273875 0.7113484375 0.530721875 0.7113484375 0.535725 0.7151 0.535725 0.7176 0.5373921875 0.7188515625 0.5440625 0.7188515625 0.557403125 0.7288546874999999 0.5607375 0.7288546874999999 0.565740625 0.73260625 0.565740625 0.7351078125 0.5674078125 0.7363578125 0.5774125 0.7363578125 0.5807484374999999 0.738859375 0.5840828124999999 0.738859375 0.590753125 0.7438609375 0.5940875 0.7438609375 0.5974234375 0.7463625 0.6007578125 0.7463625 0.60409375 0.7488640625 0.6107625 0.7488640625 0.61243125 0.7476125 0.6140984375 0.7463625 0.674128125 0.7463625 0.675796875 0.7451125000000001 0.675796875 0.7426109375000001 0.67913125 0.7401093750000001 0.67913125 0.737609375 0.6824656250000001 0.7351078125 0.6824656250000001 0.7276046875 0.6858015625 0.725103125 0.6858015625 0.7201015625 0.6891359375 0.7176 0.6891359375 0.7151 0.6924718750000001 0.7125984375 0.6924718750000001 0.707596875
17 0.5257203125000001 0.6800859375 0.5257203125000001 0.677584375 0.532390625 0.6725828125 0.532390625 0.67008125 0.535725 0.6675796875 0.535725 0.6600765625 0.5273875 0.653825 0.524053125 0.653825 0.515715625 0.647571875 0.515715625 0.6450703125 0.514046875 0.6438203125 0.5107125 0.6438203125 0.5040421875 0.63881875 0.5 0.63881875 0.5 0.6783046875000001 0.5040421875 0.6813359375 0.5107125 0.6813359375 0.514046875 0.6838359374999999 0.5207171875000001 0.6838359374999999 0.522384375 0.6825859375000001 0.5257203125000001 0.6800859375
17 0.7741796875 0.64131875 0.767509375 0.6363171875 0.764175 0.6363171875 0.75416875 0.6288140624999999 0.7441640625 0.6288140624999999 0.7341593750000001 0.6363171875 0.7308234375 0.6363171875 0.7274890625 0.63881875 0.7241546875 0.63881875 0.7191515625 0.6425703125 0.7191515625 0.6500734375 0.7324921875 0.6600765625 0.7324921875 0.662578125 0.73749375 0.6663296875 0.7575046875 0.6663296875 0.759171875 0.6650796875 0.7608390625 0.663828125 0.7775140625 0.663828125 0.78085 0.661328125 0.7875203125 0.661328125 0.7908546875 0.6588265625 0.7941890625 0.6588265625 0.7958578125 0.6575765625 0.7958578125 0.6500734375 0.7941890625 0.648821875 0.7908546875 0.648821875 0.7841843749999999 0.6438203125 0.78085 0.6438203125 0.7775140625 0.64131875 0.7741796875 0.64131875
12 0.7441640625 0.5988015625 0.7408296875 0.601303125 0.7308234375 0.601303125 0.7274890625 0.603803125 0.7208187500000001 0.603803125 0.717484375 0.6063046875 0.7108140625 0.6063046875 0.7074796875 0.60880625 0.70414375 0.60880625 0.700809375 0.6113062499999999 0.690803125 0.6113062499999999 0.6858015625 0.6150578125 0.7074796875 0.6313156249999999 0.7108140625 0.6313156249999999 0.7141484375 0.633815625 0.717484375 0.633815625 0.7208187500000001 0.6363171875 0.7341593750000001 0.6363171875 0.7358265625 0.6350671875 0.7441640625 0.6288140624999999 0.7474999999999999 0.6288140624999999 0.7491671875 0.6275640625000001 0.7491671875 0.6250625000000001 0.7658421875 0.6125578125 0.7658421875 0.61005625 0.7725125 0.6050546875 0.7725125 0.602553125 0.767509375 0.5988015625 0.7608390625 0.5988015625 0.7575046875 0.601303125 0.7508343749999999 0.601303125 0.7474999999999999 0.5988015625 0.7441640625 0.5988015625
17 0.7758468749999999 0.617559375 0.78085 0.6213109375 0.7908546875 0.6213109375 0.7941890625 0.6238125 0.8108640625 0.6238125 0.8125328125 0.6225609375000001 0.8225374999999999 0.6150578125 0.8225374999999999 0.6050546875 0.825871875 0.602553125 0.825871875 0.6000515625 0.8242046875 0.5988015625 0.8141999999999999 0.5988015625 0.8108640625 0.601303125 0.8008593749999999 0.601303125 0.797525 0.603803125 0.7941890625 0.603803125 0.7908546875 0.6063046875 0.7875203125 0.6063046875 0.7758468749999999 0.6150578125 0.7758468749999999 0.617559375
13 0.8325421875 0.542528125 0.842546875 0.55003125 0.842546875 0.5525328125 0.8708953125000001 0.573790625 0.8742296875 0.573790625 0.8758984375000001 0.572540625 0.8825671875 0.5675390625000001 0.8825671875 0.5650375000000001 0.8859031249999999 0.5625359375000001 0.8859031249999999 0.5600359375 0.8892374999999999 0.557534375 0.8892374999999999 0.5550328125 0.8925734375 0.5525328125 0.8925734375 0.5450296875 0.8875703125 0.541278125 0.8842359375 0.541278125 0.8742296875 0.533775 0.8708953125000001 0.533775 0.869228125 0.5325234375 0.869228125 0.5296875 0.8120843750000001 0.5296875 0.8141999999999999 0.5312734375 0.8175343749999999 0.5312734375 0.8275406249999999 0.5387765625000001 0.830875 0.5387765625000001 0.8325421875 0.5400265625 0.8325421875 0.542528125
12 0.977615625 0.978959375 0.9809515624999999 0.9814609375 0.9842859374999999 0.9814609375 0.985953125 0.9802093749999999 0.987621875 0.978959375 0.99095625 0.978959375 0.995959375 0.9752078125000001 0.995959375 0.965203125 0.987621875 0.9589515625 0.9842859374999999 0.9589515625 0.9809515624999999 0.95645 0.97428125 0.95645 0.9726140624999999 0.9577 0.9726140624999999 0.9677046875 0.9659437499999999 0.9727062500000001 0.9659437499999999 0.9752078125000001 0.9709453124999999 0.978959375 0.977615625 0.978959375