0 0.2712890625 0 0.354571875 0.38566406249999996 0.392084375 0.5796875 0.5 0.5796875 0.5 0 0.2712890625 0
17 0.448740625 0.36798125000000004 0.445865625 0.36582499999999996 0.4401125 0.36582499999999996 0.4372359375 0.36366718750000004 0.434359375 0.36366718750000004 0.432921875 0.36474687499999997 0.432921875 0.366903125 0.4300453125 0.369059375 0.4300453125 0.3712171875 0.42717031250000004 0.3733734375 0.42717031250000004 0.37553125 0.42429375 0.3776875 0.42429375 0.3798453125 0.4214171875 0.3820015625 0.4214171875 0.38415937499999997 0.418540625 0.386315625 0.418540625 0.38847343749999996 0.4156640625 0.3906296875 0.4156640625 0.39278749999999996 0.417103125 0.393865625 0.4199796875 0.393865625 0.4228546875 0.396021875 0.434359375 0.396021875 0.4372359375 0.3981796875 0.43867500000000004 0.3971 0.4401125 0.396021875 0.4516171875 0.396021875 0.4588078125 0.3906296875 0.4588078125 0.38847343749999996 0.46168437500000004 0.386315625 0.46168437500000004 0.3820015625 0.4674359375 0.3776875 0.4674359375 0.3733734375 0.4659984375 0.37229531250000003 0.463121875 0.37229531250000003 0.4602453125 0.3701390625 0.45449375 0.3701390625 0.4516171875 0.36798125000000004 0.448740625 0.36798125000000004
1 0.4818140625 0.5710531249999999 0.48803124999999997 0.5767625 0.497784375 0.572040625 0.5 0.5707734375 0.5 0.56125625 0.4818140625 0.5710531249999999
1 0.44595624999999994 0.33847499999999997 0.4391765625 0.3414609375 0.43890624999999994 0.3418765625 0.453678125 0.35220625 0.45602656250000007 0.35019062500000003 0.4578734375 0.3484265625 0.45653125 0.3452765625 0.44595624999999994 0.33847499999999997
1 0.47079843749999994 0.337215625 0.4654265625 0.33608125 0.45115937500000003 0.3323015625 0.44411093749999997 0.3310421875 0.44411093749999997 0.3306640625 0.44176093749999995 0.337340625 0.4473 0.338096875 0.46693749999999995 0.34250625 0.46844843750000004 0.3423796875 0.47079843749999994 0.337215625
17 0.49698281250000004 0.10779375 0.4927859375 0.1095578125 0.492953125 0.1115734375 0.5 0.11824375000000001 0.5 0.1092 0.49698281250000004 0.10779375
16 0.4516171875 0.03365 0.4573703125 0.03365 0.464559375 0.0282578125 0.464559375 0.026101562499999998 0.4674359375 0.02394375 0.4674359375 0.0196296875 0.464559375 0.0174734375 0.464559375 0.015315625 0.45449375 0.0077671875 0.4372359375 0.0077671875 0.434359375 0.0099234375 0.431484375 0.0099234375 0.4286078125 0.01208125 0.42573125 0.01208125 0.4228546875 0.0142375 0.4199796875 0.0142375 0.417103125 0.016395312500000002 0.4142265625 0.016395312500000002 0.41135 0.0185515625 0.408475 0.0185515625 0.4055984375 0.020709375 0.402721875 0.020709375 0.3998453125 0.022865625 0.39697031250000003 0.022865625 0.3912171875 0.0271796875 0.388340625 0.0271796875 0.38115 0.032571875 0.38115 0.0347296875 0.37827500000000003 0.0368859375 0.37827500000000003 0.03904375 0.373959375 0.042278125 0.371084375 0.042278125 0.36676875 0.0455140625 0.36676875 0.049828125 0.372521875 0.05414218750000001 0.372521875 0.0562984375 0.3768359375 0.059534374999999994 0.3797125 0.059534374999999994 0.38115 0.05845625 0.3854640625 0.0552203125 0.402721875 0.0552203125 0.4055984375 0.053064062499999995 0.4142265625 0.053064062499999995 0.417103125 0.0552203125 0.4214171875 0.051984375000000006 0.4214171875 0.049828125 0.4228546875 0.04875 0.42573125 0.04875 0.431484375 0.0444359375 0.434359375 0.0444359375 0.4372359375 0.042278125 0.4401125 0.042278125 0.4516171875 0.03365
6 1 0.25375000000000003 0.9150140625000001 0.20369375 0.7234734375 0.15003906250000001 0.5 0.22404843749999998 0.5 0.5796875 1 0.5796875 1 0.25375000000000003
22 0.23910468749999997 0.687875 0.3716203125 0.5796875 0.09112187499999999 0.5796875 0.13008906250000002 0.699921875 0.23910468749999997 0.687875
22 0.40590624999999997 0.6694375 0.23910468749999997 0.687875 0.147328125 0.7627984375 0.23582031250000002 0.8561609375 0.27489375 0.8656843750000001 0.40360781250000005 0.8885515625 0.41165312500000006 0.718975 0.40590624999999997 0.6694375
6 0.5 1 0.5 0.5796875 0 0.5796875 0 1 0.5 1
17 0.1347453125 0.7964375 0.159659375 0.8377218750000001 0.18132187500000002 0.8341328125 0.2029859375 0.8054125000000001 0.22248281250000002 0.8233656249999999 0.28314374999999997 0.8341328125 0.30372499999999997 0.8574703124999999 0.3091421875 0.8843937499999999 0.3318890625 0.8969609374999999 0.3838796875 0.8538796874999999 0.40337968750000003 0.6959171875 0.35246875 0.701303125 0.3308046875 0.6797609375 0.3026421875 0.6761703125 0.323221875 0.6564281249999999 0.300475 0.6438609375000001 0.287478125 0.6438609375000001 0.2853109375 0.6618125 0.267978125 0.658221875 0.284228125 0.64565625 0.2419828125 0.629503125 0.22898281250000002 0.5971890625 0.214196875 0.5796875 0.113203125 0.5796875 0.0979171875 0.620528125 0.1304109375 0.677965625 0.139078125 0.7354078125 0.1304109375 0.7713078125 0.139078125 0.78925625 0.1347453125 0.7964375
6 1 0.5796875 0.7686171875000001 0.5796875 0.7537359375 0.668190625 0.716840625 0.64938125 0.662028125 0.6926421875 0.65359375 0.7321375 0.6493781249999999 0.8186546874999999 0.6261875 0.8412234375000001 0.585078125 0.8242953125 0.556615625 0.826178125 0.5429109375000001 0.8863625 0.572428125 0.9126937500000001 0.571553125 1 1 1 1 0.5796875