17 0 0.338803125 0.0018281249999999999 0.3401734375 0.004815625 0.3401734375 0.006309375000000001 0.34129375 0.006309375000000001 0.343534375 0.013778124999999999 0.3491359375 0.016765625 0.3491359375 0.019753125 0.351375 0.022740625 0.351375 0.031703125 0.358096875 0.034690625 0.358096875 0.037678125 0.36033750000000003 0.049628125 0.36033750000000003 0.055603124999999996 0.36481875 0.05859062499999999 0.36481875 0.061578125 0.367059375 0.073528125 0.367059375 0.075021875 0.36593906249999997 0.088465625 0.35585625 0.091453125 0.35585625 0.097428125 0.351375 0.10041562500000001 0.351375 0.10937812499999999 0.3446546875 0.112365625 0.3446546875 0.11535312499999999 0.3424140625 0.118340625 0.3424140625 0.124315625 0.33793281249999996 0.12730312500000002 0.33793281249999996 0.133278125 0.33345156249999997 0.136265625 0.33345156249999997 0.142240625 0.328971875 0.14522812499999999 0.328971875 0.17062187499999998 0.309928125 0.17062187499999998 0.3076875 0.16912812500000002 0.3065671875 0.154190625 0.3065671875 0.151203125 0.3043265625 0.12132812500000001 0.3043265625 0.118340625 0.3020859375 0.106390625 0.3020859375 0.101909375 0.305446875 0.101909375 0.309928125 0.097428125 0.3132875 0.091453125 0.3132875 0.088465625 0.315528125 0.079503125 0.315528125 0.076515625 0.31776875000000004 0.067553125 0.31776875000000004 0.064565625 0.32000937500000004 0.061578125 0.32000937500000004 0.052615625 0.32673125000000003 0.049628125 0.32673125000000003 0.046640625000000005 0.328971875 0.034690625 0.328971875 0.031703125 0.32673125000000003 0.019753125 0.32673125000000003 0.016765625 0.328971875 0 0.328971875 0 0.338803125
9 0.049628125 0.39394375 0.043653125 0.39394375 0.018259375 0.4129875 0.018259375 0.41875 0.078009375 0.41875 0.078009375 0.41522812499999995 0.072034375 0.41074687499999996 0.072034375 0.4085078125 0.070540625 0.4073875 0.067553125 0.4073875 0.049628125 0.39394375
6 1 0.3721171875 0.8939406249999999 0.2206375 0.7121515625 0.1622125 0.49790156249999995 0.1509046875 0.48491718749999996 0.071746875 0.36372343749999997 0.11697968750000001 0.309375 0.15431250000000002 0.309375 0.41875 1 0.41875 1 0.3721171875
21 0.7246453125000001 0.2605109375 0.7323906250000001 0.22231874999999998 0.710453125 0.1897421875 0.689803125 0.1785078125 0.645928125 0.1807578125 0.5155921875 0.25601562499999997 0.572371875 0.33689375 0.594309375 0.32903125 0.612378125 0.3357734375 0.638184375 0.31330625 0.6768984375 0.3020734375 0.7246453125000001 0.2605109375
6 0.30661875 1 0.3068875 0.99865625 0.309375 0.9958875 0.309375 0.90633125 0.305765625 0.9033218749999999 0.30464531250000004 0.8902359375 0.2968015625 0.8734125 0.290078125 0.8734125 0.274390625 0.858459375 0.269909375 0.858459375 0.2662375 0.8422640625 0.2562890625 0.8342171875 0.2662375 0.8276796875000001 0.2599078125 0.8045484374999999 0.2474984375 0.8135953125000001 0.23853437500000002 0.7986421874999999 0.175784375 0.8023796875 0.1556140625 0.8098578125 0.1511328125 0.8173343750000001 0.1376859375 0.8248109375 0.136565625 0.837896875 0.13880625 0.8416343749999999 0.1332046875 0.8472421875 0.1175171875 0.8248109375 0.09510625 0.8135953125000001 0.0726953125 0.7911640625 0.0547671875 0.76125625 0.032356249999999996 0.7575171875 0.0121859375 0.7463015625 0.0065828125 0.7257390625 0.0144265625 0.72013125 0.0256328125 0.72013125 0.031235937499999998 0.710784375 0.031235937499999998 0.6958296875000001 0.0402 0.688353125 0.0379578125 0.6733984375000001 0.028993750000000002 0.6584453124999999 0.026753125 0.6472296875 0.0077046875 0.6229281249999999 0 0.6170859375 0 1 0.30661875 1
7 0.309375 1 0.309375 0.9812234375 0.258703125 0.9182765625 0.254221875 0.9070609375 0.22508750000000002 0.8883671874999999 0.195953125 0.8547203124999999 0.1920828125 0.8508125 0.18586875 0.860328125 0.18213593749999998 0.86941875 0.19035156250000002 0.8864984375 0.2068546875 0.91115625 0.21836406249999998 0.9107984374999999 0.2239671875 0.9201453125000001 0.2213234375 0.9403218750000001 0.22494062499999998 0.9518875 0.25198125 0.9930468749999999 0.259125 1 0.309375 1
7 0.2755125 0.927621875 0.28111406250000004 0.925753125 0.2844765625 0.9126687499999999 0.28559687500000003 0.869675 0.28111406250000004 0.8659359375 0.26318593749999997 0.8659359375 0.26094531249999997 0.8621968750000001 0.22284687500000003 0.8621968750000001 0.22060624999999998 0.858459375 0.2082796875 0.8640671875000001 0.2340515625 0.89584375 0.25198125 0.9033218749999999 0.26318593749999997 0.9220140625000001 0.27215 0.9294921875 0.2755125 0.927621875
7 0.2822140625 0.9468593750000001 0.298490625 0.963453125 0.309375 0.9632093749999999 0.309375 0.9078203125 0.2945609375 0.8995828124999999 0.2844765625 0.901453125 0.2831171875 0.9247328125 0.2731703125 0.9317734375000001 0.2770890625 0.9413281250000001 0.2822140625 0.9468593750000001
7 0.160096875 0.858459375 0.1623375 0.8659359375 0.172421875 0.8715437500000001 0.17802500000000002 0.869675 0.191471875 0.85098125 0.2004359375 0.858459375 0.23853437500000002 0.858459375 0.2418953125 0.8453734374999999 0.24413749999999998 0.80425 0.24077500000000002 0.7986421874999999 0.1623375 0.8023796875 0.144409375 0.8210734375 0.12311875000000001 0.82668125 0.12648125 0.8360265625000001 0.1354453125 0.8397656250000001 0.15337343750000001 0.858459375 0.160096875 0.858459375
7 0.195953125 0.948184375 0.20491874999999998 0.9332296875000001 0.21836406249999998 0.9369687499999999 0.2217265625 0.9313609375 0.2217265625 0.9201453125000001 0.21836406249999998 0.9145375 0.2004359375 0.9070609375 0.180265625 0.9070609375 0.17802500000000002 0.9033218749999999 0.1623375 0.9070609375 0.1612171875 0.9463156250000001 0.164578125 0.9519234375 0.172421875 0.9500546875 0.195953125 0.948184375
6 1 0.475609375 0.9919734375000001 0.44467968750000003 0.6197203124999999 0.446334375 0.33415 0.5055734375000001 0.40495937499999995 0.6879703125 0.6233 0.702865625 0.82374375 0.7045203124999999 0.9955515625 0.686315625 1 0.6468296875 1 0.475609375
3 0.850284375 0.6664515625 0.8430078125 0.6630890625 0.8381578125000001 0.6630890625 0.8357328125000001 0.66196875 0.8357328125000001 0.659728125 0.8381578125000001 0.6586078125 0.8430078125 0.6608484375 0.8527093750000001 0.6608484375 0.8575593749999999 0.6630890625 0.862409375 0.6630890625 0.867259375 0.6653296875 0.869684375 0.664209375 0.869684375 0.66196875 0.8793859375 0.6574875 0.8793859375 0.6530046875 0.874534375 0.6507640625 0.874534375 0.6485234375 0.864834375 0.6440406249999999 0.864834375 0.6238718750000001 0.8478578125 0.6160281249999999 0.8430078125 0.6160281249999999 0.8381578125000001 0.6137875 0.8333078125 0.6160281249999999 0.8139062499999999 0.6160281249999999 0.80905625 0.6137875 0.7848046875 0.6137875 0.7799546875 0.6160281249999999 0.765403125 0.6160281249999999 0.760553125 0.61826875 0.7557031249999999 0.61826875 0.7387265625 0.6261125 0.7387265625 0.6305953125 0.7314515625 0.63395625 0.7266015625 0.63395625 0.7169 0.629475 0.7072 0.63395625 0.70235 0.631715625 0.6975 0.631715625 0.6950734375 0.6328359375 0.6950734375 0.6373171875 0.70235 0.6406796875 0.7072 0.636196875 0.71205 0.636196875 0.714475 0.6373171875 0.699925 0.6440406249999999 0.699925 0.6552453125000001 0.7047749999999999 0.6574875 0.7047749999999999 0.66196875 0.7096250000000001 0.664209375 0.7096250000000001 0.6686921875 0.714475 0.6709328125 0.714475 0.6731734375 0.719325 0.6754156250000001 0.719325 0.67765625 0.7241765625000001 0.6798968750000001 0.7241765625000001 0.6843781250000001 0.7314515625 0.687740625 0.750853125 0.687740625 0.753278125 0.6866203125 0.7557031249999999 0.6855 0.765403125 0.6855 0.770253125 0.6832578125000001 0.7751046875000001 0.6832578125000001 0.7848046875 0.6787765625 0.8139062499999999 0.6787765625 0.8187562500000001 0.6810171875 0.8284578125 0.6810171875 0.8357328125000001 0.67765625 0.8357328125000001 0.6754156250000001 0.8430078125 0.6720531249999999 0.8478578125 0.6720531249999999 0.850284375 0.6709328125 0.850284375 0.6664515625
16 0.4695359375 0.5353515625 0.46468437500000004 0.5353515625 0.45983437499999996 0.5331109374999999 0.454984375 0.5331109374999999 0.45013437500000003 0.5308703125 0.440434375 0.5308703125 0.4355828125 0.5331109374999999 0.4258828125 0.5331109374999999 0.4210328125 0.5353515625 0.41618281250000005 0.5353515625 0.40648125 0.5398343750000001 0.40163125 0.5398343750000001 0.39435625 0.5431953125 0.39435625 0.5454359375 0.38950625 0.547678125 0.38950625 0.552159375 0.39435625 0.5544 0.39435625 0.5633640625 0.39920625 0.56560625 0.39920625 0.5700875 0.40163125 0.5712078125 0.41133125000000004 0.5712078125 0.42830781250000005 0.5790515625 0.42830781250000005 0.5812921875 0.4355828125 0.5846546874999999 0.45013437500000003 0.5846546874999999 0.454984375 0.5868953125 0.46468437500000004 0.5868953125 0.46711093750000005 0.585775 0.4695359375 0.5846546874999999 0.47923593750000004 0.5846546874999999 0.49621250000000006 0.5768109375 0.49621250000000006 0.5723281250000001 0.5010625 0.5700875 0.5010625 0.5611234375 0.5059125 0.5588828125 0.5010625 0.5566421874999999 0.5010625 0.54991875 0.49621250000000006 0.547678125 0.49621250000000006 0.5454359375 0.4889359375 0.542075 0.4840859375 0.542075 0.4695359375 0.5353515625
12 0.3749546875 0.5947390625 0.3773796875 0.5958593750000001 0.3822296875 0.5958593750000001 0.3870796875 0.5981 0.41618281250000005 0.5981 0.4186078125 0.5969796875 0.4234578125 0.5947390625 0.4234578125 0.5924984375 0.42830781250000005 0.59025625 0.42830781250000005 0.5790515625 0.41133125000000004 0.5712078125 0.3822296875 0.5712078125 0.3701046875 0.5768109375 0.3701046875 0.5790515625 0.3652546875 0.5812921875 0.3652546875 0.5835343749999999 0.3701046875 0.585775 0.3701046875 0.59025625 0.3749546875 0.5924984375 0.3749546875 0.5947390625
15 0.8915109375 0.6675718749999999 0.8866609375 0.6675718749999999 0.8818109375000001 0.6653296875 0.8769609375 0.6653296875 0.872109375 0.6630890625 0.867259375 0.6630890625 0.862409375 0.6608484375 0.8575593749999999 0.6608484375 0.8527093750000001 0.6586078125 0.8478578125 0.6586078125 0.8430078125 0.6563656250000001 0.8333078125 0.6563656250000001 0.8260328124999999 0.659728125 0.8381578125000001 0.6653296875 0.8430078125 0.6653296875 0.8478578125 0.6675718749999999 0.8527093750000001 0.6675718749999999 0.8575593749999999 0.6698125 0.862409375 0.6698125 0.867259375 0.6720531249999999 0.872109375 0.6720531249999999 0.8769609375 0.67429375 0.8818109375000001 0.67429375 0.8866609375 0.6765359375 0.8915109375 0.6765359375 0.8963609375000001 0.6787765625 0.9012125 0.6787765625 0.9109125 0.6832578125000001 0.9206125000000001 0.6832578125000001 0.9303140624999999 0.687740625 0.9351640625 0.687740625 0.9400140625000001 0.68998125 0.9497140625 0.68998125 0.9521390625 0.6888609375 0.9521390625 0.6821375 0.9497140625 0.6810171875 0.9448640625 0.6810171875 0.9400140625000001 0.6787765625 0.9351640625 0.6787765625 0.9303140624999999 0.6765359375 0.9254625000000001 0.6765359375 0.9206125000000001 0.67429375 0.9157624999999999 0.67429375 0.9109125 0.6720531249999999 0.9060625 0.6720531249999999 0.9012125 0.6698125 0.8963609375000001 0.6698125 0.8915109375 0.6675718749999999
16 0.7305765625 0.497528125 0.7364468750000001 0.47077187499999995 0.7490265625 0.45565 0.759928125 0.44711875 0.741478125 0.438975 0.712965625 0.43199531249999995 0.693859375 0.44572968749999997 0.6794203125 0.453321875 0.648390625 0.4641796875 0.6198765625 0.47969062500000004 0.5729140625 0.5087734375 0.5427234375000001 0.533978125 0.5385296875 0.546 0.5519484375 0.5541421875 0.58633125 0.5622859375 0.6383265625 0.5653875 0.6584531250000001 0.559184375 0.6844515624999999 0.5370812500000001 0.70625625 0.5165296875000001 0.7305765625 0.497528125
16 0.46305312499999995 0.6123078125 0.44292499999999996 0.605328125 0.41944375 0.60843125 0.40067343749999995 0.6184000000000001 0.41608906250000005 0.6247171875 0.4337 0.631696875 0.4370546875 0.6382890625 0.43118437500000006 0.649534375 0.458859375 0.6681468749999999 0.5066609375 0.6836578125 0.5343359375000001 0.69025 0.5301437499999999 0.6828828125 0.52091875 0.66271875 0.52595 0.6429421875 0.5435609375 0.632084375 0.50246875 0.6196765625 0.46305312499999995 0.6123078125
17 0.70235 0.6003406250000001 0.7047749999999999 0.5992203125 0.71205 0.5958593750000001 0.7266015625 0.5958593750000001 0.7290265625 0.5947390625 0.7290265625 0.59025625 0.7266015625 0.5891359375 0.7169 0.5891359375 0.71205 0.5913765625 0.7072 0.5913765625 0.70235 0.59361875 0.6975 0.59361875 0.6902234375 0.5969796875 0.6902234375 0.5992203125 0.6926484375 0.6003406250000001 0.70235 0.6003406250000001
17 0.8187562500000001 0.6160281249999999 0.8236062499999999 0.6137875 0.8284578125 0.6137875 0.8308828125 0.6126671875 0.8308828125 0.608184375 0.8260328124999999 0.60594375 0.8260328124999999 0.603703125 0.81633125 0.5992203125 0.81633125 0.5969796875 0.8114812499999999 0.5947390625 0.8114812499999999 0.5924984375 0.80663125 0.59025625 0.80663125 0.5880156249999999 0.7945046875 0.5824125 0.7823796875 0.5880156249999999 0.7823796875 0.5947390625 0.7775296875000001 0.5969796875 0.7775296875000001 0.5992203125 0.7726796874999999 0.6014609375 0.7726796874999999 0.603703125 0.762978125 0.608184375 0.762978125 0.610425 0.7557031249999999 0.6137875 0.750853125 0.6115468749999999 0.7363015625 0.6115468749999999 0.7314515625 0.6093046875 0.71205 0.6093046875 0.7072 0.6070640625 0.6829484375 0.6070640625 0.6756734375 0.610425 0.6756734375 0.6193890625 0.6805234375 0.62163125 0.6805234375 0.6261125 0.6853734375 0.6283531250000001 0.6853734375 0.6305953125 0.6902234375 0.6328359375 0.6902234375 0.6350765625 0.6950734375 0.6373171875 0.6950734375 0.6395593749999999 0.70235 0.6429203125 0.7217515624999999 0.6429203125 0.7241765625000001 0.6418 0.7338765625 0.6395593749999999 0.7338765625 0.6350765625 0.7387265625 0.6328359375 0.7387265625 0.6305953125 0.7435765625 0.6283531250000001 0.7435765625 0.6261125 0.748428125 0.6238718750000001 0.748428125 0.62163125 0.760553125 0.6160281249999999 0.7799546875 0.6160281249999999 0.7848046875 0.6137875 0.80905625 0.6137875 0.8139062499999999 0.6160281249999999 0.8187562500000001 0.6160281249999999
17 0.7217515624999999 0.7146328125 0.7266015625 0.7146328125 0.7290265625 0.7135125 0.7290265625 0.7112703125000001 0.7266015625 0.71015 0.7217515624999999 0.71015 0.719325 0.7112703125000001 0.719325 0.7135125 0.7217515624999999 0.7146328125