0 0.0009765625 0 0 0.0013015625 0 0.99609375 0.0009765625 0.9973953124999999 0.2568359375 0.9973953124999999 0.2587890625 0.9947921875000001 0.2607421875 0.9947921875000001 0.2626953125 0.9973953124999999 0.3095703125 0.9973953124999999 0.3115234375 0.9947921875000001 0.3154296875 0.9947921875000001 0.3173828125 0.9973953124999999 0.9013671875 0.9973953124999999 0.90234375 0.99609375 0.90234375 0.9934890624999999 0.9052734375 0.9895828124999999 0.90625 0.9908859375000001 0.90625 0.9934890624999999 0.9091796875 0.9973953124999999 0.9990234375 0.9973953124999999 1 0.99609375 1 0.00390625 0.9990234375 0.0026046875000000002 0.9345703125 0.0026046875000000002 0.9326171875 0 0.9306640625 0 0.9287109375 0.0026046875000000002 0.7705078125 0.0026046875000000002 0.7685546875 0 0.7607421875 0 0.7587890625 0.0026046875000000002 0.6494140625 0.0026046875000000002 0.6474609375 0 0.5771484375 0 0.5751953125 0.0026046875000000002 0.5673828125 0.0026046875000000002 0.5654296875 0 0.5146484375 0 0.5126953125 0.0026046875000000002 0.4482421875 0.0026046875000000002 0.4462890625 0 0.4423828125 0 0.4404296875 0.0026046875000000002 0.4384765625 0.0026046875000000002 0.4365234375 0 0.3916015625 0 0.3896484375 0.0026046875000000002 0.3876953125 0.0026046875000000002 0.3857421875 0 0.2724609375 0 0.2705078125 0.0026046875000000002 0.2666015625 0.0026046875000000002 0.2646484375 0 0.2626953125 0 0.2607421875 0.0026046875000000002 0.2490234375 0.0026046875000000002 0.2470703125 0 0.2451171875 0.0026046875000000002 0.2353515625 0.0026046875000000002 0.2333984375 0 0.2041015625 0 0.2021484375 0.0026046875000000002 0.1669921875 0.0026046875000000002 0.1650390625 0 0.1474609375 0 0.1455078125 0.0026046875000000002 0.0048828125 0.0026046875000000002 0.0029296875 0 0.0009765625 0
1 0.3154296875 1 0.31640625 0.9986984375000001 0.31640625 0.99609375 0.30859375 0.9856765624999999 0.30859375 0.9830734375000001 0.3076171875 0.9817703124999999 0.3056640625 0.9817703124999999 0.3037109375 0.9791671875000001 0.30078125 0.9830734375000001 0.30078125 0.9856765624999999 0.302734375 0.98828125 0.302734375 0.9908859375000001 0.3095703125 1 0.3154296875 1
1 0.4677734375 0.9921875 0.4716796875 0.9921875 0.47265625 0.9908859375000001 0.47265625 0.98046875 0.470703125 0.9778640624999999 0.470703125 0.9700515624999999 0.4697265625 0.96875 0.4677734375 0.96875 0.46484375 0.97265625 0.46484375 0.9752609375000001 0.466796875 0.9778640624999999 0.466796875 0.9908859375000001 0.4677734375 0.9921875
1 0.421875 0.94140625 0.4228515625 0.9427078124999999 0.4287109375 0.9427078124999999 0.4296875 0.94140625 0.4296875 0.9361984375000001 0.427734375 0.93359375 0.427734375 0.92578125 0.4267578125 0.9244796875000001 0.4248046875 0.9244796875000001 0.4228515625 0.921875 0.419921875 0.92578125 0.419921875 0.9361984375000001 0.421875 0.9388015624999999 0.421875 0.94140625
1 0.423828125 0.90234375 0.4169921875 0.8932296875000001 0.4150390625 0.8932296875000001 0.4130859375 0.890625 0.41015625 0.89453125 0.41015625 0.8971359375000001 0.4189453125 0.9088546875000001 0.4228515625 0.9088546875000001 0.423828125 0.9075515624999999 0.423828125 0.90234375
1 0.392578125 0.88671875 0.390625 0.8893234375000001 0.3935546875 0.8932296875000001 0.3974609375 0.8932296875000001 0.3984375 0.8919265624999999 0.400390625 0.8893234375000001 0.400390625 0.8841140624999999 0.40234375 0.8815109375000001 0.40234375 0.8763015624999999 0.4013671875 0.875 0.3955078125 0.875 0.39453125 0.8763015624999999 0.39453125 0.87890625 0.392578125 0.8815109375000001 0.392578125 0.88671875
1 0.3203125 0.8815109375000001 0.3203125 0.8841140624999999 0.318359375 0.88671875 0.318359375 0.8971359375000001 0.3193359375 0.8984375 0.3212890625 0.8984375 0.322265625 0.8971359375000001 0.322265625 0.8919265624999999 0.32421875 0.8893234375000001 0.32421875 0.8841140624999999 0.326171875 0.8815109375000001 0.326171875 0.8763015624999999 0.3251953125 0.875 0.3232421875 0.875 0.322265625 0.8763015624999999 0.322265625 0.87890625 0.3203125 0.8815109375000001
1 0.349609375 0.82421875 0.349609375 0.8111984375000001 0.34765625 0.80859375 0.34765625 0.80078125 0.3466796875 0.7994796875 0.3427734375 0.7994796875 0.341796875 0.80078125 0.341796875 0.82421875 0.3427734375 0.8255203124999999 0.3486328125 0.8255203124999999 0.349609375 0.82421875
1 0.4462890625 0.8125 0.447265625 0.8111984375000001 0.447265625 0.80859375 0.44921875 0.8059890624999999 0.44921875 0.7955734375 0.4482421875 0.7942703125 0.4443359375 0.7942703125 0.443359375 0.7955734375 0.443359375 0.8059890624999999 0.44140625 0.80859375 0.4443359375 0.8125 0.4462890625 0.8125
1 0.3525390625 0.765625 0.3583984375 0.765625 0.359375 0.7643234375 0.359375 0.76171875 0.361328125 0.7591140625 0.361328125 0.7565109375 0.36328125 0.75390625 0.36328125 0.7486984375 0.3603515625 0.7447921875 0.3583984375 0.7447921875 0.3515625 0.75390625 0.3515625 0.7643234375 0.3525390625 0.765625
1 0.421875 0.73828125 0.423828125 0.7356765625 0.4208984375 0.7317703125 0.4189453125 0.7317703125 0.4169921875 0.734375 0.4150390625 0.734375 0.4140625 0.7356765625 0.4140625 0.73828125 0.4150390625 0.7395828125 0.4208984375 0.7395828125 0.421875 0.73828125
1 0.345703125 0.7122390625 0.3466796875 0.7135421875 0.3486328125 0.7135421875 0.349609375 0.7122390625 0.3515625 0.7096359375 0.3515625 0.6940109375 0.353515625 0.69140625 0.353515625 0.68359375 0.3525390625 0.6822921875 0.3486328125 0.6822921875 0.34765625 0.68359375 0.34765625 0.6888015625 0.345703125 0.69140625 0.345703125 0.7122390625
1 0.3349609375 0.6901046875 0.3369140625 0.6901046875 0.337890625 0.6888015625 0.33984375 0.6861984375 0.33984375 0.6783859375 0.341796875 0.67578125 0.341796875 0.6731765625 0.3388671875 0.6692703125 0.3359375 0.6731765625 0.3359375 0.67578125 0.333984375 0.6783859375 0.333984375 0.6888015625 0.3349609375 0.6901046875
1 0.3291015625 0.7395828125 0.3310546875 0.7395828125 0.33203125 0.73828125 0.333984375 0.7356765625 0.333984375 0.73046875 0.33203125 0.7278640625 0.33203125 0.71484375 0.3310546875 0.7135421875 0.330078125 0.71484375 0.330078125 0.7200515625 0.328125 0.72265625 0.328125 0.73828125 0.3291015625 0.7395828125
1 0.345703125 0.6080734375 0.34765625 0.6106765625 0.33984375 0.62109375 0.33984375 0.6236984375 0.3427734375 0.6276046875 0.3447265625 0.625 0.3466796875 0.625 0.3505859375 0.6302078125 0.3515625 0.62890625 0.3515625 0.6236984375 0.353515625 0.62109375 0.353515625 0.6184890625 0.35546875 0.6158859375 0.35546875 0.6106765625 0.3544921875 0.609375 0.3525390625 0.609375 0.3505859375 0.6067703125 0.3466796875 0.6067703125 0.345703125 0.6080734375
1 0.39453125 0.6106765625 0.39453125 0.6158859375 0.396484375 0.6184890625 0.396484375 0.6263015625 0.3984375 0.62890625 0.3984375 0.6315109375 0.3994140625 0.6328125 0.4013671875 0.6328125 0.40234375 0.6315109375 0.404296875 0.62890625 0.404296875 0.6236984375 0.40234375 0.62109375 0.40234375 0.6158859375 0.400390625 0.61328125 0.400390625 0.60546875 0.3994140625 0.6041671875 0.3955078125 0.6041671875 0.392578125 0.6080734375 0.39453125 0.6106765625
1 0.4638671875 0.6328125 0.4384765625 0.6328125 0.4375 0.6341140625 0.4375 0.63671875 0.4404296875 0.640625 0.4638671875 0.640625 0.46484375 0.6393234375 0.466796875 0.63671875 0.4638671875 0.6328125
1 0.462890625 0.6236984375 0.462890625 0.62109375 0.4619140625 0.6197921875 0.4599609375 0.6197921875 0.4580078125 0.6171875 0.4423828125 0.6171875 0.44140625 0.6184890625 0.44140625 0.62109375 0.4443359375 0.625 0.4619140625 0.625 0.462890625 0.6236984375
1 0.447265625 0.6028640625 0.447265625 0.60546875 0.4560546875 0.6171875 0.4580078125 0.6171875 0.4599609375 0.6197921875 0.4658203125 0.6197921875 0.466796875 0.6184890625 0.46875 0.6158859375 0.4638671875 0.609375 0.4619140625 0.609375 0.4599609375 0.6067703125 0.4580078125 0.6067703125 0.4560546875 0.6041671875 0.4541015625 0.6041671875 0.4521484375 0.6015625 0.4482421875 0.6015625 0.447265625 0.6028640625
1 0.45703125 0.60546875 0.4580078125 0.6067703125 0.4619140625 0.6067703125 0.462890625 0.60546875 0.462890625 0.6002609375 0.46484375 0.59765625 0.46484375 0.5924484375 0.4619140625 0.5885421875 0.4580078125 0.5885421875 0.45703125 0.58984375 0.45703125 0.59765625 0.455078125 0.6002609375 0.45703125 0.6028640625 0.45703125 0.60546875
1 0.501953125 0.62890625 0.50390625 0.6315109375 0.50390625 0.6341140625 0.5048828125 0.6354171875 0.505859375 0.6341140625 0.5078125 0.6315109375 0.5078125 0.62109375 0.505859375 0.6184890625 0.505859375 0.61328125 0.5048828125 0.6119796875 0.5009765625 0.6119796875 0.5 0.61328125 0.5 0.6184890625 0.501953125 0.62109375 0.501953125 0.62890625
1 0.4873046875 0.6119796875 0.4853515625 0.6119796875 0.482421875 0.6158859375 0.482421875 0.6236984375 0.4833984375 0.625 0.4892578125 0.625 0.490234375 0.6236984375 0.490234375 0.6158859375 0.4873046875 0.6119796875
1 0.3984375 0.58984375 0.4013671875 0.59375 0.4033203125 0.59375 0.4072265625 0.5989578125 0.4091796875 0.5989578125 0.4111328125 0.6015625 0.412109375 0.6002609375 0.4140625 0.59765625 0.4140625 0.5924484375 0.4130859375 0.5911453125 0.4111328125 0.5911453125 0.4072265625 0.5859375 0.4052734375 0.5859375 0.4033203125 0.5833328125 0.4013671875 0.5833328125 0.3984375 0.5872390625 0.3984375 0.58984375
1 0.3642578125 0.5807296875 0.361328125 0.5846359375 0.361328125 0.5872390625 0.359375 0.58984375 0.3623046875 0.59375 0.36328125 0.5924484375 0.3642578125 0.5911453125 0.3681640625 0.5911453125 0.3720703125 0.5859375 0.3740234375 0.5859375 0.376953125 0.58203125 0.376953125 0.5768234375 0.3740234375 0.5729171875 0.3720703125 0.5729171875 0.3662109375 0.5807296875 0.3642578125 0.5807296875
1 0.3408203125 0.6145828125 0.3447265625 0.6145828125 0.345703125 0.61328125 0.3466796875 0.6119796875 0.3486328125 0.6119796875 0.3505859375 0.609375 0.3525390625 0.609375 0.353515625 0.6080734375 0.3505859375 0.6041671875 0.3427734375 0.6041671875 0.33984375 0.6080734375 0.33984375 0.61328125 0.3408203125 0.6145828125
1 0.3955078125 0.5625 0.3896484375 0.5625 0.38671875 0.56640625 0.38671875 0.5690109375 0.3876953125 0.5703125 0.3916015625 0.5703125 0.392578125 0.5690109375 0.3935546875 0.5677078125 0.3994140625 0.5677078125 0.4013671875 0.5651046875 0.4091796875 0.5651046875 0.41015625 0.5638015625 0.41015625 0.55859375 0.4091796875 0.5572921875 0.4072265625 0.5598953125 0.3974609375 0.5598953125 0.3955078125 0.5625
1 0.408203125 0.5638015625 0.408203125 0.56640625 0.40625 0.5690109375 0.4072265625 0.5703125 0.4111328125 0.5703125 0.412109375 0.5690109375 0.4130859375 0.5677078125 0.4150390625 0.5677078125 0.4208984375 0.5598953125 0.4228515625 0.5598953125 0.423828125 0.55859375 0.423828125 0.5533859375 0.4208984375 0.5494796875 0.4150390625 0.5572921875 0.4130859375 0.5572921875 0.408203125 0.5638015625
1 0.435546875 0.57421875 0.435546875 0.5533859375 0.4375 0.55078125 0.4375 0.5481765625 0.4345703125 0.5442703125 0.4306640625 0.5442703125 0.427734375 0.5481765625 0.427734375 0.5716140625 0.4306640625 0.5755203125 0.4345703125 0.5755203125 0.435546875 0.57421875
1 0.453125 0.55078125 0.4541015625 0.5520828125 0.4560546875 0.5520828125 0.4580078125 0.5546875 0.4619140625 0.5546875 0.4638671875 0.5572921875 0.4697265625 0.5572921875 0.470703125 0.5559890625 0.47265625 0.5533859375 0.47265625 0.5481765625 0.4716796875 0.546875 0.4697265625 0.546875 0.4677734375 0.5442703125 0.4619140625 0.5442703125 0.4599609375 0.5416671875 0.4560546875 0.5416671875 0.453125 0.5455734375 0.453125 0.55078125
1 0.408203125 0.5325515625 0.408203125 0.53515625 0.4091796875 0.5364578125 0.4150390625 0.5364578125 0.416015625 0.53515625 0.4169921875 0.5338546875 0.4189453125 0.5338546875 0.423828125 0.52734375 0.4208984375 0.5234375 0.4189453125 0.5234375 0.4169921875 0.5260421875 0.4150390625 0.5260421875 0.4130859375 0.5286453125 0.4111328125 0.5286453125 0.408203125 0.5325515625
1 0.431640625 0.5403640625 0.431640625 0.53515625 0.4287109375 0.53125 0.4208984375 0.53125 0.4189453125 0.5338546875 0.4169921875 0.5338546875 0.416015625 0.53515625 0.416015625 0.5377609375 0.4189453125 0.5416671875 0.4306640625 0.5416671875 0.431640625 0.5403640625
1 0.357421875 0.55078125 0.3603515625 0.5546875 0.361328125 0.5533859375 0.36328125 0.55078125 0.36328125 0.53515625 0.361328125 0.5325515625 0.361328125 0.5221359375 0.3583984375 0.5182296875 0.3564453125 0.5182296875 0.35546875 0.51953125 0.35546875 0.5403640625 0.357421875 0.54296875 0.357421875 0.55078125
1 0.3837890625 0.515625 0.3642578125 0.515625 0.36328125 0.5169265625 0.36328125 0.51953125 0.3642578125 0.5208328125 0.3818359375 0.5208328125 0.3828125 0.51953125 0.384765625 0.5169265625 0.3837890625 0.515625
1 0.3935546875 0.5052078125 0.3916015625 0.5052078125 0.390625 0.5065109375 0.390625 0.5143234375 0.3974609375 0.5234375 0.4013671875 0.5234375 0.40234375 0.5221359375 0.40234375 0.5169265625 0.3935546875 0.5052078125
1 0.376953125 0.50390625 0.37890625 0.5065109375 0.37890625 0.5091140625 0.3857421875 0.5182296875 0.38671875 0.5169265625 0.3876953125 0.515625 0.3896484375 0.515625 0.390625 0.5143234375 0.390625 0.51171875 0.38671875 0.5065109375 0.38671875 0.5013015625 0.3818359375 0.4947921875 0.3798828125 0.4947921875 0.376953125 0.4986984375 0.376953125 0.50390625
1 0.3798828125 0.4713546875 0.3759765625 0.4713546875 0.375 0.47265625 0.375 0.4778640625 0.3759765625 0.4791671875 0.3779296875 0.4791671875 0.3818359375 0.484375 0.3837890625 0.484375 0.3857421875 0.4869796875 0.3876953125 0.4869796875 0.3896484375 0.4895828125 0.3935546875 0.4895828125 0.39453125 0.48828125 0.39453125 0.4856765625 0.396484375 0.4830734375 0.396484375 0.48046875 0.3955078125 0.4791671875 0.3935546875 0.4791671875 0.3916015625 0.4765625 0.3857421875 0.4765625 0.3837890625 0.4739578125 0.3818359375 0.4739578125 0.3798828125 0.4713546875
1 0.375 0.4934890625 0.3759765625 0.4921875 0.3857421875 0.4921875 0.388671875 0.48828125 0.3857421875 0.484375 0.3720703125 0.484375 0.369140625 0.48828125 0.369140625 0.4908859375 0.3720703125 0.4947921875 0.3740234375 0.4947921875 0.375 0.4934890625
1 0.3544921875 0.4869796875 0.3564453125 0.4869796875 0.357421875 0.4856765625 0.3583984375 0.484375 0.3603515625 0.484375 0.36328125 0.48046875 0.3603515625 0.4765625 0.3564453125 0.4765625 0.3544921875 0.4791671875 0.3525390625 0.4791671875 0.3515625 0.48046875 0.3515625 0.4830734375 0.3544921875 0.4869796875
1 0.427734375 0.4596359375 0.4248046875 0.4557296875 0.4208984375 0.4557296875 0.419921875 0.45703125 0.419921875 0.4674484375 0.421875 0.4700515625 0.421875 0.47265625 0.423828125 0.4752609375 0.423828125 0.4778640625 0.42578125 0.48046875 0.42578125 0.4830734375 0.4287109375 0.4869796875 0.4296875 0.4856765625 0.4306640625 0.484375 0.4326171875 0.484375 0.43359375 0.4830734375 0.43359375 0.48046875 0.431640625 0.4778640625 0.431640625 0.47265625 0.4296875 0.4700515625 0.4296875 0.4674484375 0.427734375 0.46484375 0.427734375 0.4596359375
1 0.4375 0.4388015625 0.43359375 0.4440109375 0.43359375 0.4466140625 0.4296875 0.4518234375 0.4296875 0.45703125 0.4306640625 0.4583328125 0.4345703125 0.4583328125 0.435546875 0.45703125 0.4375 0.4544265625 0.4375 0.44921875 0.439453125 0.4466140625 0.439453125 0.4440109375 0.443359375 0.4388015625 0.443359375 0.4361984375 0.4423828125 0.4348953125 0.4384765625 0.4348953125 0.4375 0.4361984375 0.4375 0.4388015625
1 0.4248046875 0.453125 0.4306640625 0.453125 0.431640625 0.4518234375 0.4091796875 0.421875 0.40625 0.42578125 0.40625 0.4283859375 0.4248046875 0.453125
1 0.37890625 0.44140625 0.3828125 0.4361984375 0.3818359375 0.4348953125 0.3740234375 0.4348953125 0.3720703125 0.4322921875 0.3681640625 0.4322921875 0.3671875 0.43359375 0.3671875 0.4388015625 0.3701171875 0.4427078125 0.3779296875 0.4427078125 0.37890625 0.44140625
1 0.421875 0.4231765625 0.4228515625 0.4244796875 0.4267578125 0.4244796875 0.427734375 0.4231765625 0.431640625 0.41796875 0.431640625 0.4153640625 0.43359375 0.4127609375 0.43359375 0.4075515625 0.4326171875 0.40625 0.4287109375 0.40625 0.423828125 0.4127609375 0.423828125 0.4153640625 0.421875 0.41796875 0.421875 0.4231765625
1 0.4072265625 0.4192703125 0.40625 0.4205734375 0.4091796875 0.4244796875 0.4189453125 0.4244796875 0.419921875 0.4231765625 0.419921875 0.4205734375 0.4189453125 0.4192703125 0.4072265625 0.4192703125
1 0.3935546875 0.3515625 0.3916015625 0.3515625 0.390625 0.3528640625 0.390625 0.3580734375 0.392578125 0.3606765625 0.392578125 0.36328125 0.390625 0.3658859375 0.390625 0.3684890625 0.388671875 0.37109375 0.388671875 0.3736984375 0.38671875 0.3763015625 0.38671875 0.37890625 0.3828125 0.3841140625 0.3828125 0.3893234375 0.3837890625 0.390625 0.3876953125 0.390625 0.388671875 0.3893234375 0.390625 0.38671875 0.390625 0.3841140625 0.39453125 0.37890625 0.39453125 0.3763015625 0.3984375 0.37109375 0.3984375 0.3684890625 0.400390625 0.3658859375 0.3984375 0.36328125 0.3984375 0.3580734375 0.3935546875 0.3515625
1 0.412109375 0.37890625 0.41015625 0.3815109375 0.41015625 0.38671875 0.4111328125 0.3880203125 0.4130859375 0.3880203125 0.4150390625 0.390625 0.416015625 0.3893234375 0.416015625 0.38671875 0.41796875 0.3841140625 0.41796875 0.37890625 0.419921875 0.3763015625 0.419921875 0.37109375 0.4169921875 0.3671875 0.4140625 0.37109375 0.4140625 0.3736984375 0.412109375 0.3763015625 0.412109375 0.37890625
1 0.384765625 0.34765625 0.384765625 0.32421875 0.3837890625 0.3229171875 0.3798828125 0.3229171875 0.37890625 0.32421875 0.37890625 0.33984375 0.376953125 0.3424484375 0.376953125 0.34765625 0.3779296875 0.3489578125 0.3837890625 0.3489578125 0.384765625 0.34765625
1 0.4345703125 0.3359375 0.4326171875 0.3359375 0.431640625 0.3372390625 0.431640625 0.3658859375 0.4326171875 0.3671875 0.4345703125 0.3671875 0.435546875 0.3658859375 0.435546875 0.3372390625 0.4345703125 0.3359375
1 0.4482421875 0.4348953125 0.4501953125 0.4348953125 0.451171875 0.43359375 0.451171875 0.4309890625 0.453125 0.4283859375 0.453125 0.42578125 0.451171875 0.4231765625 0.451171875 0.4049484375 0.4501953125 0.4036453125 0.4482421875 0.4036453125 0.447265625 0.4049484375 0.447265625 0.43359375 0.4482421875 0.4348953125
1 0.4560546875 0.4166671875 0.4521484375 0.4166671875 0.451171875 0.41796875 0.451171875 0.4231765625 0.4521484375 0.4244796875 0.4580078125 0.4244796875 0.458984375 0.4231765625 0.4599609375 0.421875 0.4638671875 0.421875 0.4658203125 0.4192703125 0.4697265625 0.4192703125 0.470703125 0.41796875 0.4697265625 0.4166671875 0.4638671875 0.4166671875 0.4619140625 0.4140625 0.4580078125 0.4140625 0.4560546875 0.4166671875
1 0.5791015625 0.7395828125 0.5732421875 0.7395828125 0.572265625 0.7408859375 0.572265625 0.7565109375 0.5751953125 0.7604171875 0.5791015625 0.7604171875 0.580078125 0.7591140625 0.580078125 0.7408859375 0.5791015625 0.7395828125
1 0.58984375 0.66796875 0.583984375 0.67578125 0.5888671875 0.6822921875 0.58984375 0.6809890625 0.5908203125 0.6796875 0.5927734375 0.6796875 0.595703125 0.67578125 0.595703125 0.6731765625 0.6015625 0.6653640625 0.6015625 0.6627609375 0.5986328125 0.6588546875 0.5947265625 0.6588546875 0.58984375 0.6653640625 0.58984375 0.66796875
1 0.609375 0.64453125 0.609375 0.6497390625 0.6103515625 0.6510421875 0.6162109375 0.6510421875 0.6171875 0.6497390625 0.6181640625 0.6484375 0.6201171875 0.6484375 0.623046875 0.64453125 0.623046875 0.6393234375 0.6201171875 0.6354171875 0.6181640625 0.6380203125 0.6162109375 0.6380203125 0.6123046875 0.6432296875 0.6103515625 0.6432296875 0.609375 0.64453125
1 0.599609375 0.63671875 0.6044921875 0.6432296875 0.60546875 0.6419265625 0.607421875 0.6393234375 0.607421875 0.63671875 0.609375 0.6341140625 0.609375 0.6315109375 0.5966796875 0.6145828125 0.5947265625 0.6145828125 0.591796875 0.6184890625 0.591796875 0.6236984375 0.599609375 0.6341140625 0.599609375 0.63671875
1 0.6513671875 0.6276046875 0.6494140625 0.6302078125 0.6455078125 0.6302078125 0.6435546875 0.6328125 0.6416015625 0.6328125 0.6396484375 0.6354171875 0.6357421875 0.6354171875 0.634765625 0.63671875 0.634765625 0.6419265625 0.6357421875 0.6432296875 0.6455078125 0.6432296875 0.646484375 0.6419265625 0.6474609375 0.640625 0.6494140625 0.640625 0.6513671875 0.6380203125 0.6533203125 0.6380203125 0.6552734375 0.6354171875 0.6572265625 0.6354171875 0.66015625 0.6315109375 0.66015625 0.62890625 0.6591796875 0.6276046875 0.6513671875 0.6276046875
1 0.529296875 0.6028640625 0.529296875 0.5872390625 0.5283203125 0.5859375 0.5244140625 0.5859375 0.5234375 0.5872390625 0.5234375 0.60546875 0.5244140625 0.6067703125 0.5263671875 0.6067703125 0.52734375 0.60546875 0.529296875 0.6028640625
1 0.544921875 0.5924484375 0.544921875 0.5950515625 0.5458984375 0.5963546875 0.5517578125 0.5963546875 0.552734375 0.5950515625 0.552734375 0.58984375 0.548828125 0.5846359375 0.548828125 0.58203125 0.5439453125 0.5755203125 0.5400390625 0.5755203125 0.5390625 0.5768234375 0.5390625 0.58203125 0.54296875 0.5872390625 0.54296875 0.58984375 0.544921875 0.5924484375
1 0.6044921875 0.5651046875 0.6025390625 0.5651046875 0.599609375 0.5690109375 0.599609375 0.5716140625 0.59765625 0.57421875 0.59765625 0.5768234375 0.595703125 0.5794265625 0.595703125 0.58203125 0.59375 0.5846359375 0.59375 0.5872390625 0.591796875 0.58984375 0.591796875 0.5924484375 0.5947265625 0.5963546875 0.5966796875 0.5963546875 0.59765625 0.5950515625 0.59765625 0.5924484375 0.599609375 0.58984375 0.599609375 0.5846359375 0.6015625 0.58203125 0.6015625 0.5794265625 0.603515625 0.5768234375 0.603515625 0.57421875 0.60546875 0.5716140625 0.60546875 0.56640625 0.6044921875 0.5651046875
1 0.5810546875 0.5572921875 0.578125 0.5611984375 0.578125 0.5638015625 0.580078125 0.56640625 0.580078125 0.5690109375 0.5859375 0.5768234375 0.5859375 0.5794265625 0.5888671875 0.5833328125 0.5908203125 0.5833328125 0.5927734375 0.5859375 0.59375 0.5846359375 0.595703125 0.58203125 0.595703125 0.5794265625 0.59375 0.5768234375 0.59375 0.57421875 0.591796875 0.5716140625 0.591796875 0.5690109375 0.5859375 0.5611984375 0.5859375 0.55859375 0.5849609375 0.5572921875 0.5810546875 0.5572921875
1 0.630859375 0.5872390625 0.62890625 0.58984375 0.62890625 0.5924484375 0.626953125 0.5950515625 0.626953125 0.59765625 0.625 0.6002609375 0.625 0.60546875 0.6259765625 0.6067703125 0.6318359375 0.6067703125 0.6328125 0.60546875 0.634765625 0.6028640625 0.634765625 0.6002609375 0.63671875 0.59765625 0.63671875 0.5924484375 0.638671875 0.58984375 0.638671875 0.5846359375 0.6357421875 0.5807296875 0.6337890625 0.5807296875 0.630859375 0.5846359375 0.630859375 0.5872390625
1 0.552734375 0.57421875 0.552734375 0.5716140625 0.5478515625 0.5651046875 0.5458984375 0.5651046875 0.5361328125 0.5520828125 0.5341796875 0.5520828125 0.533203125 0.5533859375 0.533203125 0.5559890625 0.5478515625 0.5755203125 0.5517578125 0.5755203125 0.552734375 0.57421875
1 0.513671875 0.55859375 0.5146484375 0.5598953125 0.5166015625 0.5598953125 0.5185546875 0.5625 0.5205078125 0.5625 0.5224609375 0.5651046875 0.5244140625 0.5651046875 0.5263671875 0.5677078125 0.5283203125 0.5677078125 0.529296875 0.56640625 0.53125 0.5638015625 0.53125 0.5611984375 0.5263671875 0.5546875 0.5244140625 0.5546875 0.5224609375 0.5520828125 0.5185546875 0.5520828125 0.5166015625 0.5494796875 0.5146484375 0.5494796875 0.513671875 0.55078125 0.513671875 0.55859375
1 0.533203125 0.52734375 0.5322265625 0.5260421875 0.5263671875 0.5260421875 0.5224609375 0.53125 0.5205078125 0.53125 0.5185546875 0.5338546875 0.5166015625 0.5338546875 0.5146484375 0.5364578125 0.5107421875 0.5364578125 0.5078125 0.5403640625 0.5078125 0.54296875 0.5087890625 0.5442703125 0.5126953125 0.5442703125 0.513671875 0.54296875 0.5146484375 0.5416671875 0.5166015625 0.5416671875 0.5185546875 0.5390625 0.5205078125 0.5390625 0.5224609375 0.5364578125 0.5263671875 0.5364578125 0.5283203125 0.5338546875 0.5322265625 0.5338546875 0.533203125 0.5325515625 0.533203125 0.52734375
1 0.5927734375 0.4973953125 0.5947265625 0.4973953125 0.5966796875 0.5 0.5986328125 0.5 0.6005859375 0.5026046875 0.6044921875 0.5026046875 0.60546875 0.5013015625 0.60546875 0.49609375 0.6044921875 0.4947921875 0.6025390625 0.4947921875 0.5986328125 0.4895828125 0.5966796875 0.4895828125 0.5947265625 0.4869796875 0.5927734375 0.4869796875 0.58984375 0.4908859375 0.58984375 0.4934890625 0.5927734375 0.4973953125
1 0.61328125 0.4778640625 0.609375 0.4830734375 0.609375 0.4856765625 0.60546875 0.4908859375 0.60546875 0.4986984375 0.6064453125 0.5 0.6123046875 0.5 0.61328125 0.4986984375 0.6171875 0.4934890625 0.6171875 0.4908859375 0.62109375 0.4856765625 0.62109375 0.4778640625 0.6201171875 0.4765625 0.6181640625 0.4765625 0.6162109375 0.4739578125 0.6142578125 0.4739578125 0.61328125 0.4752609375 0.61328125 0.4778640625
1 0.5205078125 0.4895828125 0.515625 0.49609375 0.515625 0.5013015625 0.5166015625 0.5026046875 0.5185546875 0.5026046875 0.5205078125 0.5052078125 0.521484375 0.50390625 0.5224609375 0.5026046875 0.5244140625 0.5026046875 0.533203125 0.4908859375 0.533203125 0.4856765625 0.5322265625 0.484375 0.5283203125 0.484375 0.5263671875 0.4869796875 0.5244140625 0.4869796875 0.5224609375 0.4895828125 0.5205078125 0.4895828125
1 0.548828125 0.4622390625 0.548828125 0.4596359375 0.5478515625 0.4583328125 0.5419921875 0.4583328125 0.5400390625 0.4557296875 0.5322265625 0.4557296875 0.53125 0.45703125 0.53125 0.4596359375 0.5341796875 0.4635421875 0.5478515625 0.4635421875 0.548828125 0.4622390625
1 0.5556640625 0.4635421875 0.5576171875 0.4635421875 0.5595703125 0.4661453125 0.5615234375 0.4661453125 0.5634765625 0.46875 0.5693359375 0.46875 0.5703125 0.4674484375 0.5703125 0.46484375 0.5625 0.4544265625 0.5625 0.4518234375 0.5615234375 0.4505203125 0.5576171875 0.4505203125 0.5556640625 0.4479171875 0.5478515625 0.4479171875 0.546875 0.44921875 0.546875 0.4518234375 0.5556640625 0.4635421875
1 0.607421875 0.4205734375 0.6044921875 0.4166671875 0.6005859375 0.4166671875 0.5986328125 0.4192703125 0.5966796875 0.4192703125 0.5927734375 0.4244796875 0.5888671875 0.4244796875 0.5859375 0.4283859375 0.5859375 0.4361984375 0.5869140625 0.4375 0.5888671875 0.4375 0.58984375 0.4361984375 0.5908203125 0.4348953125 0.5947265625 0.4348953125 0.5966796875 0.4322921875 0.5986328125 0.4322921875 0.6005859375 0.4296875 0.6025390625 0.4296875 0.6044921875 0.4270828125 0.6064453125 0.4270828125 0.607421875 0.42578125 0.607421875 0.4205734375
1 0.5791015625 0.4401046875 0.5810546875 0.4427078125 0.5830078125 0.4427078125 0.583984375 0.44140625 0.5859375 0.4388015625 0.5859375 0.41796875 0.5849609375 0.4166671875 0.5791015625 0.4166671875 0.578125 0.41796875 0.578125 0.4231765625 0.576171875 0.42578125 0.576171875 0.4388015625 0.5771484375 0.4401046875 0.5791015625 0.4401046875
1 0.58203125 0.3372390625 0.5791015625 0.3333328125 0.5751953125 0.3333328125 0.5732421875 0.3359375 0.5693359375 0.3359375 0.5673828125 0.3385421875 0.5654296875 0.3385421875 0.5634765625 0.3411453125 0.5595703125 0.3411453125 0.55859375 0.3424484375 0.55859375 0.34765625 0.5615234375 0.3515625 0.5625 0.3502609375 0.5634765625 0.3489578125 0.5654296875 0.3489578125 0.5673828125 0.3463546875 0.5712890625 0.3463546875 0.5732421875 0.34375 0.5771484375 0.34375 0.5791015625 0.3411453125 0.5810546875 0.3411453125 0.58203125 0.33984375 0.58203125 0.3372390625
1 0.55078125 0.3372390625 0.5517578125 0.3385421875 0.5556640625 0.3385421875 0.556640625 0.3372390625 0.55859375 0.3346359375 0.55859375 0.33203125 0.556640625 0.3294265625 0.556640625 0.3268234375 0.5478515625 0.3151046875 0.5458984375 0.3151046875 0.54296875 0.3190109375 0.54296875 0.32421875 0.55078125 0.3346359375 0.55078125 0.3372390625
1 0.5439453125 0.3567703125 0.546875 0.3606765625 0.546875 0.36328125 0.5478515625 0.3645828125 0.5498046875 0.3645828125 0.55078125 0.36328125 0.552734375 0.3606765625 0.552734375 0.3580734375 0.5361328125 0.3359375 0.533203125 0.33984375 0.53515625 0.3424484375 0.53515625 0.3450515625 0.5390625 0.3502609375 0.5390625 0.3528640625 0.5419921875 0.3567703125 0.5439453125 0.3567703125
1 0.5673828125 0.1458328125 0.568359375 0.14453125 0.5703125 0.1419265625 0.5634765625 0.1328125 0.5615234375 0.1328125 0.5517578125 0.11979218750000001 0.5498046875 0.11979218750000001 0.546875 0.12369843750000001 0.5595703125 0.140625 0.5615234375 0.140625 0.5654296875 0.1458328125 0.5673828125 0.1458328125
1 0.6337890625 0.125 0.6318359375 0.1276046875 0.6298828125 0.1276046875 0.626953125 0.1315109375 0.626953125 0.1341140625 0.62890625 0.13671875 0.62890625 0.1393234375 0.6318359375 0.1432296875 0.6337890625 0.1432296875 0.634765625 0.1419265625 0.6376953125 0.1380203125 0.6396484375 0.1380203125 0.6416015625 0.1354171875 0.6435546875 0.1354171875 0.646484375 0.1315109375 0.646484375 0.1263015625 0.6435546875 0.12239531249999999 0.6376953125 0.12239531249999999 0.6357421875 0.125 0.6337890625 0.125
1 0.5869140625 0 0.5859375 0.0013015625 0.587890625 0.00390625 0.587890625 0.006510937499999999 0.5888671875 0.0078125 0.5947265625 0.0078125 0.595703125 0.006510937499999999 0.5966796875 0.005207812500000001 0.5986328125 0.005207812500000001 0.6015625 0.0013015625 0.6005859375 0 0.5869140625 0
1 0.5126953125 0.4765625 0.5107421875 0.4791671875 0.5087890625 0.4791671875 0.5068359375 0.4817703125 0.5029296875 0.4817703125 0.501953125 0.4830734375 0.501953125 0.4908859375 0.5029296875 0.4921875 0.5048828125 0.4921875 0.505859375 0.4908859375 0.5068359375 0.4895828125 0.5126953125 0.4895828125 0.5166015625 0.484375 0.5185546875 0.484375 0.521484375 0.48046875 0.521484375 0.47265625 0.5205078125 0.4713546875 0.5185546875 0.4713546875 0.5146484375 0.4765625 0.5126953125 0.4765625
1 0.501953125 0.51171875 0.501953125 0.5169265625 0.5 0.51953125 0.5 0.5221359375 0.498046875 0.5247390625 0.498046875 0.5299484375 0.5009765625 0.5338546875 0.501953125 0.5325515625 0.50390625 0.5299484375 0.50390625 0.52734375 0.505859375 0.5247390625 0.505859375 0.5221359375 0.5078125 0.51953125 0.5078125 0.5143234375 0.509765625 0.51171875 0.5068359375 0.5078125 0.5048828125 0.5078125 0.501953125 0.51171875
1 0.5 0.5533859375 0.5 0.5559890625 0.498046875 0.55859375 0.498046875 0.5611984375 0.4990234375 0.5625 0.5009765625 0.5625 0.501953125 0.5611984375 0.50390625 0.55859375 0.50390625 0.55078125 0.505859375 0.5481765625 0.505859375 0.5455734375 0.5078125 0.54296875 0.5068359375 0.5416671875 0.5048828125 0.5416671875 0.501953125 0.5455734375 0.501953125 0.55078125 0.5 0.5533859375
1 0.5283203125 0.5598953125 0.5263671875 0.5598953125 0.525390625 0.5611984375 0.525390625 0.5638015625 0.5263671875 0.5651046875 0.5283203125 0.5651046875 0.529296875 0.5638015625 0.529296875 0.5611984375 0.5283203125 0.5598953125
1 0.5078125 0.5611984375 0.509765625 0.5638015625 0.509765625 0.5690109375 0.5107421875 0.5703125 0.5126953125 0.5703125 0.513671875 0.5690109375 0.513671875 0.5611984375 0.515625 0.55859375 0.513671875 0.5559890625 0.513671875 0.54296875 0.5107421875 0.5390625 0.5068359375 0.5390625 0.505859375 0.5403640625 0.505859375 0.5481765625 0.5078125 0.55078125 0.5078125 0.5611984375
1 0.4892578125 0.4583328125 0.4873046875 0.4583328125 0.4853515625 0.4609375 0.4794921875 0.4609375 0.4765625 0.46484375 0.4765625 0.4674484375 0.4794921875 0.4713546875 0.4814453125 0.4713546875 0.482421875 0.4700515625 0.4853515625 0.4661453125 0.4892578125 0.4661453125 0.4931640625 0.4609375 0.4951171875 0.4609375 0.4970703125 0.4583328125 0.4990234375 0.4583328125 0.501953125 0.4544265625 0.5009765625 0.453125 0.4931640625 0.453125 0.4892578125 0.4583328125
1 0.4755859375 0.3671875 0.4794921875 0.3723953125 0.4814453125 0.3723953125 0.4853515625 0.3776046875 0.4892578125 0.3776046875 0.490234375 0.3763015625 0.490234375 0.3736984375 0.4921875 0.37109375 0.4794921875 0.3541671875 0.4755859375 0.3541671875 0.474609375 0.35546875 0.474609375 0.3580734375 0.47265625 0.3606765625 0.47265625 0.3658859375 0.4736328125 0.3671875 0.4755859375 0.3671875
1 0.453125 0.2356765625 0.453125 0.2434890625 0.455078125 0.24609375 0.455078125 0.25390625 0.45703125 0.2565109375 0.45703125 0.2591140625 0.4580078125 0.2604171875 0.4619140625 0.2604171875 0.462890625 0.2591140625 0.462890625 0.25390625 0.4609375 0.2513015625 0.4609375 0.2408859375 0.458984375 0.23828125 0.458984375 0.23046875 0.4560546875 0.2265625 0.4541015625 0.2265625 0.451171875 0.23046875 0.451171875 0.2330734375 0.453125 0.2356765625
1 0.4482421875 0.2317703125 0.4453125 0.2356765625 0.4453125 0.23828125 0.447265625 0.2408859375 0.447265625 0.2513015625 0.44921875 0.25390625 0.44921875 0.26171875 0.451171875 0.2643234375 0.451171875 0.26953125 0.4521484375 0.2708328125 0.4599609375 0.2708328125 0.4609375 0.26953125 0.458984375 0.2669265625 0.458984375 0.2643234375 0.45703125 0.26171875 0.45703125 0.2565109375 0.455078125 0.25390625 0.455078125 0.24609375 0.453125 0.2434890625 0.453125 0.2356765625 0.4501953125 0.2317703125 0.4482421875 0.2317703125
1 0.4296875 0.1940109375 0.431640625 0.1966140625 0.431640625 0.19921875 0.43359375 0.2018234375 0.43359375 0.2044265625 0.4375 0.2096359375 0.4375 0.2122390625 0.44140625 0.2174484375 0.44140625 0.2200515625 0.4423828125 0.2213546875 0.4443359375 0.2213546875 0.4453125 0.2200515625 0.4453125 0.21484375 0.44140625 0.2096359375 0.44140625 0.20703125 0.439453125 0.2044265625 0.439453125 0.2018234375 0.435546875 0.1966140625 0.435546875 0.1940109375 0.4306640625 0.1875 0.4296875 0.1888015625 0.4296875 0.1940109375
1 0.4765625 0.4856765625 0.4765625 0.46484375 0.4736328125 0.4609375 0.4716796875 0.4609375 0.470703125 0.4622390625 0.470703125 0.48828125 0.4716796875 0.4895828125 0.4736328125 0.4895828125 0.474609375 0.48828125 0.4765625 0.4856765625
1 0.4677734375 0.4375 0.4638671875 0.4375 0.462890625 0.4388015625 0.4697265625 0.4479171875 0.4736328125 0.4479171875 0.4775390625 0.453125 0.478515625 0.4518234375 0.4794921875 0.4505203125 0.4814453125 0.4505203125 0.482421875 0.44921875 0.4794921875 0.4453125 0.4775390625 0.4453125 0.4755859375 0.4427078125 0.4736328125 0.4427078125 0.4716796875 0.4401046875 0.4697265625 0.4401046875 0.4677734375 0.4375
1 0.4814453125 0.4479171875 0.4853515625 0.4479171875 0.486328125 0.4466140625 0.48828125 0.4440109375 0.4794921875 0.4322921875 0.4755859375 0.4322921875 0.4736328125 0.4296875 0.46875 0.4361984375 0.4716796875 0.4401046875 0.4736328125 0.4401046875 0.4775390625 0.4453125 0.4794921875 0.4453125 0.4814453125 0.4479171875
1 0.4794921875 0.5026046875 0.48046875 0.5013015625 0.48046875 0.49609375 0.4736328125 0.4869796875 0.4716796875 0.4869796875 0.4697265625 0.484375 0.46875 0.4856765625 0.46875 0.4908859375 0.474609375 0.4986984375 0.474609375 0.5013015625 0.4755859375 0.5026046875 0.4794921875 0.5026046875
1 0.4638671875 0.4895828125 0.46484375 0.48828125 0.466796875 0.4856765625 0.466796875 0.4778640625 0.4638671875 0.4739578125 0.4619140625 0.4739578125 0.4609375 0.4752609375 0.4609375 0.4778640625 0.458984375 0.48046875 0.458984375 0.4856765625 0.4619140625 0.4895828125 0.4638671875 0.4895828125
1 0.4658203125 0.4427078125 0.4677734375 0.4427078125 0.46875 0.44140625 0.4658203125 0.4375 0.46484375 0.4388015625 0.46484375 0.44140625 0.4658203125 0.4427078125
1 0.47265625 0.4700515625 0.47265625 0.4674484375 0.4716796875 0.4661453125 0.470703125 0.4674484375 0.470703125 0.4830734375 0.4736328125 0.4869796875 0.474609375 0.4856765625 0.474609375 0.47265625 0.47265625 0.4700515625
1 0.470703125 0.4518234375 0.470703125 0.45703125 0.4775390625 0.4661453125 0.4833984375 0.4661453125 0.484375 0.46484375 0.4736328125 0.4505203125 0.4716796875 0.4505203125 0.470703125 0.4518234375
1 0.4501953125 0.5390625 0.451171875 0.5377609375 0.458984375 0.52734375 0.458984375 0.5247390625 0.4560546875 0.5208328125 0.4521484375 0.5208328125 0.447265625 0.52734375 0.447265625 0.5299484375 0.4453125 0.5325515625 0.4453125 0.5377609375 0.4462890625 0.5390625 0.4501953125 0.5390625
1 0.9482421875 0.9739578124999999 0.9462890625 0.9765625 0.9423828125 0.9765625 0.94140625 0.9778640624999999 0.94140625 0.9830734375000001 0.9423828125 0.984375 0.9462890625 0.984375 0.9482421875 0.9869796875000001 0.9501953125 0.9869796875000001 0.951171875 0.9856765624999999 0.9521484375 0.984375 0.9541015625 0.984375 0.9560546875 0.9817703124999999 0.9599609375 0.9817703124999999 0.9609375 0.98046875 0.9609375 0.9752609375000001 0.9580078125 0.9713546875000001 0.9521484375 0.9713546875000001 0.9501953125 0.9739578124999999 0.9482421875 0.9739578124999999
1 0.904296875 0.9908859375000001 0.904296875 0.9934890624999999 0.9052734375 0.9947921875000001 0.9150390625 0.9947921875000001 0.916015625 0.9934890624999999 0.9169921875 0.9921875 0.9208984375 0.9921875 0.921875 0.9908859375000001 0.921875 0.9856765624999999 0.9189453125 0.9817703124999999 0.9130859375 0.9817703124999999 0.9111328125 0.984375 0.9052734375 0.984375 0.90234375 0.98828125 0.904296875 0.9908859375000001
1 0.818359375 0.9778640624999999 0.8271484375 0.9895828124999999 0.8291015625 0.9895828124999999 0.830078125 0.98828125 0.83203125 0.9856765624999999 0.83203125 0.9830734375000001 0.826171875 0.9752609375000001 0.826171875 0.97265625 0.8193359375 0.9635421875000001 0.8154296875 0.9635421875000001 0.814453125 0.96484375 0.814453125 0.9700515624999999 0.818359375 0.9752609375000001 0.818359375 0.9778640624999999
1 0.8564453125 0.9453125 0.8583984375 0.9453125 0.859375 0.9440109375000001 0.8671875 0.93359375 0.865234375 0.9309890624999999 0.865234375 0.9283859375000001 0.8623046875 0.9244796875000001 0.8603515625 0.9244796875000001 0.8515625 0.9361984375000001 0.8515625 0.94140625 0.8525390625 0.9427078124999999 0.8544921875 0.9427078124999999 0.8564453125 0.9453125
1 0.875 0.8893234375000001 0.875 0.8971359375000001 0.8779296875 0.9010421875000001 0.8818359375 0.9010421875000001 0.8828125 0.8997390624999999 0.8828125 0.8971359375000001 0.8984375 0.8763015624999999 0.8984375 0.86328125 0.8974609375 0.8619796875000001 0.8955078125 0.8619796875000001 0.888671875 0.87109375 0.888671875 0.8736984375000001 0.8857421875 0.8776046875000001 0.8837890625 0.8776046875000001 0.875 0.8893234375000001
1 0.9541015625 0.8541671875000001 0.9501953125 0.8541671875000001 0.94921875 0.85546875 0.94921875 0.8580734375000001 0.947265625 0.8606765624999999 0.947265625 0.8736984375000001 0.9453125 0.8763015624999999 0.9453125 0.8919265624999999 0.943359375 0.89453125 0.943359375 0.8971359375000001 0.9453125 0.8997390624999999 0.9453125 0.90234375 0.9462890625 0.9036453124999999 0.9501953125 0.9036453124999999 0.951171875 0.90234375 0.951171875 0.8997390624999999 0.953125 0.8971359375000001 0.953125 0.8815109375000001 0.955078125 0.87890625 0.955078125 0.8658859375000001 0.95703125 0.86328125 0.95703125 0.8606765624999999 0.955078125 0.8580734375000001 0.955078125 0.85546875 0.9541015625 0.8541671875000001
1 0.82421875 0.76953125 0.82421875 0.7747390625 0.8271484375 0.7786453125 0.8291015625 0.7786453125 0.830078125 0.77734375 0.83203125 0.7747390625 0.83203125 0.7643234375 0.830078125 0.76171875 0.830078125 0.7513015625 0.8271484375 0.7473953125 0.8251953125 0.75 0.8232421875 0.75 0.822265625 0.7513015625 0.822265625 0.7669265625 0.82421875 0.76953125
1 0.8408203125 0.671875 0.8388671875 0.6692703125 0.8369140625 0.6692703125 0.8349609375 0.671875 0.8330078125 0.671875 0.83203125 0.6731765625 0.83203125 0.67578125 0.8427734375 0.6901046875 0.8505859375 0.6901046875 0.8515625 0.6888015625 0.8525390625 0.6875 0.8544921875 0.6875 0.85546875 0.6861984375 0.85546875 0.68359375 0.8525390625 0.6796875 0.8505859375 0.6796875 0.8466796875 0.6744796875 0.8447265625 0.6744796875 0.8427734375 0.671875 0.8408203125 0.671875
1 0.826171875 0.65234375 0.826171875 0.6575515625 0.82421875 0.66015625 0.82421875 0.66796875 0.822265625 0.6705734375 0.822265625 0.67578125 0.8203125 0.6783859375 0.8203125 0.68359375 0.8212890625 0.6848953125 0.8251953125 0.6848953125 0.826171875 0.68359375 0.826171875 0.6809890625 0.828125 0.6783859375 0.828125 0.6705734375 0.830078125 0.66796875 0.830078125 0.66015625 0.83203125 0.6575515625 0.83203125 0.6549484375 0.8291015625 0.6510421875 0.8271484375 0.6510421875 0.826171875 0.65234375
1 0.8193359375 0.4609375 0.8173828125 0.4635421875 0.8134765625 0.4635421875 0.8115234375 0.4661453125 0.8076171875 0.4661453125 0.8046875 0.4700515625 0.8046875 0.4752609375 0.8056640625 0.4765625 0.8115234375 0.4765625 0.8125 0.4752609375 0.8134765625 0.4739578125 0.8212890625 0.4739578125 0.8232421875 0.4713546875 0.8251953125 0.4713546875 0.826171875 0.4700515625 0.826171875 0.4674484375 0.82421875 0.46484375 0.82421875 0.4622390625 0.8232421875 0.4609375 0.8193359375 0.4609375
1 0.90234375 0.3893234375 0.90234375 0.3919265625 0.908203125 0.3997390625 0.908203125 0.40234375 0.912109375 0.4075515625 0.912109375 0.41015625 0.9150390625 0.4140625 0.9189453125 0.4140625 0.919921875 0.4127609375 0.921875 0.41015625 0.91796875 0.4049484375 0.91796875 0.40234375 0.91015625 0.3919265625 0.91015625 0.3893234375 0.9033203125 0.3802078125 0.9013671875 0.3802078125 0.900390625 0.3815109375 0.900390625 0.38671875 0.90234375 0.3893234375
1 0.6484375 0.7356765625 0.6533203125 0.7421875 0.6552734375 0.7421875 0.65625 0.7408859375 0.658203125 0.73828125 0.658203125 0.7278640625 0.66015625 0.7252609375 0.66015625 0.72265625 0.6552734375 0.7161453125 0.6533203125 0.7161453125 0.650390625 0.7200515625 0.650390625 0.7278640625 0.6484375 0.73046875 0.6484375 0.7356765625