0 0 0 0 0.4890625 0.4890625 0.4890625 0.4890625 0 0 0
1 0.3027390625 0.057784375 0.3004984375 0.054796875 0.2915375 0.054796875 0.2904171875 0.056290625000000004 0.2904171875 0.062265625000000005 0.29601875 0.069734375 0.2982578125 0.069734375 0.3004984375 0.072721875 0.30497968750000004 0.072721875 0.30722031250000004 0.075709375 0.30946093750000003 0.075709375 0.31170156250000003 0.078696875 0.31618124999999997 0.078696875 0.3173015625 0.077203125 0.32066249999999996 0.072721875 0.32290312499999996 0.072721875 0.32514375 0.075709375 0.327384375 0.075709375 0.3285046875 0.074215625 0.3285046875 0.071228125 0.327384375 0.069734375 0.32514375 0.069734375 0.32290312499999996 0.06674687500000001 0.31618124999999997 0.06674687500000001 0.31170156250000003 0.060771874999999996 0.30946093750000003 0.060771874999999996 0.30722031250000004 0.057784375 0.3027390625 0.057784375
17 0.3363453125 0.3714734375 0.33410625 0.3744609375 0.331865625 0.3744609375 0.3285046875 0.37894218749999997 0.3285046875 0.3819296875 0.3217828125 0.3908921875 0.3217828125 0.3968671875 0.32290312499999996 0.3983609375 0.327384375 0.3983609375 0.3285046875 0.3968671875 0.331865625 0.3923859375 0.33410625 0.3923859375 0.3363453125 0.3893984375 0.3385859375 0.3893984375 0.3408265625 0.3864109375 0.3430671875 0.3864109375 0.34530781250000003 0.38342343749999996 0.34754843750000003 0.38342343749999996 0.34866874999999997 0.3819296875 0.34866874999999997 0.3759546875 0.34754843750000003 0.3744609375 0.34530781250000003 0.3744609375 0.3430671875 0.3714734375 0.3363453125 0.3714734375
6 0.4890625 0 0.4890625 0.4890625 1 0.4890625 1 0.022857812499999998 0.9755546875000001 0 0.4890625 0
22 0.4890625 0 0.4890625 0.4890625 1 0.4890625 1 0.01068125 0.9765265624999999 0 0.4890625 0
6 0.16524531250000002 0.5818234375 0.1787515625 0.6267609375000001 0.2040765625 0.634625 0.22433593749999997 0.6548468749999999 0.447190625 0.6930421875 0.4890625 0.6920109375 0.4890625 0.4890625 0.3164359375 0.4890625 0.2648546875 0.5200359375 0.1905703125 0.5132953125 0.168621875 0.5189125 0.1922578125 0.570590625 0.16524531250000002 0.5818234375
3 0.175375 0.6222671875 0.18719375 0.632378125 0.2192703125 0.6312546875 0.2294 0.6245140625000001 0.2327765625 0.5818234375 0.22433593749999997 0.5739609375 0.180440625 0.5739609375 0.16186875 0.5863171875 0.175375 0.6222671875
3 0.413425 0.61215625 0.37290625 0.596428125 0.3458921875 0.59418125 0.3121265625 0.634625 0.261478125 0.614403125 0.24965937500000002 0.6245140625000001 0.25303749999999997 0.6514765625 0.2648546875 0.6615859375 0.442125 0.68293125 0.4657625 0.6739437500000001 0.44887812499999996 0.6379953125 0.413425 0.61215625
3 0.2357546875 1 0.2462828125 0.9929937499999999 0.24965937500000002 0.9345765625 0.22433593749999997 0.9222187500000001 0.1973234375 0.9222187500000001 0.168621875 0.9368234375 0.16524531250000002 0.9525515625000001 0.18793437500000001 1 0.2357546875 1
3 0.15361249999999999 1 0.155115625 0.9884999999999999 0.1466734375 0.9783890625 0.10953125 0.9716484375000001 0.07070156250000001 0.9884999999999999 0.06782031250000001 1 0.15361249999999999 1
6 1 0.4890625 0.542403125 0.4890625 0.542403125 0.5316953125 0.5536234375 0.5761406250000001 0.5513796875 0.5850296875 0.4907859375 0.6917 0.49303125000000003 0.7405890625 0.5076171875 0.769478125 0.6018734375 0.7428109375 0.6579765625 0.7428109375 0.6669546875 0.7517 0.6691984375 0.7428109375 0.693884375 0.7428109375 0.7185703125 0.7250328125000001 0.727546875 0.7428109375 0.7477437499999999 0.733921875 0.7679421875 0.7383671875 0.744378125 0.7539234375 0.744378125 0.780590625 0.7634531250000001 0.813925 0.8083359375000001 0.84948125 0.833021875 0.84948125 0.845365625 0.833925 0.8498531249999999 0.7983687500000001 0.86331875 0.7717015625 0.8711734375000001 0.7383671875 0.8913703125 0.7472562500000001 0.912690625 0.7405890625 0.914934375 0.69614375 0.9104468750000001 0.6694765625 0.9160562499999999 0.6672546875 0.92615625 0.69614375 0.9519640624999999 0.7383671875 0.967671875 0.729478125 1 0.7380140625 1 0.4890625
13 0.6557328124999999 0.7428109375 0.6635875 0.7183671875 0.6568546875 0.6561421875 0.649 0.6405875 0.599628125 0.622809375 0.57494375 0.6316984375 0.527815625 0.6183640625 0.4907859375 0.6828093749999999 0.49303125000000003 0.745034375 0.5098625 0.769478125 0.5199609374999999 0.76725625 0.5704546875000001 0.7472562500000001 0.6557328124999999 0.7428109375
13 0.6243140625 0.609475 0.6591 0.6205859375 0.7118375 0.5694734375 0.72866875 0.5272515624999999 0.7265265624999999 0.4890625 0.542403125 0.4890625 0.542403125 0.5316953125 0.5547453124999999 0.5783625 0.5816749999999999 0.5783625 0.5962625 0.6161421875 0.6041171875 0.622809375 0.6243140625 0.609475
13 0.8408765624999999 0.589475 0.8319000000000001 0.59391875 0.8229234375000001 0.647253125 0.8375109374999999 0.6405875 0.8464875 0.658365625 0.8532203125000001 0.6494765625000001 0.8621968750000001 0.658365625 0.8700515624999999 0.6205859375 0.8801500000000001 0.6183640625 0.8924937500000001 0.642809375 0.8924937500000001 0.66503125 0.9059578125 0.6694765625 0.9082015625000001 0.647253125 0.9014703125000001 0.6383640625 0.912690625 0.607253125 0.9811375 0.5294734375 0.9811375 0.5161390625 0.963184375 0.4939171875 0.9183015625 0.489471875 0.87790625 0.50280625 0.866684375 0.520584375 0.8577078124999999 0.4939171875 0.8498531249999999 0.4961390625 0.8498531249999999 0.5316953125 0.8386328125 0.5628078125 0.8408765624999999 0.589475
13 0.8700515624999999 0.745034375 0.8678078125 0.7005890625 0.8577078124999999 0.6716984375 0.81506875 0.6539203125 0.8016046875 0.658365625 0.7959937499999999 0.66503125 0.794871875 0.6894765625 0.746621875 0.7583671875 0.748865625 0.7939234374999999 0.7656968749999999 0.81836875 0.8139468750000001 0.851703125 0.8397546874999999 0.84948125 0.8700515624999999 0.745034375
13 1 0.5339171875 0.97665 0.5339171875 0.9239109375 0.59391875 0.914934375 0.647253125 0.9429874999999999 0.7250328125000001 0.9654281250000001 0.729478125 0.9744046875000001 0.7117 0.9968468749999999 0.698365625 1 0.7102875 1 0.5339171875
3 0.8060921875 0.57391875 0.8218015624999999 0.556140625 0.8431218749999999 0.5094734375 0.8460656249999999 0.4890625 0.731046875 0.4890625 0.72866875 0.5094734375 0.746621875 0.5672515625 0.758965625 0.5828078125 0.780284375 0.5805859375 0.7903828125000001 0.5694734375 0.8060921875 0.57391875
3 0.9037140625 0.745034375 0.914934375 0.7005890625 0.900346875 0.67614375 0.8891265625000001 0.67614375 0.881271875 0.6872546875000001 0.8924937500000001 0.713921875 0.8857609375 0.7405890625 0.9037140625 0.745034375