0 0 0.709375 0.305446875 0.709375 0.55 0.660003125 0.55 0.05258906249999999 0.4841921875 0.027004687500000003 0.15088125 0.08412968750000001 0.06986718750000001 0.2848390625 0.06408125 0.5056203125 0.1913875 0.5426734375 0.20643281249999998 0.6291328125 0 0.6679546875 0 0.709375
1 0.26170781249999997 0.6086265625 0.2603640625 0.6087890625 0.2385265625 0.6423921874999999 0.240215625 0.648546875 0.243146875 0.6505015625 0.248396875 0.6501765625 0.269034375 0.6172625 0.2664703125 0.6122109375 0.26170781249999997 0.6086265625
1 0.267934375 0.50993125 0.25996406250000004 0.515115625 0.27599375 0.5571843750000001 0.2780703125 0.5565328125 0.28234375 0.5545765625 0.2868625 0.550178125 0.2718421875 0.50944375 0.267934375 0.50993125
1 0.467853125 0.5596609375 0.468196875 0.5604250000000001 0.47232343749999994 0.56073125 0.47736718749999996 0.5605781249999999 0.47816875000000003 0.55813125 0.47702343750000004 0.53809375 0.4762203125 0.5085734375000001 0.472896875 0.5079609375 0.469571875 0.5067375000000001 0.46533125000000003 0.5041375 0.4647578125 0.5084203125 0.467853125 0.5596609375
1 0.4550140625 0.441884375 0.449053125 0.4265890625 0.44653124999999994 0.42786406250000003 0.444353125 0.43046562499999996 0.44297812499999994 0.43107656250000004 0.441028125 0.43214687500000004 0.43907968750000004 0.4347484375 0.4388515625 0.4371953125 0.4564265625 0.472 0.459484375 0.470334375 0.463725 0.467121875 0.46567499999999995 0.464215625 0.4550140625 0.441884375
1 0.3955203125 0.1422421875 0.389675 0.14851406250000002 0.389215625 0.15218437499999998 0.40148124999999996 0.178034375 0.401603125 0.178303125 0.404346875 0.17788125 0.407671875 0.1742109375 0.4099640625 0.1702328125 0.39804218750000003 0.1420890625 0.3955203125 0.1422421875
1 0.5105546875 0.25756875 0.5127296875 0.25482031250000003 0.5176499999999999 0.24840625 0.5200546875 0.24290781250000001 0.52463125 0.2361890625 0.524403125 0.23374531250000002 0.5202828125 0.226109375 0.5173078125 0.2256515625 0.50700625 0.242296875 0.49945312499999994 0.2549734375 0.500025 0.2594015625 0.505996875 0.2640703125 0.5105546875 0.25756875
6 0.55 0 0.55 0.709375 0.7840859375 0.709375 0.778778125 0.692340625 0.8058421875 0.6769203125 0.8223171875 0.6901375 0.838790625 0.6901375 0.8788 0.6725140625 0.902334375 0.7033546875 0.9109093749999999 0.709375 1 0.709375 1 0.194075 0.9894125 0.1922734375 0.9705843749999999 0.2010828125 0.944696875 0.1922734375 0.9376374999999999 0.17465 0.9305765625 0.1702421875 0.9164562500000001 0.205490625 0.8988046875 0.1504171875 0.8835078125000001 0.126184375 0.8482046875 0.0909359375 0.8246703125 0.0821265625 0.821140625 0.075515625 0.821140625 0.035862500000000005 0.803490625 0.0160375 0.7940765625 0.0160375 0.7735171875 0 0.7607125 0 0.74700625 0.0160375 0.7352390625 0.0160375 0.7281796875000001 0.0336609375 0.7093515625 0.05128437500000001 0.708175 0.04026875 0.7183640625 0 0.55 0
17 1 0.19792343750000002 0.9611703125 0.2010828125 0.9494046875000001 0.19667812499999998 0.9352828125 0.1702421875 0.9282234375 0.1702421875 0.9199859375000001 0.194475 0.8917453125 0.3354625 0.86115 0.43679843749999997 0.8540890624999999 0.49407500000000004 0.816434375 0.617440625 0.8093734375 0.6526875000000001 0.8093734375 0.679121875 0.8223171875 0.6945421875 0.8293781250000001 0.6945421875 0.881153125 0.6681078125 0.9093953125 0.7077609375 0.9139921875000001 0.709375 1 0.709375 1 0.19792343750000002
3 0.3010078125 1 0.2991578125 0.9603234374999999 0.2802734375 0.8886515625 0.23660781250000001 0.8359515625 0.2153640625 0.8359515625 0.1657984375 0.8696781250000001 0.12921093749999998 0.9476749999999999 0.15635625 0.954 0.1728796875 0.9371375000000001 0.20828281249999997 0.94556875 0.24014843749999998 0.99826875 0.24014843749999998 1 0.3010078125 1
17 0.044240625 1 0.044240625 0.9898374999999999 0.01945625 0.94556875 0 0.929528125 0 1 0.044240625 1
6 1 0.709375 0.55 0.709375 0.55 1 1 1 1 0.709375
6 1 0.709375 0.55 0.709375 0.55 1 1 1 1 0.709375