6 0.56875 0 0.56875 0.41875 1 0.41875 1 0.0106796875 0.9981312499999999 0 0.585546875 0 0.5836718750000001 0.0025484375 0.5733671874999999 0 0.56875 0
6 0 0.588415625 0.13555 0.58739375 0.25158281250000003 0.5862796875 0.29926718750000003 0.5818218749999999 0.30880312499999996 0.575134375 0.3246984375 0.5729062500000001 0.32946718750000004 0.562875 0.313571875 0.55173125 0.31675156250000003 0.5361281250000001 0.3040359375 0.5160671875 0.31675156250000003 0.49823593749999995 0.313571875 0.48263437500000006 0.30880312499999996 0.47929062499999997 0.2976765625 0.48263437500000006 0.30085625 0.49823593749999995 0.283371875 0.512725 0.27065625 0.514953125 0.2547609375 0.5260984375 0.243634375 0.5160671875 0.2372765625 0.49155 0.2293296875 0.4859765625 0.188003125 0.48151875000000005 0.1721078125 0.4748328125 0.1498546875 0.4770609375 0.1466765625 0.48151875000000005 0.13078125000000002 0.48374843749999996 0.11488593750000001 0.48151875000000005 0.1069390625 0.48486250000000003 0.11011718749999999 0.4893203125 0.1021703125 0.49489375 0.0958125 0.48374843749999996 0.07355937500000001 0.48374843749999996 0.060843749999999995 0.47929062499999997 0.049717187499999996 0.48486250000000003 0.048128125 0.49712187500000005 0.07038124999999999 0.49935156249999996 0.0767390625 0.490434375 0.078328125 0.4960078125 0.086275 0.49935156249999996 0.10058125 0.49823593749999995 0.0958125 0.5060374999999999 0.0290546875 0.503809375 0.013159375000000001 0.512725 0.00044374999999999997 0.5015796875 0 0.5015015625 0 0.588415625
6 0.361440625 1 0.36443593750000003 0.99751875 0.3548984375 0.939565625 0.348540625 0.93065 0.33105625 0.925078125 0.318340625 0.9139328125 0.2865515625 0.9027875 0.28178281250000003 0.903903125 0.2960875 0.918390625 0.2658875 0.9061312499999999 0.27383437499999996 0.9027875 0.26429843750000004 0.9027875 0.253171875 0.9128187499999999 0.253171875 0.9261921875000001 0.248403125 0.92730625 0.2166140625 0.9005593749999999 0.208665625 0.9016734375000001 0.21025624999999998 0.9050171875 0.218203125 0.9061312499999999 0.21025624999999998 0.918390625 0.203896875 0.9094749999999999 0.1943609375 0.9094749999999999 0.183234375 0.921734375 0.17528749999999998 0.925078125 0.14031875 0.9094749999999999 0.118065625 0.907246875 0.07355937500000001 0.9317640624999999 0.06879062500000001 0.9239625 0.0815078125 0.8949875 0.0576640625 0.8760406250000001 0.048128125 0.8738125 0.041770312500000004 0.8760406250000001 0.00044374999999999997 0.8715828125 0 0.871609375 0 1 0.361440625 1
13 0.19277187499999998 1 0.19277187499999998 0.9997468749999999 0.2118453125 0.98414375 0.208665625 0.9707703125 0.1895921875 0.94848125 0.183234375 0.9284203124999999 0.12760156250000002 0.9050171875 0.11170781249999999 0.9094749999999999 0.078328125 0.9284203124999999 0.033821875 0.9774578125 0.0242859375 0.9952890625 0.0242859375 1 0.19277187499999998 1
13 0.36401875 1 0.36443593750000003 0.9997468749999999 0.35807812499999997 0.9440234375 0.343771875 0.92730625 0.3215203125 0.9139328125 0.283371875 0.8983296875000001 0.27065625 0.8983296875000001 0.25634999999999997 0.9061312499999999 0.25158281250000003 0.9295359375000001 0.2340984375 0.9105890625 0.2197921875 0.9005593749999999 0.2070765625 0.8983296875000001 0.183234375 0.9172765625 0.183234375 0.93065 0.1895921875 0.9462531249999999 0.2118453125 0.9752281249999999 0.2089015625 1 0.36401875 1
13 0.020801562500000002 1 0.02110625 0.9997468749999999 0.030643749999999997 0.98414375 0.030643749999999997 0.9752281249999999 0.052896874999999996 0.95516875 0.0815078125 0.903903125 0.078328125 0.8882999999999999 0.048128125 0.8738125 0 0.8719374999999999 0 1 0.020801562500000002 1
21 0.0815078125 0.5272125 0.087865625 0.5472734375 0.10058125 0.5495015624999999 0.12283437500000001 0.5383578124999999 0.1291921875 0.5272125 0.1291921875 0.518296875 0.10535000000000001 0.5104953125 0.0926328125 0.512725 0.0815078125 0.5272125
16 0 0.5749421875 0.0020328125 0.5762484375 0.009979687499999999 0.5862796875 0.0465390625 0.58739375 0.056075 0.5851656249999999 0.062432812500000004 0.5651046875 0.030643749999999997 0.542815625 0.027464062500000004 0.5249843750000001 0.02110625 0.518296875 0 0.5034984375 0 0.5749421875
13 0.21502343750000003 0.5651046875 0.21502343750000003 0.5561890625 0.20071875 0.539471875 0.168928125 0.5283265625 0.1562125 0.5283265625 0.11170781249999999 0.5439296875 0.0751484375 0.5807078125 0.0767390625 0.5862796875 0.19595 0.5851656249999999 0.218203125 0.5829359375000001 0.22138125 0.571790625 0.21502343750000003 0.5651046875
13 0.24999218750000002 0.5339 0.24999218750000002 0.5383578124999999 0.27065625 0.5483875 0.2770140625 0.555075 0.3040359375 0.553959375 0.31675156250000003 0.5450437499999999 0.31675156250000003 0.5339 0.3040359375 0.5160671875 0.3040359375 0.511609375 0.31675156250000003 0.500465625 0.313571875 0.4781765625 0.30880312499999996 0.4748328125 0.2976765625 0.4781765625 0.30085625 0.49823593749999995 0.29131874999999996 0.5049234375 0.29131874999999996 0.50938125 0.2865515625 0.512725 0.27383437499999996 0.512725 0.24999218750000002 0.5339
13 0.2197921875 0.52386875 0.2293296875 0.53055625 0.24045624999999998 0.5316703125 0.24681406250000001 0.520525 0.2372765625 0.4893203125 0.23250781250000002 0.4859765625 0.1975390625 0.48151875000000005 0.1721078125 0.472603125 0.1498546875 0.4748328125 0.1291921875 0.48263437500000006 0.1260125 0.500465625 0.1466765625 0.5283265625 0.18482343750000002 0.5260984375 0.203896875 0.5283265625 0.21025624999999998 0.5327843750000001 0.2118453125 0.5249843750000001 0.2197921875 0.52386875
13 0.22297187499999999 0.5327843750000001 0.2118453125 0.5405859375000001 0.2118453125 0.55173125 0.22138125 0.5695625 0.23250781250000002 0.5773640624999999 0.248403125 0.5729062500000001 0.2690671875 0.5762484375 0.28178281250000003 0.5651046875 0.275425 0.55173125 0.24522499999999997 0.5372421875 0.22297187499999999 0.5327843750000001
13 0.0465390625 0.5249843750000001 0.038590625 0.5260984375 0.027464062500000004 0.5339 0.027464062500000004 0.542815625 0.056075 0.562875 0.056075 0.5695625 0.062432812500000004 0.5740203125 0.06561249999999999 0.5651046875 0.07355937500000001 0.563990625 0.0846859375 0.5561890625 0.078328125 0.5472734375 0.0592546875 0.5361281250000001 0.062432812500000004 0.5249843750000001 0.09104375 0.511609375 0.0799171875 0.5060374999999999 0.0640234375 0.503809375 0.025875 0.503809375 0.017928125 0.50938125 0.017928125 0.5138390625 0.0290546875 0.5216406250000001 0.0465390625 0.5249843750000001
13 0.1323703125 0.4804046875 0.11170781249999999 0.47929062499999997 0.0799171875 0.48374843749999996 0.0751484375 0.48709218749999994 0.0751484375 0.49823593749999995 0.0799171875 0.503809375 0.09422343749999999 0.5049234375 0.1021703125 0.503809375 0.11170781249999999 0.49489375 0.12124375000000001 0.4926640625 0.1323703125 0.4804046875
6 1 0.41875 0.56875 0.41875 0.56875 0.9616203125 0.61685625 0.9649390625 0.6268953125000001 0.986134375 0.6275125 1 0.6475890625 1 0.6503234375 0.9961734375000001 0.6770968749999999 0.99840625 0.677821875 1 0.723340625 1 0.7328734375 0.98501875 0.7372234375 1 0.9854843750000001 1 1 0.9912015625 1 0.41875