0 0 0 0 0.51875 0.1312 0.51875 0.132540625 0.5177453125 0.14156249999999998 0.5177453125 0.14457031250000002 0.5154890625 0.147578125 0.5154890625 0.150584375 0.5177453125 0.15660000000000002 0.5177453125 0.157940625 0.51875 0.259375 0.51875 0.259375 0 0 0
13 0 0 0 0.51875 0.1312 0.51875 0.132540625 0.5177453125 0.1535921875 0.5177453125 0.1549328125 0.51875 0.259375 0.51875 0.259375 0 0 0
6 0.259375 0 0.259375 0.51875 0.4346953125 0.51875 0.5937281249999999 0 0.259375 0
22 0.259375 0 0.259375 0.4941484375 0.2754109375 0.4665609375 0.3016734375 0.3751203125 0.3035515625 0.25468437499999996 0.283853125 0.10748125 0.2860765625 0 0.259375 0
22 0.44076250000000006 0 0.4404875 0.00042343750000000004 0.408596875 0.1654671875 0.45361874999999996 0.272525 0.5145859374999999 0.288134375 0.56335625 0.10079374999999999 0.56105 0 0.44076250000000006 0
9 0.259375 0 0.259375 0.51875 0.3525640625 0.51875 0.39299375 0.449815625 0.42014687500000003 0.3476265625 0.41335625 0.315359375 0.4235390625 0.2588875 0.44729843750000003 0.283090625 0.45974375 0.39334375 0.47218906250000003 0.32073593749999996 0.509525 0.2857796875 0.5604359375 0.1109890625 0.565625 0 0.259375 0
6 0.259375 1 0.259375 0.51875 0 0.51875 0 1 0.259375 1
16 0.196796875 0.9822265625 0.21034375 0.99084375 0.2238921875 0.99084375 0.230665625 0.9822265625 0.24195625 0.9951515625 0.2521171875 0.992996875 0.259375 0.9913078125 0.259375 0.9132921875 0.212603125 0.9132921875 0.1832484375 0.9262171875 0.17534687499999999 0.9499140625000001 0.1730875 0.9714562499999999 0.1787328125 0.9822265625 0.196796875 0.9822265625
16 0.2295375 0.7301875 0.23743906250000002 0.7452671875 0.259375 0.7703796875 0.259375 0.6343015624999999 0.2532453125 0.628940625 0.23743906250000002 0.628940625 0.218246875 0.661253125 0.2205046875 0.7086453125000001 0.2295375 0.7172625 0.2295375 0.7301875
16 0.1459921875 0.837896875 0.1279296875 0.7560374999999999 0.12002656249999999 0.7409578125 0.1042203125 0.7323421875 0.0827703125 0.7732703125 0.085028125 0.8077375 0.09293124999999999 0.818509375 0.1087375 0.818509375 0.11889687499999999 0.837896875 0.1211546875 0.8766718750000001 0.1324453125 0.8766718750000001 0.1459921875 0.8680546874999999 0.1459921875 0.837896875
16 0.0579328125 0.7043375000000001 0.062448437499999995 0.6914125 0.0669640625 0.6354031250000001 0.0522875 0.6332484375 0.0319671875 0.6461734375 0.0285796875 0.6526375 0.0285796875 0.6914125 0.0579328125 0.7043375000000001
16 0.0545453125 0.8745171875000001 0.06809375 0.8874421874999999 0.081640625 0.8960593749999999 0.094059375 0.8939046875000001 0.106478125 0.8917515625 0.1211546875 0.8766718750000001 0.1211546875 0.8465125 0.106478125 0.818509375 0.0251921875 0.8055843749999999 0.0082578125 0.837896875 0.0082578125 0.850821875 0.013903124999999999 0.8659000000000001 0.01841875 0.8659000000000001 0.027450000000000002 0.8486671875 0.034225 0.8486671875 0.038740625 0.8572843750000001 0.047771875000000005 0.8572843750000001 0.0545453125 0.8745171875000001
16 0.20470000000000002 0.8723640625 0.18099062500000002 0.827125 0.162928125 0.8228171874999999 0.156153125 0.8314343750000001 0.1527671875 0.8465125 0.155025 0.863746875 0.18099062500000002 0.870209375 0.1911515625 0.8939046875000001 0.18889375 0.9111390625 0.19228125000000001 0.9176015625 0.197925 0.915446875 0.2069578125 0.8852890625000001 0.20470000000000002 0.8723640625
20 0.18889375 0.8852890625000001 0.1787328125 0.8659000000000001 0.1584109375 0.8659000000000001 0.122284375 0.8788265624999999 0.109865625 0.8939046875000001 0.1121234375 0.9068296874999999 0.122284375 0.921909375 0.1358328125 0.9132921875 0.147121875 0.9176015625 0.1606703125 0.9391421875000001 0.16857187499999998 0.9369890625 0.18889375 0.9197546875 0.18889375 0.8852890625000001
16 0.2498578125 0.8551296875000001 0.2498578125 0.8422046875 0.2453421875 0.8335874999999999 0.2498578125 0.8163546875 0.24647187499999998 0.8055843749999999 0.23518124999999998 0.7969671875000001 0.2193765625 0.7969671875000001 0.18889375 0.8206625000000001 0.1911515625 0.8422046875 0.20582812499999997 0.8788265624999999 0.2250203125 0.8766718750000001 0.23743906250000002 0.8745171875000001 0.2498578125 0.8551296875000001
6 1 0.51875 0.259375 0.51875 0.259375 0.9008593749999999 0.3818328125 0.9485312499999999 0.5709906250000001 0.9601015625 0.7035296875 0.8617765625 0.8926875000000001 0.890696875 1 0.752884375 1 0.51875
3 0.5939609375 0.8104531250000001 0.5962234375000001 0.7935203125 0.5849125 0.7901328125 0.58265 0.7698125 0.610928125 0.76473125 0.614321875 0.746103125 0.58830625 0.7376359375 0.5588953125 0.7748921875 0.5204359375000001 0.7715046875 0.5113875 0.7952140625 0.477453125 0.818921875 0.3666 0.8426296875 0.3518953125 0.824003125 0.3428453125 0.7799703124999999 0.338321875 0.7190078125 0.3518953125 0.705459375 0.33945 0.69021875 0.2851546875 0.6834453125 0.27723906249999997 0.6682046875000001 0.28402656249999997 0.6072390624999999 0.3066484375 0.5462734375 0.303253125 0.520871875 0.259375 0.5735703125 0.259375 0.8764375 0.26705625 0.8866609375 0.31682968749999996 0.9273031250000001 0.39714062499999997 0.9459296875 0.44578125 0.9408515625 0.5204359375000001 0.9103703124999999 0.5939609375 0.8104531250000001
3 1 0.51875 0.6943671874999999 0.51875 0.691240625 0.5632078125 0.6776671875 0.5733703125 0.7082078125 0.5886125 0.7297 0.6173984375 0.7432734375 0.6783640625 0.71951875 0.7342484375 0.7149953124999999 0.7240890624999999 0.7082078125 0.7376359375 0.692371875 0.7342484375 0.685584375 0.713928125 0.656175 0.7071531249999999 0.65165 0.6969937500000001 0.6459953125 0.698684375 0.64825625 0.7257796875 0.6765359375 0.7884390625 0.7376171874999999 0.8460171875 0.7964375 0.8697250000000001 0.8563890625000001 0.8714187499999999 0.9072906250000001 0.8460171875 0.9966515625 0.7291671875 1 0.717471875 1 0.5621265625 0.9989140624999999 0.5564359375000001 1 0.5548109375 1 0.51875
3 0.5113875 0.9137562499999999 0.5849125 0.8273890625 0.6120593750000001 0.7731984375 0.616584375 0.746103125 0.58830625 0.7342484375 0.5611578125000001 0.7748921875 0.5204359375000001 0.7748921875 0.5113875 0.7952140625 0.472928125 0.822309375 0.3869609375 0.8460171875 0.3598125 0.8392421875 0.3428453125 0.7833578125 0.3428453125 0.698684375 0.2795015625 0.6749765625 0.28855 0.5869187499999999 0.3066484375 0.529340625 0.31230625 0.51875 0.259375 0.51875 0.259375 0.87598125 0.26705625 0.8866609375 0.32135156249999997 0.9306906250000001 0.39940312499999997 0.9459296875 0.44351874999999996 0.9408515625 0.5113875 0.9137562499999999