0 0 0 0 0.35 0.51875 0.35 0.51875 0 0 0
12 0.31455 0.1278453125 0.30712968749999997 0.1222796875 0.3041625 0.1222796875 0.30119375000000004 0.12005312500000001 0.2982265625 0.12005312500000001 0.2952578125 0.11782656250000001 0.2833875 0.11782656250000001 0.28041875 0.12005312500000001 0.27745156249999997 0.12005312500000001 0.2744828125 0.1222796875 0.27151562500000004 0.1222796875 0.2670640625 0.12561875 0.2670640625 0.1278453125 0.26409531249999996 0.1300703125 0.26409531249999996 0.132296875 0.26112812500000004 0.1345234375 0.26112812500000004 0.1478796875 0.26409531249999996 0.15010625 0.26409531249999996 0.15233125 0.27151562500000004 0.157896875 0.2744828125 0.157896875 0.28041875 0.1623484375 0.2952578125 0.1623484375 0.2967421875 0.1612359375 0.2982265625 0.1601234375 0.30119375000000004 0.1601234375 0.3041625 0.157896875 0.30712968749999997 0.157896875 0.31455 0.15233125 0.31455 0.15010625 0.3175171875 0.1478796875 0.3175171875 0.14342656250000002 0.3204859375 0.1412015625 0.3204859375 0.13897500000000002 0.3175171875 0.13674843750000001 0.3175171875 0.132296875 0.31455 0.1300703125 0.31455 0.1278453125
6 1 0.16902343749999998 0.8654375 0.23302499999999998 0.8520734375 0.282025 0.8164374999999999 0.27756875000000003 0.806415625 0.269775 0.8286875 0.26309062499999997 0.8086437500000001 0.2519546875 0.8286875 0.247503125 0.8298015624999999 0.210753125 0.83648125 0.24638906249999998 0.879915625 0.21409531249999997 0.8687796875 0.20073124999999997 0.881025 0.19070937500000001 0.9010734375 0.1996171875 0.9400515625000001 0.169546875 0.88548125 0.1550734375 0.8298015624999999 0.1728890625 0.7852578125 0.166209375 0.7707796874999999 0.1806828125 0.8075296875 0.184025 0.8164374999999999 0.208525 0.7540734375 0.184025 0.67835 0.2241171875 0.66505625 0.244403125 0.6694375 0.26198125 0.65739375 0.256503125 0.6460515625000001 0.2792 0.6294328124999999 0.30322187500000003 0.63681875 0.34756875 0.63884375 0.35 1 0.35 1 0.16902343749999998
6 0.51875 1 0.51875 0.35 0 0.35 0 1 0.51875 1
6 1 0.6583328125000001 0.9731249999999999 0.67809375 0.966428125 0.66215 0.9396421875 0.6382328125 0.9016968750000001 0.634246875 0.872678125 0.670121875 0.8659828125000001 0.6661359375 0.8470093750000001 0.620296875 0.8537046875 0.612325 0.8537046875 0.5963812500000001 0.8403124999999999 0.5804375 0.8369640625000001 0.5625 0.7900890625 0.54655625 0.7722328125 0.5505421875 0.7432140625 0.57844375 0.7119640625 0.57844375 0.691875 0.5585140625 0.6673218750000001 0.5585140625 0.6338390625 0.5425703125 0.6092859374999999 0.5425703125 0.5490171875 0.5904015625000001 0.52 0.5744578125 0.51875 0.578475 0.51875 1 1 1 1 0.6583328125000001
13 0.641809375 1 0.6416515625 0.9989640625 0.6416515625 0.9830203125000001 0.6483484374999999 0.9750484374999999 0.645 0.961096875 0.607053125 0.953125 0.5970093750000001 0.9630906250000001 0.6076234375 1 0.641809375 1
13 1 0.9511968749999999 0.9708921875 0.9092796875 0.9485718750000001 0.9013078125 0.9295984374999999 0.9312015625000001 0.9162046875 0.9830203125000001 0.932053125 1 0.9613687499999999 1 0.9753578125000001 0.9850125000000001 0.9954468750000001 0.9810265625 1 0.9710890624999999 1 0.9511968749999999
13 0.8916515625000001 1 0.8916515625000001 0.9909921875000001 0.8793749999999999 0.9690687499999999 0.8302671875 0.953125 0.8157593750000001 0.9591046875 0.8135265625000001 0.9830203125000001 0.818646875 1 0.8916515625000001 1
13 0.810178125 0.8255734374999999 0.7889734374999999 0.8714124999999999 0.7912046875 0.9033 0.8146421875 0.9491390624999999 0.8425453125000001 0.9551187499999999 0.8470093750000001 0.9232296874999999 0.8358484374999999 0.8714124999999999 0.8358484374999999 0.8435109375 0.8280359374999999 0.8255734374999999 0.810178125 0.8255734374999999
13 0.7577234374999999 0.8714124999999999 0.754375 0.8534750000000001 0.7309375 0.8873562500000001 0.7309375 0.9072859375 0.739865625 0.9232296874999999 0.7443296875 0.8873562500000001 0.7577234374999999 0.8714124999999999
13 0.786740625 0.8753984375 0.7766968750000001 0.8574624999999999 0.7677671875 0.8574624999999999 0.7465625 0.9072859375 0.7465625 0.9351875 0.778928125 0.9810265625 0.7979015625 0.9830203125000001 0.8068296875 0.9630906250000001 0.8068296875 0.9312015625000001 0.7912046875 0.9033 0.786740625 0.8753984375
13 0.724215625 1 0.7376343750000001 0.979034375 0.7354015625 0.9312015625000001 0.7075 0.90529375 0.6985718750000001 0.8853640625000001 0.6740171875 0.8654343750000001 0.6650890625 0.87340625 0.6472328125 0.8614484375 0.6204468750000001 0.8654343750000001 0.6081703125 0.8793843750000001 0.6081703125 0.9112718750000001 0.614865625 0.9351875 0.6427671875 0.9571109375000001 0.6561609374999999 0.992984375 0.68815 1 0.724215625 1
13 0.6360718750000001 0.717953125 0.646115625 0.6920437500000001 0.646115625 0.66015625 0.629375 0.64221875 0.591428125 0.6262749999999999 0.5713390625 0.64221875 0.5233484374999999 0.7279171875 0.5266968750000001 0.7378828125 0.55125 0.7378828125 0.575803125 0.7617984375 0.583615625 0.75980625 0.6115171875 0.7139671875 0.6360718750000001 0.717953125
13 0.7253578125 0.5983734375 0.7052671875 0.5744578125 0.6963390625 0.5744578125 0.691875 0.5585140625 0.6807140625 0.5585140625 0.6639734374999999 0.5804375 0.6595093750000001 0.6481984375 0.6595093750000001 0.6880578125000001 0.6840625 0.700015625 0.7186609374999999 0.67809375 0.7354015625 0.6282687499999999 0.7253578125 0.5983734375
13 0.6639734374999999 0.5764515625 0.6249109374999999 0.5425703125 0.6092859374999999 0.54655625 0.6081703125 0.5844234375 0.5880796875 0.6003671875000001 0.6003578125 0.6222890624999999 0.6327234374999999 0.6402265625 0.6427671875 0.6262749999999999 0.6516968750000001 0.634246875 0.661740625 0.620296875 0.6639734374999999 0.5764515625
13 0.5545984374999999 0.620296875 0.5590625 0.612325 0.5467859374999999 0.5943875000000001 0.51875 0.5777 0.51875 0.614809375 0.5545984374999999 0.620296875
13 0.9329468750000001 0.634246875 0.9061609374999999 0.634246875 0.8782593750000001 0.6641421875 0.8760265625000001 0.6761 0.8871874999999999 0.715959375 0.9128578125000001 0.749840625 0.9206703125000001 0.747846875 0.9630796875 0.7079875 0.9675453125000001 0.6721140625 0.9597328125000001 0.6541765625 0.9329468750000001 0.634246875
13 1 0.650190625 0.9999109374999999 0.650190625 0.9697765625000001 0.6960296875 0.9764734374999999 0.7279171875 0.9932140625000001 0.7538265625 1 0.7551734375 1 0.650190625
13 1 0.7604968750000001 0.9909828125000001 0.7578125 0.9876343750000001 0.783721875 0.9943296875 0.85546875 0.9999109374999999 0.8694203125 1 0.8694296874999999 1 0.7604968750000001
13 0.8604015625000001 0.7717640625 0.8693296875 0.731903125 0.8436609374999999 0.6980234375000001 0.8280359374999999 0.702009375 0.8112953125000001 0.7239312499999999 0.8112953125000001 0.7358890625 0.8280359374999999 0.765784375 0.8604015625000001 0.7717640625
13 0.8045984374999999 0.6800859375 0.8146421875 0.7139671875 0.8436609374999999 0.6980234375000001 0.8637499999999999 0.7219390625 0.8693296875 0.731903125 0.864865625 0.7717640625 0.8782593750000001 0.7717640625 0.8827234374999999 0.75581875 0.8749109374999999 0.670121875 0.8213390625000001 0.66215 0.8045984374999999 0.6800859375
13 0.849240625 0.588409375 0.841428125 0.57844375 0.8280359374999999 0.586415625 0.794553125 0.54655625 0.7766968750000001 0.54655625 0.7443296875 0.5804375 0.747678125 0.5983734375 0.7722328125 0.6222890624999999 0.8057140625000001 0.5983734375 0.8213390625000001 0.6302609375 0.8313843750000001 0.6282687499999999 0.849240625 0.604353125 0.849240625 0.588409375
13 0.9072765625000001 0.8674265625 0.9173218750000001 0.8853640625000001 0.9340624999999999 0.8873562500000001 0.9474546875 0.8235812499999999 0.9474546875 0.799665625 0.9418749999999999 0.7897000000000001 0.9128578125000001 0.80564375 0.9050453125000001 0.8275671875 0.9072765625000001 0.8674265625
13 0.8447765625000001 0.9112718750000001 0.8481249999999999 0.9212374999999999 0.8693296875 0.927215625 0.8760265625000001 0.9152578124999999 0.8760265625000001 0.8793843750000001 0.8682140625000001 0.8614484375 0.8525890625000001 0.8534750000000001 0.8403124999999999 0.8753984375 0.8447765625000001 0.9112718750000001
13 0.9159593750000001 1 0.911740625 0.9949781249999999 0.9139734374999999 0.9750484374999999 0.8994640625000001 0.9690687499999999 0.8922000000000001 1 0.9159593750000001 1