0 0 0 0 0.65 0.3890625 0.65 0.3890625 0 0 0
1 0.143475 0.126525 0.1459765625 0.129859375 0.1459765625 0.1365296875 0.148478125 0.1398640625 0.148478125 0.1432 0.149728125 0.1448671875 0.1547296875 0.1448671875 0.15598125000000002 0.1432 0.15598125000000002 0.13319375 0.15347968750000002 0.129859375 0.15347968750000002 0.126525 0.15097812500000002 0.12318906249999999 0.15097812500000002 0.11651875 0.148478125 0.113184375 0.148478125 0.10985 0.1447265625 0.104846875 0.142225 0.104846875 0.13847343750000002 0.10985 0.14097500000000002 0.113184375 0.14097500000000002 0.11985468749999999 0.143475 0.12318906249999999 0.143475 0.126525
6 0.3890625 0 0.3890625 0.41388125000000003 0.58083125 0.3990578125 0.786746875 0.35398593749999996 0.9336499999999999 0.23003749999999998 0.9123046875 0.18722031249999999 0.7892578125 0.2322921875 0.8382250000000001 0.0181984375 0.8265265625 0 0.811971875 0 0.8043250000000001 0.0114390625 0.8010515625 0 0.428925 0 0.42890625 0.0001703125 0.4150953125 0.0024234375 0.41003125 0 0.3890625 0
12 0.3912390625 0.0993296875 0.3890625 0.0719859375 0.3890625 0.41794843750000005 0.41258437499999995 0.41708749999999994 0.4201171875 0.41257968749999996 0.423884375 0.39680468750000003 0.41886093750000003 0.16693750000000002 0.411328125 0.1353859375 0.3912390625 0.0993296875
7 0.657421875 0.25708125000000004 0.681278125 0.3044078125 0.72145625 0.35849375 0.7377796875 0.356240625 0.76916875 0.3494796875 0.7679125 0.3111671875 0.7842359375 0.29539218749999996 0.7967906250000001 0.29539218749999996 0.8005578124999999 0.33821093750000003 0.8118578125000001 0.34497187500000004 0.8445031249999999 0.3044078125 0.9298828125 0.25032031250000003 0.9311390625 0.2075015625 0.9248609374999999 0.18722031249999999 0.8997484375000001 0.18722031249999999 0.8394812500000001 0.227784375 0.7440562500000001 0.2322921875 0.657421875 0.25708125000000004
7 0.8081859375 0 0.8030687500000001 0.009184375 0.793025 0.0407359375 0.7603796875 0.0903140625 0.7453125 0.13989374999999998 0.7126671875 0.1759515625 0.7001109375000001 0.212009375 0.7001109375000001 0.23003749999999998 0.703878125 0.2367984375 0.727734375 0.23454531250000002 0.7566125 0.227784375 0.7880015625000001 0.23003749999999998 0.7905140625 0.1939796875 0.8407359375000001 0.02270625 0.8369703124999999 0.0024234375 0.83426875 0 0.8081859375 0
7 0.433834375 0 0.43518437499999996 0.0024234375 0.44774062499999995 0.00693125 0.4502515625 0.0024234375 0.4728515625 0.029467187500000002 0.48038437500000003 0.029467187500000002 0.48791874999999996 0.03848125 0.49670781249999996 0.036228125 0.5017296875 0.027214062500000004 0.5017296875 0 0.433834375 0
21 0.5243296875000001 0.3066609375 0.5243296875000001 0.34271875 0.516796875 0.3652546875 0.516796875 0.387790625 0.529353125 0.387790625 0.5795765625 0.3111671875 0.587109375 0.27961718750000003 0.6071984375 0.239053125 0.609709375 0.212009375 0.6046875 0.1759515625 0.5971546875 0.14890781250000001 0.5858531250000001 0.1331328125 0.575809375 0.12862656249999999 0.5306078125 0.1331328125 0.5142859375 0.17144375 0.511775 0.1894734375 0.5142859375 0.22102343750000003 0.529353125 0.26609531249999996 0.5243296875000001 0.3066609375
16 0.45150625 0.17144375 0.45401718750000003 0.1939796875 0.43016249999999995 0.20975625 0.42639531249999996 0.22102343750000003 0.42639531249999996 0.40131249999999996 0.43016249999999995 0.40807343749999997 0.4414625 0.40581875 0.47034062499999996 0.3990578125 0.5155406250000001 0.3990578125 0.5193078125 0.3922984375 0.5193078125 0.36074687499999997 0.5243296875000001 0.34271875 0.5243296875000001 0.25708125000000004 0.5142859375 0.23003749999999998 0.511775 0.180459375 0.5029859375 0.1736984375 0.4904296875 0.142146875 0.48289687499999995 0.13764062500000002 0.4728515625 0.13764062500000002 0.457784375 0.15566875 0.45150625 0.17144375
16 0.5712875000000001 0 0.56785 0.007121875 0.5652984375 0.0437578125 0.5661484375 0.1261875 0.584859375 0.1246609375 0.610375 0.2009859375 0.6239828125 0.2360953125 0.6392921874999999 0.25288750000000004 0.657153125 0.2650984375 0.692875 0.243728125 0.692025 0.214725 0.667359375 0.051389062500000006 0.656778125 0 0.5712875000000001 0
6 0.08608125 1 0.0847359375 0.9992875 0.0859875 0.9734375 0.064703125 0.9717140625 0.064703125 0.9544812500000001 0.10101093750000001 0.963096875 0.1085234375 0.9389703125000001 0.1135328125 0.9458640624999999 0.1323125 0.9303546875 0.1298078125 0.9062250000000001 0.1047671875 0.8786515625 0.1047671875 0.8304 0.141075 0.8390171875 0.1485875 0.8114437499999999 0.1573515625 0.8235046875 0.1523453125 0.8338468750000001 0.16486406250000002 0.8407406249999999 0.1823921875 0.8786515625 0.1811390625 0.8907171875 0.1598546875 0.8993343749999999 0.1598546875 0.9579281249999999 0.171125 0.9734375 0.192409375 0.9131203125 0.1848953125 0.8304 0.1636109375 0.7942109375 0.1485875 0.7838703125 0.1260515625 0.7942109375 0.1335640625 0.773528125 0.09850624999999999 0.7666375000000001 0.0384109375 0.7838703125 0.018378125000000002 0.8045500000000001 0.013371875 0.7942109375 0 0.7960499999999999 0 1 0.03696875 1 0.0246390625 0.9717140625 0.053435937499999996 0.9872249999999999 0.0571484375 1 0.062490625 1 0.07096406250000001 0.9906703125 0.073675 1 0.08608125 1
22 0.3451515625 0.9544812500000001 0.3639328125 0.9493109375 0.3877203125 0.9131203125 0.3890625 0.9101640625 0.3890625 0.81531875 0.3639328125 0.7873171875 0.3088453125 0.7907640625 0.27754375 0.8338468750000001 0.27504062500000004 0.88899375 0.306340625 0.9458640624999999 0.3451515625 0.9544812500000001
9 0.16538124999999998 1 0.16486406250000002 0.9992875 0.1848953125 0.9544812500000001 0.192409375 0.8924406250000001 0.1848953125 0.8304 0.1611078125 0.7907640625 0.12354687499999999 0.7700812499999999 0.07847499999999999 0.7700812499999999 0.0334046875 0.7873171875 0 0.8240984375 0 1 0.16538124999999998 1
16 0.3451515625 0.9544812500000001 0.3639328125 0.9493109375 0.3877203125 0.9131203125 0.3890625 0.9101640625 0.3890625 0.81531875 0.3639328125 0.7873171875 0.3088453125 0.7907640625 0.27754375 0.8338468750000001 0.27504062500000004 0.88899375 0.306340625 0.9458640624999999 0.3451515625 0.9544812500000001
6 0.7823109374999999 1 0.7823109374999999 0.9891781249999999 0.7856468750000001 0.9866765624999999 0.7823109374999999 0.9841765625000001 0.7823109374999999 0.9816750000000001 0.7856468750000001 0.9791734375000001 0.7856468750000001 0.9041421875 0.78898125 0.9016421875 0.78898125 0.8966390625 0.7856468750000001 0.8941390625000001 0.7856468750000001 0.8916375000000001 0.78898125 0.8891359375000001 0.78898125 0.8691281249999999 0.7923171875 0.8666265624999999 0.7923171875 0.8641265625000001 0.7956515625 0.8616250000000001 0.7956515625 0.8516203125 0.7989875 0.8491203125 0.7989875 0.84661875 0.802321875 0.8441171875 0.802321875 0.8316125 0.80565625 0.8291109375 0.80565625 0.8066015625 0.802321875 0.8041015625 0.802321875 0.7990984375 0.7989875 0.7965984374999999 0.7989875 0.7940968749999999 0.7923171875 0.7890953125 0.7923171875 0.7815921875 0.7989875 0.7765890625 0.7989875 0.7715875 0.802321875 0.7690859375 0.802321875 0.764084375 0.80565625 0.7615828125 0.80565625 0.749078125 0.8089921875 0.7465765625 0.8089921875 0.7315703124999999 0.8123265625 0.7290703125 0.8123265625 0.7115625 0.8156625 0.7090625 0.8156625 0.689053125 0.8189968750000001 0.686553125 0.8156625 0.6840515625 0.8156625 0.6690453125 0.8173296875 0.6677953125 0.8206640625 0.6677953125 0.8290015625 0.6615421875 0.8290015625 0.659040625 0.8323375000000001 0.656540625 0.8323375000000001 0.65 0.6956015625 0.65 0.6956015625 0.6515375 0.6989359375 0.6540390625 0.6989359375 0.659040625 0.68893125 0.66654375 0.68893125 0.6740468749999999 0.6855953125 0.6765484374999999 0.6855953125 0.68155 0.6822609374999999 0.6840515625 0.6822609374999999 0.686553125 0.6789265624999999 0.689053125 0.6789265624999999 0.69655625 0.675590625 0.6990578125 0.675590625 0.704059375 0.6705890625 0.7078109375 0.667253125 0.7078109375 0.65558125 0.7165640625 0.65558125 0.7240671875 0.650578125 0.72781875 0.617228125 0.72781875 0.6138921875000001 0.7303203125 0.6105578125 0.7303203125 0.6072234375 0.732821875 0.5805421875000001 0.732821875 0.5772078125 0.735321875 0.573871875 0.735321875 0.5705375 0.732821875 0.557196875 0.732821875 0.5538624999999999 0.7303203125 0.550528125 0.7303203125 0.5471921875 0.72781875 0.5438578125 0.72781875 0.540521875 0.72531875 0.523846875 0.72531875 0.5138421875 0.717815625 0.5005015625 0.717815625 0.49883437500000005 0.719065625 0.49883437500000005 0.7215671875 0.4971671875 0.7228171875 0.49383125000000005 0.7228171875 0.4888296875 0.719065625 0.4888296875 0.7165640625 0.482159375 0.7115625 0.482159375 0.7090625 0.47715625 0.7053109375 0.47048750000000006 0.7053109375 0.46881874999999995 0.704059375 0.46881874999999995 0.701559375 0.46548437500000006 0.6990578125 0.46548437500000006 0.69405625 0.46048125000000006 0.6903046875000001 0.457146875 0.6903046875000001 0.4538109375 0.6928046875 0.4504765625 0.6928046875 0.4471421875 0.69530625 0.43380156249999996 0.69530625 0.42879843749999996 0.6915546875 0.4304671875 0.6903046875000001 0.43380156249999996 0.6903046875000001 0.44047187499999996 0.6853015625000001 0.46048125000000006 0.6853015625000001 0.46214843749999995 0.6840515625 0.46214843749999995 0.6765484374999999 0.46048125000000006 0.6752984375 0.457146875 0.6752984375 0.4554796875 0.6740468749999999 0.4554796875 0.671546875 0.45214375 0.6690453125 0.45214375 0.66654375 0.4471421875 0.6627921875 0.44380625 0.6627921875 0.43880468749999996 0.66654375 0.43880468749999996 0.6790499999999999 0.43546874999999996 0.68155 0.43546874999999996 0.6840515625 0.4304671875 0.6878031250000001 0.423796875 0.6878031250000001 0.4204609375 0.6853015625000001 0.4171265625 0.6853015625000001 0.413790625 0.6828015625 0.41045625 0.6828015625 0.40712187499999997 0.6803 0.40045156249999997 0.6803 0.39711562499999997 0.6828015625 0.39044687499999997 0.6828015625 0.3890625 0.6838390624999999 0.3890625 1 0.7823109374999999 1
13 0.73895625 1 0.73895625 0.9816750000000001 0.742290625 0.9791734375000001 0.742290625 0.8866359375 0.735621875 0.8816328125 0.735621875 0.8791328125 0.7289515625 0.8741296875 0.7289515625 0.8716296874999999 0.727284375 0.870378125 0.7239484375 0.870378125 0.7206140624999999 0.8678781250000001 0.717278125 0.8678781250000001 0.71394375 0.8653765625000001 0.710609375 0.8653765625000001 0.7072734374999999 0.8628750000000001 0.700603125 0.8628750000000001 0.69726875 0.860375 0.6872640624999999 0.860375 0.683928125 0.8578734375 0.6772578125 0.8578734375 0.6739234374999999 0.855371875 0.6705890625 0.855371875 0.667253125 0.852871875 0.6539125 0.852871875 0.650578125 0.8503703125 0.6439078125 0.8503703125 0.6405734375 0.852871875 0.6372375 0.852871875 0.633903125 0.855371875 0.63056875 0.855371875 0.625565625 0.8591234375000001 0.625565625 0.8616250000000001 0.6222296875 0.8641265625000001 0.6222296875 0.8741296875 0.6188953125000001 0.87663125 0.6188953125000001 0.8791328125 0.6155609375 0.8816328125 0.6155609375 0.8866359375 0.612225 0.8891359375000001 0.612225 0.9016421875 0.608890625 0.9041421875 0.608890625 0.9091453125 0.6055546875 0.9116453124999999 0.6055546875 0.9166484374999999 0.6022203125 0.9191484375 0.6022203125 0.9266515625 0.5988859375 0.929153125 0.5988859375 0.9341546875000001 0.59555 0.9366562500000001 0.59555 0.9391578125000001 0.5922156249999999 0.9416578124999999 0.5922156249999999 0.9441593749999999 0.5888796875 0.9466609375000001 0.5888796875 0.9491609375 0.5855453125000001 0.9516625 0.5855453125000001 0.9566640625 0.5822093749999999 0.959165625 0.5822093749999999 0.9691703125 0.578875 0.9716703125 0.578875 0.9766734375 0.575540625 0.9791734375000001 0.575540625 0.9841765625000001 0.5722046875 0.9866765624999999 0.5722046875 0.9891781249999999 0.5688703125 0.9916796874999999 0.5688703125 0.9941796875 0.565534375 0.99668125 0.565534375 1 0.73895625 1