6 0.41875 0 0.41875 0.2 0.7438765625 0.2 0.7370765625 0.0586484375 0.742121875 0.084375 0.7496437499999999 0.117809375 0.7461562500000001 0.09950624999999999 0.7461562500000001 0.0450296875 0.7562453125 0.04200625 0.7749140625 0 0.41875 0
6 1 0.4679421875 0.9965171875 0.4731703125 0.9743296875 0.48225468749999995 0.9662625 0.4913390625 0.9612203125000001 0.486796875 0.9531515625000001 0.45954531249999997 0.9481093749999999 0.455003125 0.9319734375 0.4671140625 0.9158375 0.43380625000000006 0.9067609375 0.4322921875 0.90474375 0.41412343749999997 0.8876 0.382328125 0.875496875 0.3793 0.8644046875000001 0.36870156249999997 0.8644046875000001 0.32630781249999996 0.855328125 0.315709375 0.8492765625 0.315709375 0.8391921874999999 0.32782187500000004 0.8270890625 0.32782187500000004 0.80086875 0.3793 0.7746484375 0.376271875 0.7625453125 0.382328125 0.7615375 0.4292640625 0.75346875 0.4413765625 0.75346875 0.4565171875 0.742375 0.45803125 0.7353156249999999 0.40503906250000005 0.7232140625000001 0.3565890625 0.7050609375 0.3444765625 0.7010265625 0.3141953125 0.692959375 0.3081390625 0.692959375 0.2929984375 0.6808578125 0.2778578125 0.6788406250000001 0.265746875 0.667746875 0.24303593750000002 0.6435421875 0.24000781249999997 0.6385 0.26271875 0.6294234375000001 0.27634375 0.6193390625 0.279371875 0.595134375 0.30056875 0.5668968750000001 0.30056875 0.5608453124999999 0.28845624999999997 0.5568125 0.28845624999999997 0.5467265625 0.315709375 0.530590625 0.33387812499999997 0.5225234375000001 0.33690625 0.5114296875 0.3596171875 0.5043703125000001 0.370215625 0.4902515625 0.3793 0.4680640625 0.41866562500000004 0.4539453125 0.40958125 0.4499109375 0.394440625 0.43982656249999996 0.394440625 0.434784375 0.40503906250000005 0.434784375 0.4413765625 0.4317578125 0.44591875 0.41875 0.4498234375 0.41875 1 1 1 1 0.4679421875
20 1 0.89344375 0.9682796874999999 0.8516843749999999 0.9360078125 0.8668234375000001 0.8997015625 0.8940765624999999 0.89365 0.9031609375 0.8876 0.9031609375 0.875496875 0.9243578125 0.8694468750000001 0.9213296874999999 0.8593609375 0.9304140625 0.8563359374999999 0.925871875 0.8654125 0.9152734375 0.8855828125 0.9031609375 0.9037359374999999 0.8819640625 0.9138203125000001 0.8789359375 0.9198718749999999 0.8698515625000001 0.95516875 0.8471421875 0.9541609375 0.83654375 0.9037359374999999 0.78809375 0.8855828125 0.779009375 0.8714640625 0.779009375 0.7675875 0.97735 0.75346875 0.9955187499999999 0.7510265625 1 1 1 1 0.89344375
20 0.7554859375 0.8441140624999999 0.7514515625 0.856225 0.7514515625 0.8713656249999999 0.760528125 0.8880203124999999 0.765571875 0.88650625 0.78675 0.8698515625000001 0.8210390625 0.8668234375000001 0.8694468750000001 0.77598125 0.8896171875000001 0.77598125 0.894659375 0.7684109375 0.930965625 0.6957359375000001 0.9349984375 0.6836234375 0.9329812499999999 0.6654546875 0.9158375 0.6397171875 0.8976843750000001 0.6215484375 0.87348125 0.6064078125 0.8654125 0.6064078125 0.8482687500000001 0.635175 0.7554859375 0.8441140624999999
20 0.47613281250000006 0.436834375 0.459996875 0.436834375 0.41875 0.4498703125 0.41875 0.5076031249999999 0.427725 0.5064796874999999 0.45596249999999994 0.5125359375 0.47108906250000004 0.474684375 0.481175 0.4625734375 0.485209375 0.45046093750000005 0.47613281250000006 0.436834375
14 0.45697031250000003 0.6412312499999999 0.43881718750000004 0.5594718750000001 0.41875 0.532515625 0.41875 0.7470609375 0.42570781249999995 0.736615625 0.47008124999999995 0.7335875 0.4751234375 0.7290453125 0.4751234375 0.7229890625000001 0.45697031250000003 0.65334375 0.45697031250000003 0.6412312499999999
14 0.71750625 1 0.7171640625 0.9997421875000001 0.7111125 0.981575 0.7111125 0.96340625 0.7272484375 0.9452375 0.72523125 0.87861875 0.7151468750000001 0.7938328125 0.7080875 0.7832343749999999 0.689934375 0.77415 0.6697640625 0.771121875 0.659678125 0.759009375 0.6415265625 0.752953125 0.5971515625 0.752953125 0.574965625 0.7620375 0.5124375 0.7408406249999999 0.4680640625 0.734784375 0.4317578125 0.7378125 0.423690625 0.7438687500000001 0.41875 0.76188125 0.41875 1 0.4520953125 1 0.4529375 0.9936875000000001 0.45797968750000007 0.9861171875 0.49630156249999996 0.9709765625 0.5184890625 0.9709765625 0.545821875 1 0.71750625 1
14 1 0.8397406249999999 0.998534375 0.8395718750000001 0.9753390625 0.8501703125000001 0.9753390625 0.856225 1 0.88901875 1 0.8397406249999999
14 1 0.6763296875 0.9884499999999999 0.682109375 0.9723140625 0.7184468749999999 0.9420578125000001 0.742671875 0.9087781250000001 0.7835515625 0.9118031249999999 0.7941499999999999 0.9339906250000001 0.81231875 0.9602109375 0.8426 0.9672703125 0.8410859374999999 0.97735625 0.8320015625 0.9450843750000001 0.7865796875 0.9450843750000001 0.7774953124999999 0.95214375 0.766896875 0.9602109375 0.7608406249999999 0.9702968750000001 0.7608406249999999 0.9884499999999999 0.7820375 0.9975265625 0.7986921875 0.9955093749999999 0.8259453125 0.998534375 0.8304874999999999 1 0.82958125 1 0.6763296875
14 0.6909421874999999 0.3081390625 0.6697640625 0.24606406249999999 0.6435421875 0.24000781249999997 0.6405171875 0.24757812499999998 0.6445515625 0.265746875 0.639509375 0.273315625 0.6233734375 0.27634375 0.5911015625 0.30056875 0.5769828125 0.297540625 0.5648796875000001 0.303596875 0.5265578125 0.33387812499999997 0.513446875 0.3505328125 0.5114296875 0.3717296875 0.52353125 0.4232078125 0.5366421875 0.448946875 0.549753125 0.45046093750000005 0.5568125 0.43380625000000006 0.5830328125 0.43380625000000006 0.600178125 0.40806718750000004 0.6082453125 0.38687031250000004 0.6122796875 0.3444765625 0.617321875 0.33387812499999997 0.659678125 0.2945125 0.6687546875 0.3020828125 0.6586703125 0.3232796875 0.659678125 0.33085 0.667746875 0.315709375 0.67783125 0.30662500000000004 0.6798484375 0.31268125 0.6909421874999999 0.3081390625
14 0.70001875 0.45803125 0.7080875 0.4671140625 0.7151468750000001 0.46559999999999996 0.7383421875 0.46105937499999994 0.7413671875000001 0.4565171875 0.7353156249999999 0.40201093749999994 0.7232140625000001 0.3535609375 0.7050609375 0.34750468749999996 0.7010265625 0.3141953125 0.6838828125 0.31268125 0.6788406250000001 0.3232796875 0.6808578125 0.3535609375 0.6697640625 0.358103125 0.664721875 0.36567343750000003 0.6627046875 0.44440468749999995 0.6697640625 0.45803125 0.70001875 0.45803125
14 0.8270890625 0.39746875 0.7806984375 0.376271875 0.768596875 0.3793 0.7635546875 0.38687031250000004 0.7635546875 0.3959546875 0.771621875 0.40806718750000004 0.771621875 0.41412343749999997 0.75346875 0.45046093750000005 0.7585124999999999 0.451975 0.768596875 0.442890625 0.7806984375 0.424721875 0.7887671875 0.43077812499999996 0.793809375 0.4413765625 0.793809375 0.4534890625 0.7877578125 0.46862812500000006 0.7877578125 0.480740625 0.7776734375000001 0.492853125 0.7736390625 0.5231343749999999 0.7625453125 0.5428171875000001 0.7161546875 0.5730984375 0.70304375 0.589753125 0.684890625 0.6624265625 0.684890625 0.6775671875 0.692959375 0.6896796875 0.692959375 0.7017921874999999 0.682875 0.7260171875 0.682875 0.7441859375 0.6788406250000001 0.7593265625 0.6838828125 0.766896875 0.7020359375 0.772953125 0.7524609375 0.8032343750000001 0.7696046875 0.8047484375 0.7817078125 0.7774953124999999 0.7837234375000001 0.7562984375 0.8119624999999999 0.6412312499999999 0.8139796875 0.613978125 0.8220468750000001 0.595809375 0.8099453125 0.529190625 0.8119624999999999 0.49890937500000004 0.8200296874999999 0.47165625 0.8200296874999999 0.4534890625 0.8230562499999999 0.448946875 0.8442343749999999 0.4534890625 0.8442343749999999 0.43532031250000003 0.8402 0.4201796875 0.8270890625 0.39746875
14 0.48823437500000005 0.5761265625 0.49630156249999996 0.5700703125000001 0.5084046875 0.5730984375 0.5114296875 0.56855625 0.49428593750000005 0.5337328125 0.47613281250000006 0.5246484375 0.4620125 0.5246484375 0.4468859375 0.547359375 0.4468859375 0.5594718750000001 0.4529375 0.571584375 0.448903125 0.589753125 0.459996875 0.6124640625 0.47310625 0.61700625 0.48823437500000005 0.5761265625
14 0.427725 0.5064796874999999 0.41875 0.507828125 0.41875 0.5313343749999999 0.42570781249999995 0.5397890624999999 0.43075 0.538275 0.44789375 0.5246484375 0.4509203125 0.51405 0.44789375 0.5095078125 0.427725 0.5064796874999999
14 0.4529375 0.40806718750000004 0.45192812499999996 0.394440625 0.43780937499999995 0.394440625 0.434784375 0.3989828125 0.4327671875 0.4413765625 0.4357921875 0.44591875 0.440834375 0.44440468749999995 0.45797968750000007 0.436834375 0.46705625 0.4201796875 0.46402968749999995 0.412609375 0.4529375 0.40806718750000004
14 0.62438125 0.4232078125 0.635475 0.455003125 0.6627046875 0.4534890625 0.6627046875 0.3747578125 0.6556453125 0.36113125 0.625390625 0.364159375 0.6102624999999999 0.3808140625 0.6082453125 0.3959546875 0.62438125 0.4232078125
7 0.8462515625 0.6412312499999999 0.8633953125 0.6064078125 0.8876 0.6094359375 0.894659375 0.6018656250000001 0.894659375 0.589753125 0.8664203125000001 0.50799375 0.8593609375 0.4973953125 0.8230562499999999 0.4973953125 0.8119624999999999 0.51405 0.8119624999999999 0.53221875 0.8180125 0.54433125 0.8200296874999999 0.571584375 0.8341484375 0.635175 0.8391921874999999 0.6427453125 0.8462515625 0.6412312499999999
7 0.90171875 0.5276765625000001 0.9107953125 0.5231343749999999 0.9148296874999999 0.511021875 0.9148296874999999 0.486796875 0.9289484375000001 0.47165625 0.9289484375000001 0.45954531249999997 0.9138203125000001 0.436834375 0.90171875 0.44591875 0.8956671875 0.45803125 0.8775140625000001 0.46105937499999994 0.8603703125 0.489825 0.8785234375 0.541303125 0.8845734375 0.547359375 0.90171875 0.5276765625000001
7 0.5094125 0.5503875 0.5114296875 0.53221875 0.5073953125 0.51405 0.527565625 0.492853125 0.5316 0.46862812500000006 0.5184890625 0.448946875 0.502353125 0.44591875 0.49428593750000005 0.455003125 0.48419999999999996 0.45803125 0.47108906250000004 0.4777125 0.45697031250000003 0.52010625 0.4862171875 0.5276765625000001 0.5003359374999999 0.5397890624999999 0.5043703125000001 0.5519015625 0.5094125 0.5503875
7 0.5084046875 0.370215625 0.4902515625 0.3793 0.463021875 0.4292640625 0.46402968749999995 0.43380625000000006 0.480165625 0.436834375 0.48823437500000005 0.451975 0.4973109375 0.45046093750000005 0.5084046875 0.442890625 0.5215140625 0.4232078125 0.5215140625 0.4110953125 0.5084046875 0.370215625
7 0.77565625 0.49588124999999994 0.7817078125 0.486796875 0.7585124999999999 0.47014218750000003 0.736325 0.48225468749999995 0.7161546875 0.4671140625 0.7111125 0.4777125 0.7333000000000001 0.51405 0.743384375 0.547359375 0.74741875 0.5503875 0.765571875 0.538275 0.77565625 0.511021875 0.77565625 0.49588124999999994
14 0.789775 0.44440468749999995 0.782715625 0.43380625000000006 0.7736390625 0.44440468749999995 0.7736390625 0.4534890625 0.7857406250000001 0.46559999999999996 0.789775 0.45954531249999997 0.789775 0.44440468749999995
14 0.8533109375000001 0.3671875 0.8633953125 0.37324375 0.8684375 0.36870156249999997 0.8684375 0.3596171875 0.8623875 0.34750468749999996 0.8664203125000001 0.32630781249999996 0.8533109375000001 0.31268125 0.8492765625 0.31268125 0.8412078125000001 0.32479375 0.8250718750000001 0.32479375 0.799859375 0.3808140625 0.804903125 0.388384375 0.8321328125 0.3989828125 0.8533109375000001 0.3671875
13 0.5971515625 0.46105937499999994 0.5900921875 0.47165625 0.5860578125 0.49890937500000004 0.5769828125 0.5125359375 0.5628625 0.5246484375 0.538659375 0.5337328125 0.513446875 0.5655281249999999 0.5073953125 0.6018656250000001 0.499328125 0.626090625 0.5114296875 0.632146875 0.499328125 0.6684828125 0.499328125 0.6836234375 0.5073953125 0.7199609375 0.5225234375000001 0.73964375 0.534625 0.7457 0.5900921875 0.7502421874999999 0.6092546875 0.7457 0.62135625 0.730559375 0.635475 0.7457 0.6516109375 0.7457 0.656653125 0.7381296875000001 0.6667390625 0.6805953125 0.682875 0.6472875 0.6949765625000001 0.6018656250000001 0.7333000000000001 0.54433125 0.7333000000000001 0.52010625 0.7191796874999999 0.492853125 0.70001875 0.4671140625 0.659678125 0.455003125 0.5971515625 0.46105937499999994
14 0.682875 0.7229890625000001 0.692959375 0.7017921874999999 0.6909421874999999 0.6896796875 0.6838828125 0.6790812500000001 0.6737984375 0.6790812500000001 0.6667390625 0.6896796875 0.656653125 0.7381296875000001 0.6465687499999999 0.7502421874999999 0.659678125 0.7547843750000001 0.6657296875000001 0.76386875 0.6748062499999999 0.7623546875 0.6808578125 0.7502421874999999 0.682875 0.7229890625000001