6 0 0 0 0.75 0.475434375 0.75 0.4747734375 0.6975687500000001 0.39263750000000003 0.6034671875 0.340696875 0.5763203125 0.3455296875 0.5202203125 0.34311250000000004 0.3772578125 0.3225796875 0.250578125 0.2935890625 0.23248125000000003 0.263390625 0.23791250000000003 0.23923437500000003 0.1763828125 0.26943125 0.094946875 0.23198593750000002 0.042467187499999996 0.16072031250000002 0.015321874999999999 0.16685624999999998 0 0 0
12 0 0 0 0.1482875 0.0459953125 0.1785953125 0.0896625 0.1861984375 0.13028125 0.13449375 0.13840625 0.11016250000000001 0.1612 0 0 0
22 0.61139375 0.043029687500000004 0.5876484375000001 0.105375 0.5797328125 0.15613749999999998 0.5977234375 0.2211515625 0.6171515624999999 0.2728078125 0.6555640625 0.27758125 0.70854375 0.1303109375 0.688396875 0.055496875 0.6668078125 0.0109671875 0.6286671875 0.0136375 0.61139375 0.043029687500000004
6 0.486921875 0 0.4796875 0.0015546875 0.4796875 0.5005578125000001 0.5854781250000001 0.49695156249999994 0.6854953125 0.46208593750000004 0.747478125 0.37491093750000004 0.7967828124999999 0.2842515625 0.8066453125 0.18139375 0.757340625 0.0977078125 0.7094421875 0.0262265625 0.683409375 0 0.486921875 0
13 0.576253125 0.3401484375 0.5742171875000001 0.22938125 0.5497984375 0.1261703125 0.5162203125 0.0896703125 0.4796875 0.084290625 0.4796875 0.46187500000000004 0.4836609375 0.46475625000000004 0.5284296875 0.4874109375 0.5701484375 0.48867031250000004 0.5955859375 0.47985937500000003 0.61491875 0.443359375 0.576253125 0.3401484375
13 0.642390625 0.4521703125 0.667828125 0.4534296875 0.692246875 0.387978125 0.7492296875 0.35021562500000003 0.7573671875 0.3250453125 0.7492296875 0.2973515625 0.7980671874999999 0.23693749999999997 0.7319296875 0.162675 0.6993703124999999 0.1727453125 0.6861421875 0.1916234375 0.642390625 0.313715625 0.642390625 0.29357812499999997 0.6118671875 0.29357812499999997 0.6037265625 0.27091875 0.5823578125 0.314975 0.5823578125 0.3477 0.6067765625 0.410634375 0.642390625 0.4521703125
26 0.4796875 0 0.4796875 0.6694328125 0.5172390625000001 0.6699234374999999 0.5670984375 0.656078125 0.780771875 0.5276890625 0.8621703125 0.4597234375 0.895746875 0.2621078125 0.8977828125 0.1689671875 0.8788125000000001 0 0.4796875 0
13 0.5742171875000001 0.3250453125 0.5742171875000001 0.22686718749999998 0.555903125 0.14379375 0.5162203125 0.0896703125 0.4796875 0.0841578125 0.4796875 0.46325625 0.481628125 0.46475625000000004 0.526396875 0.4874109375 0.572184375 0.48867031250000004 0.59355 0.482378125 0.61491875 0.440840625 0.5742171875000001 0.3250453125
6 0.39116093749999997 1 0.389825 0.949734375 0.3969984375 0.75 0.1208640625 0.75 0.1181453125 0.7605265625000001 0.11003437499999999 0.8093546875 0.1181453125 0.8642859375 0.1627484375 0.89785625 0.1343640625 0.949734375 0.1326953125 1 0.39116093749999997 1
22 0.390103125 1 0.389825 0.949734375 0.3969984375 0.75 0.12259843749999999 0.75 0.11003437499999999 0.8124062500000001 0.1232140625 0.8719171875 0.17085937499999998 0.8917531249999999 0.1343640625 0.949734375 0.1326953125 1 0.390103125 1
9 0.204153125 1 0.20735156250000003 0.98635625 0.1962015625 0.9604171875 0.165790625 0.9421062499999999 0.13639218749999998 0.968046875 0.133125 1 0.204153125 1
6 1 0.75 0.4796875 0.75 0.4796875 1 1 1 1 0.75
22 1 0.7800859375 0.864121875 0.787365625 0.720690625 0.8015578124999999 0.6886484375 0.8106796875000001 0.74815625 0.8563000000000001 0.81529375 0.8907671875000001 0.8793828124999999 0.9090125 0.9175281249999999 0.9100265625 0.9297375000000001 0.8998890625 0.9282109374999999 0.8684640625 1 0.8790625000000001 1 0.7800859375
22 1 0.950684375 0.9556765625000001 0.9617265625 0.8549687499999999 0.9617265625 0.8061406249999999 0.9536171875000001 0.7145890625 0.92320625 0.6169328125 0.8664359375 0.5650515625 0.8887390625 0.525378125 0.8948203124999999 0.4796875 0.8962656250000001 0.4796875 0.99509375 0.49791093750000004 0.99619375 0.504521875 1 0.6102937500000001 1 0.6276125 0.983015625 0.68101875 0.957671875 0.7942859375 1 1 1 1 0.950684375
7 1 0.75 0.69046875 0.75 0.690175 0.7508703125 0.6215078125 0.7559390625 0.624559375 0.7741875 0.6627078125 0.7995296875 0.69475 0.8005437499999999 1 0.7767328124999999 1 0.75