6 0 0 0 0.4910796875 0.0202203125 0.4938359375 0.031932812500000005 0.500865625 0.045985937500000004 0.5324859375 0.1244515625 0.54478125 0.146703125 0.500865625 0.1888625 0.5043765625 0.223996875 0.528971875 0.27786875 0.49734999999999996 0.291921875 0.5149171875 0.3059765625 0.5114046875 0.34445312499999997 0.5465796875 0.4185140625 0.5293296875 0.40903437499999995 0.332221875 0.41489062499999996 0.3620859375 0.423621875 0.4009015625 0.4195734375 0.3796515625 0.4195734375 0.3164109375 0.43128593750000005 0.3129 0.4547078125 0.2601984375 0.45002343749999996 0.24614375000000002 0.464078125 0.2391171875 0.482815625 0.18993125 0.47227499999999994 0.18114687499999998 0.4734453125 0.200471875 0.45939375 0.2110109375 0.45588125 0.2303328125 0.43245781250000004 0.2338484375 0.4266015625 0.2426328125 0.44065468750000003 0.253171875 0.42777343749999996 0.2584421875 0.42191718749999996 0.2110109375 0.40786249999999996 0.19695625 0.4195734375 0.1829015625 0.40317968750000005 0.1723625 0.4172328125 0.1547953125 0.41020625 0.14425625 0.41840312500000004 0.131959375 0.4523671875 0.1020953125 0.44768125000000003 0.0915546875 0.45353750000000004 0.0827734375 0.47813125 0.08804375 0.475503125 0 0.458890625 0 0.45588125 0.061692187499999995 0.43011406250000006 0.0652046875 0.4266015625 0.056421874999999996 0.43831406250000005 0.0423671875 0.42191718749999996 0.045882812499999995 0.43128593750000005 0.0248015625 0.4172328125 0.0037218750000000004 0.41780625000000005 0 0.324609375 0 0.3247140625 0.0054765625 0.31521875 0 0 0
6 0.61875 0 0.61875 0.559375 0.8697296874999999 0.559375 1 0.3444953125 1 0.08053906250000001 0.990715625 0.073153125 0.9183515625 0.1089625 0.8712046875 0.18804062500000002 0.821865625 0.15670781250000002 0.8514687500000001 0.04181875 0.823890625 0 0.726921875 0 0.6267 0.073153125 0.62885 0 0.61875 0
3 0.698546875 0.5390828125 0.7219265625 0.548628125 0.7394609375 0.5470359375 0.746475 0.5343093750000001 0.7488125 0.5184 0.7488125 0.5088546875 0.74296875 0.49771875000000004 0.703221875 0.475446875 0.6915328125 0.4595375 0.6821796875 0.4595375 0.6716593750000001 0.4706734375 0.6716593750000001 0.48021874999999997 0.6623078125 0.5056734374999999 0.6623078125 0.5215828124999999 0.670490625 0.5390828125 0.675165625 0.5422640624999999 0.698546875 0.5390828125
3 0.6354203125 0.49771875000000004 0.61875 0.505690625 0.61875 0.5438328125 0.6213921874999999 0.548628125 0.61875 0.5468296875 0.61875 0.559375 0.6375359375 0.559375 0.6494484375 0.551809375 0.65529375 0.5438546875 0.65529375 0.5247640625 0.6471109375 0.5009 0.6354203125 0.49771875000000004
3 0.7955734375 0.461128125 0.8025874999999999 0.43567343750000004 0.8002484375 0.4102203125 0.7944046874999999 0.399084375 0.7569953125 0.40862968750000006 0.74764375 0.40862968750000006 0.7382921875 0.399084375 0.7254328125 0.40385625 0.7254328125 0.42612812499999997 0.7359546875 0.44999218750000003 0.764009375 0.46271874999999996 0.7780375 0.478628125 0.7862203125 0.47703749999999995 0.7955734375 0.461128125
3 0.654125 0.08726874999999999 0.6377578125000001 0.08726874999999999 0.629575 0.0952234375 0.61875 0.1541515625 0.61875 0.17420156250000002 0.644771875 0.19544999999999998 0.6506171875 0.193859375 0.669321875 0.16840468749999998 0.6623078125 0.1334046875 0.6623078125 0.0984046875 0.654125 0.08726874999999999
3 0.700884375 0.1922671875 0.7090671875 0.1906765625 0.7067296875 0.17476875 0.703221875 0.1699953125 0.6821796875 0.1699953125 0.6611374999999999 0.179540625 0.6529546875000001 0.200221875 0.65529375 0.21613125000000002 0.6634765625 0.2272671875 0.68451875 0.23999375 0.699715625 0.238403125 0.6973765625 0.200221875 0.700884375 0.1922671875
16 0.76198125 0 0.74998125 0.0013609375 0.731278125 0.0236328125 0.6669828125 0.082496875 0.6646453125 0.1111328125 0.6716593750000001 0.1302234375 0.6775046875 0.13817812499999998 0.6927015625 0.1365859375 0.705559375 0.1318140625 0.77453125 0.0602234375 0.788559375 0.022042187499999998 0.8002484375 0.006132812499999999 0.798746875 0 0.76198125 0
17 0.8727265624999999 0.22885781249999998 0.8668812499999999 0.2240859375 0.8294734375000001 0.2240859375 0.7850515625 0.23999375 0.7488125 0.2606765625 0.7441375 0.2861296875 0.7534890625 0.31158437499999997 0.760503125 0.3529484375 0.77453125 0.384765625 0.7838828125 0.3911296875 0.8014171875 0.38635625 0.8177843749999999 0.36726562500000004 0.83415 0.3768109375 0.8551921874999999 0.3768109375 0.8622062500000001 0.36726562500000004 0.8855859374999999 0.370446875 0.8890921875 0.36567500000000003 0.8914312499999999 0.3561296875 0.8914312499999999 0.3338578125 0.8867546875000001 0.3243125 0.8890921875 0.2447671875 0.8855859374999999 0.23999375 0.8738953125 0.24317656250000003 0.8727265624999999 0.22885781249999998
17 0.8937687499999999 0.33703906250000004 0.8914312499999999 0.34976562499999997 0.8949374999999999 0.3545390625 0.9545562500000001 0.3561296875 0.9592328125 0.3529484375 0.9592328125 0.33703906250000004 0.9545562500000001 0.33703906250000004 0.9545562500000001 0.32749375000000003 0.94988125 0.3211296875 0.9522187499999999 0.29249375 0.9463734374999999 0.2845390625 0.9253312499999999 0.2845390625 0.9066281249999999 0.2781765625 0.8949374999999999 0.2781765625 0.8914312499999999 0.2829484375 0.8867546875000001 0.295675 0.8867546875000001 0.3179484375 0.8937687499999999 0.33703906250000004
17 1 0.1388125 0.9580640624999999 0.10635937499999999 0.9487109374999999 0.10635937499999999 0.9405281249999999 0.1334046875 0.934684375 0.13817812499999998 0.9300078125000001 0.1318140625 0.9194859375 0.1493140625 0.9101343749999999 0.17476875 0.9077968750000001 0.193859375 0.9229937500000001 0.2081765625 0.9440359375 0.214540625 0.9697531250000001 0.2304484375 0.980275 0.22885781249999998 0.9767671874999999 0.217721875 0.94988125 0.197040625 0.9522187499999999 0.17476875 0.9697531250000001 0.16045 1 0.1583921875 1 0.1388125
17 0.6272375 0.43567343750000004 0.6272375 0.45476406249999995 0.6342515625 0.45794687500000003 0.6962078125 0.440446875 0.71374375 0.42931093750000004 0.71374375 0.4134015625 0.7230953125 0.400675 0.71841875 0.381584375 0.71841875 0.330675 0.7125734375 0.3227203125 0.7067296875 0.32749375000000003 0.704390625 0.346584375 0.698546875 0.3545390625 0.675165625 0.370446875 0.6681515625000001 0.383175 0.6412656250000001 0.40385625 0.6272375 0.43567343750000004
17 0.6225609375000001 0.2479484375 0.6202234375 0.2606765625 0.6412656250000001 0.2606765625 0.6482796875 0.25749374999999997 0.6529546875000001 0.24158593750000001 0.6354203125 0.2272671875 0.62840625 0.2272671875 0.6202234375 0.238403125 0.6225609375000001 0.2479484375
6 0.6087906249999999 0.8893984375 0.61875 0.8901390625 0.61875 0.8414484375000001 0.591259375 0.8356187500000001 0.6087906249999999 0.8893984375
6 0.41497812500000003 1 0.4030890625 0.993884375 0.40425781250000004 0.9862015625 0.3949078125 0.9708359375000001 0.4019203125 0.9554703124999999 0.3949078125 0.9216656249999999 0.37270156249999997 0.9170562500000001 0.35049375 0.8694234375000001 0.33530000000000004 0.8494484375000001 0.32127500000000003 0.8463749999999999 0.30491250000000003 0.8156437499999999 0.28855 0.8125703124999999 0.28270625 0.8048875000000001 0.28270625 0.7895234375 0.26985000000000003 0.766475 0.22076250000000003 0.729596875 0.20907499999999998 0.729596875 0.15765 0.7480359375 0.11323593750000001 0.7726203125 0.0933671875 0.7987421875 0.08869218749999999 0.8141078125 0.0863546875 0.8694234375000001 0.09345 1 0.41497812500000003 1
16 0.6017781249999999 0.8740328125 0.61875 0.8837953125 0.61875 0.84261875 0.591259375 0.832546875 0.6017781249999999 0.8740328125
17 0.5643765625 0.8648140625 0.5293140625 0.870959375 0.5258078125 0.8786421875 0.5304828125000001 0.9278124999999999 0.5187953125 0.952396875 0.5223015625 0.9600796875000001 0.5328203125 0.961615625 0.5573640625 0.9600796875000001 0.5748968750000001 0.9462515625 0.579571875 0.890934375 0.5643765625 0.8648140625
17 0.4626953125 0.9462515625 0.47788906249999996 0.9600796875000001 0.4977578125 0.9585437499999999 0.5129515625 0.9539328125000001 0.5304828125000001 0.9185921875 0.5036015625 0.8893984375 0.4615265625 0.892471875 0.45802031249999997 0.9155203125 0.4626953125 0.9462515625
13 0.5044515625 1 0.5047703125 0.99849375 0.5246390625 0.9662265624999999 0.5012640625 0.972371875 0.4977578125 0.97698125 0.5012640625 0.99695625 0.47905781249999996 0.9954203125 0.477509375 1 0.5044515625 1
13 0.9443125 1 0.9443125 0.9949546874999999 0.9408093750000001 0.9902859375 0.919796875 0.9902859375 0.918628125 0.9887296875 0.918628125 0.97005 0.9209640625000001 0.9669375 0.9209640625000001 0.954484375 0.918628125 0.9513718750000001 0.918628125 0.9326921875 0.91629375 0.9295796875000001 0.91629375 0.9202390625 0.9139593749999999 0.9171265625 0.9139593749999999 0.9109 0.9116250000000001 0.9077875000000001 0.9116250000000001 0.9015609375 0.9034515624999999 0.8906656249999999 0.8987828125 0.8906656249999999 0.896446875 0.8875515625 0.8941125 0.8875515625 0.8917781250000001 0.8844390625 0.8871078125 0.8844390625 0.8847734375 0.881325 0.8824390624999999 0.881325 0.880103125 0.8782125000000001 0.875434375 0.8782125000000001 0.8730984375 0.8750984374999999 0.8707640624999999 0.8750984374999999 0.8684296874999999 0.8719859375000001 0.8637593750000001 0.8719859375000001 0.861425 0.8688734374999999 0.8567546875 0.8688734374999999 0.8544203125 0.865759375 0.8520859375000001 0.865759375 0.84975 0.862646875 0.84508125 0.862646875 0.8427453125 0.8595328125 0.8380765625000001 0.8595328125 0.835740625 0.8564203125000001 0.8310718749999999 0.8564203125000001 0.8287359375 0.8533078125 0.8170624999999999 0.8533078125 0.814728125 0.8564203125000001 0.8123921875000001 0.8564203125000001 0.8100578125 0.8595328125 0.8077234375 0.8595328125 0.7960484375 0.8750984374999999 0.7937140625 0.8750984374999999 0.791378125 0.8782125000000001 0.786709375 0.8782125000000001 0.78320625 0.88288125 0.78320625 0.8859953125000001 0.780871875 0.8891078125 0.780871875 0.892221875 0.7762015625 0.8984484374999999 0.7762015625 0.9015609375 0.7738671874999999 0.9046734375 0.7738671874999999 0.9077875000000001 0.7715328125 0.9109 0.7715328125 0.9140140625000001 0.769196875 0.9171265625 0.769196875 0.923353125 0.7668625 0.926465625 0.7668625 0.94203125 0.76219375 0.9482578125 0.76219375 0.954484375 0.7598578125000001 0.9575968749999999 0.7598578125000001 0.9918421875 0.76219375 0.9949546874999999 0.76219375 1 0.9443125 1
7 0.82173125 0.8003828125 0.819396875 0.8034968750000001 0.7797046875 0.8034968750000001 0.7773703125 0.8066093750000001 0.761025 0.8066093750000001 0.75635625 0.8128359375 0.7540203125 0.8128359375 0.7516859375 0.81595 0.747015625 0.81595 0.74468125 0.8190625 0.7330078125 0.8190625 0.730671875 0.822175 0.7166625 0.822175 0.714328125 0.8252890624999999 0.71199375 0.8252890624999999 0.7096578124999999 0.8284015625000001 0.7073234375 0.8284015625000001 0.70615625 0.8299578125 0.70615625 0.8392984374999999 0.7096578124999999 0.8439671875 0.742346875 0.8439671875 0.74468125 0.8470812499999999 0.75635625 0.8470812499999999 0.7586906250000001 0.8501937500000001 0.761025 0.8501937500000001 0.7633609375 0.8533078125 0.7773703125 0.8533078125 0.7797046875 0.8501937500000001 0.7843734375 0.8501937500000001 0.786709375 0.8533078125 0.7937140625 0.8533078125 0.79488125 0.85175 0.7960484375 0.8501937500000001 0.82173125 0.8501937500000001 0.8240671875000001 0.8470812499999999 0.847415625 0.8470812499999999 0.853253125 0.8392984374999999 0.853253125 0.836184375 0.8555875000000001 0.8330718750000001 0.853253125 0.8299578125 0.8555875000000001 0.8268453125 0.8555875000000001 0.8206187500000001 0.853253125 0.8175062499999999 0.853253125 0.805053125 0.84975 0.8003828125 0.82173125 0.8003828125
7 0.633775 0.926465625 0.633775 0.9295796875000001 0.637278125 0.9342484375 0.6442828125 0.9342484375 0.6466171875 0.9373625000000001 0.6489515625 0.9373625000000001 0.6512875 0.940475 0.653621875 0.940475 0.65595625 0.9435890625000001 0.6606265625 0.9435890625000001 0.6629609375000001 0.9467015625 0.66763125 0.9467015625 0.669965625 0.9498140625 0.6746359375 0.9498140625 0.6769703125000001 0.952928125 0.681640625 0.952928125 0.683975 0.956040625 0.6886453125 0.956040625 0.6909796874999999 0.9591546875000001 0.6933140625 0.9591546875000001 0.69565 0.9622671875 0.697984375 0.9622671875 0.70031875 0.9653812500000001 0.71199375 0.9653812500000001 0.7131609375 0.9638234375 0.7131609375 0.9607109375 0.720165625 0.9513718750000001 0.720165625 0.9482578125 0.7224999999999999 0.9451453125 0.7224999999999999 0.94203125 0.7248359375 0.93891875 0.7248359375 0.923353125 0.7236671875 0.9217968750000001 0.7213328125 0.9217968750000001 0.7189984375 0.9186828125 0.7166625 0.9186828125 0.714328125 0.9155703125000001 0.7073234375 0.9155703125000001 0.7049890624999999 0.91245625 0.70031875 0.91245625 0.697984375 0.90934375 0.6933140625 0.90934375 0.6909796874999999 0.90623125 0.6886453125 0.90623125 0.686309375 0.9031171875 0.681640625 0.9031171875 0.6793046875 0.9000046875000001 0.6769703125000001 0.9000046875000001 0.6746359375 0.8968906249999999 0.669965625 0.8968906249999999 0.66763125 0.8937781250000001 0.6629609375000001 0.8937781250000001 0.6606265625 0.8906656249999999 0.6489515625 0.8906656249999999 0.6466171875 0.8875515625 0.6442828125 0.8906656249999999 0.6396124999999999 0.8906656249999999 0.637278125 0.8937781250000001 0.6326078125000001 0.8937781250000001 0.6302734375 0.8906656249999999 0.625603125 0.8906656249999999 0.62326875 0.8875515625 0.61875 0.8875515625 0.61875 0.9155703125000001 0.625603125 0.9155703125000001 0.6279390625 0.9186828125 0.6302734375 0.9186828125 0.631440625 0.9202390625 0.631440625 0.923353125 0.633775 0.926465625
13 0.6361109375 0.97005 0.6384453125 0.9669375 0.6384453125 0.9607109375 0.6407796875 0.9575968749999999 0.6407796875 0.9513718750000001 0.643115625 0.9482578125 0.643115625 0.94203125 0.6396124999999999 0.9373625000000001 0.637278125 0.9373625000000001 0.6349421875 0.9342484375 0.6326078125000001 0.9342484375 0.631440625 0.9326921875 0.631440625 0.926465625 0.62910625 0.923353125 0.62910625 0.9202390625 0.6279390625 0.9186828125 0.62326875 0.9186828125 0.61875 0.9126578125 0.61875 0.9562421875 0.6244359375 0.9638234375 0.6244359375 0.97005 0.6302734375 0.9778328125 0.6349421875 0.9778328125 0.6361109375 0.9762765625000001 0.6361109375 0.97005
18 0.61875 0.8595328125 0.62326875 0.8595328125 0.6244359375 0.8579765625 0.62910625 0.85175 0.62910625 0.8455234375 0.61875 0.8317171875 0.61875 0.8595328125
17 0.7656953125 0.91245625 0.7703656249999999 0.91245625 0.7715328125 0.9109 0.7738671874999999 0.9077875000000001 0.7738671874999999 0.9015609375 0.7762015625 0.8984484374999999 0.769196875 0.8891078125 0.769196875 0.8859953125000001 0.7633609375 0.8782125000000001 0.7586906250000001 0.8782125000000001 0.7575234375 0.87976875 0.7575234375 0.8891078125 0.7598578125000001 0.892221875 0.7598578125000001 0.8984484374999999 0.76219375 0.9015609375 0.76219375 0.9077875000000001 0.7656953125 0.91245625
13 0.70031875 0.8595328125 0.6909796874999999 0.8470812499999999 0.6723 0.8470812499999999 0.669965625 0.8501937500000001 0.6629609375000001 0.8501937500000001 0.6606265625 0.8533078125 0.6582921875000001 0.8533078125 0.65595625 0.8564203125000001 0.653621875 0.8564203125000001 0.6501203125 0.8610906249999999 0.6501203125 0.8704296875 0.6442828125 0.8782125000000001 0.6396124999999999 0.8782125000000001 0.6384453125 0.87976875 0.6442828125 0.8875515625 0.6489515625 0.8875515625 0.6512875 0.8906656249999999 0.6629609375000001 0.8906656249999999 0.665296875 0.8937781250000001 0.6769703125000001 0.8937781250000001 0.6781375 0.892221875 0.6793046875 0.8906656249999999 0.683975 0.8906656249999999 0.686309375 0.8875515625 0.6909796874999999 0.8875515625 0.69565 0.881325 0.697984375 0.881325 0.70031875 0.8782125000000001 0.7026546875 0.8782125000000001 0.7108265625 0.867315625 0.7108265625 0.8642031250000001 0.7096578124999999 0.862646875 0.7049890624999999 0.862646875 0.7026546875 0.8595328125 0.70031875 0.8595328125
17 0.62326875 0.8688734374999999 0.61875 0.8688734374999999 0.61875 0.8844390625 0.62326875 0.8844390625 0.6244359375 0.88288125 0.6267703124999999 0.87976875 0.6244359375 0.8766562499999999 0.6244359375 0.8704296875 0.62326875 0.8688734374999999
6 1 0.820153125 0.9968468749999999 0.81595 0.9945125000000001 0.81595 0.9921765625000001 0.8128359375 0.9875078125 0.8128359375 0.985171875 0.8097234375 0.980503125 0.8097234375 0.9781671875000001 0.8128359375 0.9571546874999999 0.8128359375 0.9548187499999999 0.81595 0.919796875 0.81595 0.9174609374999999 0.8190625 0.8917781250000001 0.8190625 0.8894437500000001 0.822175 0.8777687500000001 0.822175 0.875434375 0.8252890624999999 0.8684296874999999 0.8252890624999999 0.8660937499999999 0.8284015625000001 0.8555875000000001 0.8143921875 0.8555875000000001 0.8112796875000001 0.8520859375000001 0.8066093750000001 0.84975 0.8066093750000001 0.847415625 0.8034968750000001 0.8170624999999999 0.8034968750000001 0.814728125 0.8066093750000001 0.8123921875000001 0.8034968750000001 0.80071875 0.8034968750000001 0.7983828125 0.8066093750000001 0.7960484375 0.8034968750000001 0.791378125 0.8034968750000001 0.78904375 0.8066093750000001 0.7703656249999999 0.8066093750000001 0.7680296875 0.8097234375 0.7586906250000001 0.8097234375 0.75635625 0.8128359375 0.747015625 0.8128359375 0.74468125 0.81595 0.742346875 0.81595 0.7400125 0.8190625 0.730671875 0.8190625 0.7283375000000001 0.822175 0.7166625 0.822175 0.714328125 0.8190625 0.71199375 0.8190625 0.7073234375 0.8128359375 0.7049890624999999 0.8128359375 0.7026546875 0.8097234375 0.69565 0.8097234375 0.6933140625 0.8066093750000001 0.6582921875000001 0.8066093750000001 0.653621875 0.8128359375 0.6512875 0.8097234375 0.625603125 0.8097234375 0.620934375 0.81595 0.61875 0.81595 0.61875 1 0.941978125 1 0.941978125 0.9949546874999999 0.9396421875 0.9918421875 0.9396421875 0.982503125 0.9408093750000001 0.9809468750000001 0.9478140625 0.9809468750000001 0.95015 0.9778328125 0.952484375 0.9778328125 0.9548187499999999 0.9747203125 0.964159375 0.9747203125 0.96649375 0.97160625 0.9688281249999999 0.97160625 0.9723312500000001 0.9669375 0.9723312500000001 0.9638234375 0.9734984375 0.9622671875 0.9758328125 0.9622671875 0.980503125 0.96849375 0.9875078125 0.96849375 0.9898421875000001 0.97160625 0.9921765625000001 0.97160625 0.9968468749999999 0.9778328125 1 0.9778328125 1 0.952928125 0.99918125 0.952928125 0.9980140625 0.9513718750000001 0.99918125 0.9498140625 1 0.9498140625 1 0.9207046875 0.99918125 0.9217968750000001 0.9968468749999999 0.9217968750000001 0.9945125000000001 0.924909375 0.9898421875000001 0.924909375 0.985171875 0.9186828125 0.9781671875000001 0.9186828125 0.9758328125 0.9155703125000001 0.9734984375 0.9155703125000001 0.9711624999999999 0.91245625 0.9688281249999999 0.91245625 0.9676609375 0.9109 0.9676609375 0.9077875000000001 0.9711624999999999 0.9031171875 0.9734984375 0.9031171875 0.9758328125 0.9000046875000001 0.9875078125 0.9000046875000001 0.988675 0.8984484374999999 0.988675 0.895334375 0.9863390624999999 0.892221875 0.9863390624999999 0.88288125 0.9875078125 0.881325 0.9945125000000001 0.881325 0.9956796875 0.88288125 0.9956796875 0.8984484374999999 1 0.904209375 1 0.820153125