6 0 0 0 0.070759375 0.51875 0.07675937499999999 0.51875 0 0 0
6 1 0.19145625 0.9964906250000001 0.19316093750000002 0.985825 0.1589671875 0.9580953125 0.1513671875 0.938896875 0.1513671875 0.9303640625 0.162765625 0.9239656249999999 0.162765625 0.9175656249999999 0.1551671875 0.881303125 0.1513671875 0.8727703124999999 0.1589671875 0.8557062500000001 0.14376875 0.84930625 0.14376875 0.8215765625 0.1589671875 0.8066453125 0.128571875 0.7682484374999999 0.1361703125 0.682925 0.1361703125 0.66159375 0.1589671875 0.6466609375 0.166565625 0.6274640625 0.1893609375 0.604 0.200759375 0.5741359375 0.2349546875 0.5485390625 0.2767484375 0.51875 0.3032765625 0.51875 0.559375 1 0.559375 1 0.19145625
7 0.781046875 0.4135265625 0.790646875 0.41162656249999996 0.7949125 0.40022812500000005 0.7927796875 0.362234375 0.8077109374999999 0.316640625 0.8013125000000001 0.286246875 0.8013125000000001 0.2520515625 0.7949125 0.2330546875 0.7949125 0.2102578125 0.7917125 0.20455937500000002 0.7639828125 0.200759375 0.7565171875 0.2368546875 0.7565171875 0.3280390625 0.7714484374999999 0.36603281249999997 0.7757140625 0.40402812499999996 0.781046875 0.4135265625
7 0.7181203125 0.3470359375 0.7181203125 0.37743125 0.7255859375 0.394528125 0.733053125 0.3926296875 0.74371875 0.37743125 0.7458515625000001 0.3356390625 0.74905 0.3261390625 0.7543828125 0.324240625 0.7543828125 0.2938453125 0.7501171875 0.282446875 0.75225 0.2748484375 0.74905 0.26535000000000003 0.7469171875 0.27294843750000003 0.74051875 0.2539515625 0.7127875 0.27294843750000003 0.7074546875000001 0.29764375 0.7095890625 0.320440625 0.7181203125 0.3470359375
7 0.8322421875 0.242553125 0.8717046875 0.2520515625 0.896234375 0.246353125 0.9015671875000001 0.240653125 0.9015671875000001 0.22545625 0.8855703125 0.20455937500000002 0.8557062500000001 0.19316093750000002 0.8151765624999999 0.1893609375 0.7981125 0.17796406250000002 0.781046875 0.17796406250000002 0.7650484375 0.1912609375 0.7661156250000001 0.200759375 0.7938453125 0.20455937500000002 0.7949125 0.22925468750000003 0.8002453125000001 0.242553125 0.8322421875 0.242553125
16 1 0.4713375 0.9794265624999999 0.440121875 0.9538296875000001 0.41732500000000006 0.9527625000000001 0.423025 0.9719609374999999 0.46861718750000003 0.9719609374999999 0.49521249999999994 0.9666281250000001 0.5085109375 0.9602281250000001 0.5085109375 0.9527625000000001 0.5218078125 0.9794265624999999 0.53130625 0.995425 0.5484046874999999 0.9977937499999999 0.559375 1 0.559375 1 0.4713375
5 0.8333078125 0.42682343749999996 0.840775 0.440121875 0.856771875 0.438221875 0.8685046875 0.4325234375 0.8749046875 0.43632187499999997 0.9090343750000001 0.41732500000000006 0.9218328124999999 0.39072968750000003 0.9410296875 0.3869296875 0.9442296875 0.3736328125 0.9367640625 0.364134375 0.9218328124999999 0.364134375 0.9090343750000001 0.35653437499999996 0.8749046875 0.37553125 0.8535734375 0.37933125 0.834375 0.394528125 0.831175 0.40402812499999996 0.8333078125 0.42682343749999996
16 0.8610390625000001 0.46101875000000003 0.8685046875 0.45531875 0.8738374999999999 0.442021875 0.8642390625 0.43632187499999997 0.8429078125 0.44392031249999997 0.827975 0.42112499999999997 0.817309375 0.42492343750000006 0.8141109375 0.438221875 0.8034453125000001 0.45341875 0.8034453125000001 0.4648171875 0.820509375 0.49521249999999994 0.8290421875 0.53320625 0.8427859375000001 0.559375 0.9077265625000001 0.559375 0.9037015625 0.552203125 0.899434375 0.518009375 0.887703125 0.49711249999999996 0.881303125 0.49331250000000004 0.8770374999999999 0.47811562500000004 0.8610390625000001 0.46101875000000003
21 0.7959796875 0.53130625 0.802378125 0.516109375 0.8109109374999999 0.516109375 0.8119781250000001 0.5256078125 0.8045109374999999 0.5275078125 0.8034453125000001 0.53700625 0.8226421875 0.53700625 0.8226421875 0.5294078125 0.8162437499999999 0.5256078125 0.8119781250000001 0.49141406249999997 0.8045109374999999 0.47811562500000004 0.7959796875 0.47811562500000004 0.790646875 0.45721875 0.7789140625 0.43632187499999997 0.77038125 0.4325234375 0.7458515625000001 0.46101875000000003 0.74371875 0.48001562499999995 0.7479843749999999 0.5028109374999999 0.76185 0.5275078125 0.7831796875 0.5237078125 0.7959796875 0.53130625
5 0.5314734375 0.37553125 0.5229421875 0.360334375 0.51875 0.35784531249999996 0.51875 0.4969796875 0.5272078125 0.48191562499999996 0.54640625 0.474315625 0.5560046875 0.4458203125 0.5496046875 0.3888296875 0.544271875 0.37933125 0.5314734375 0.37553125
15 0.9154328125 0.3527359375 0.9410296875 0.3679328125 0.9463625 0.36603281249999997 0.9431640625 0.3527359375 0.8706375 0.322340625 0.8546390625000001 0.320440625 0.8546390625000001 0.3280390625 0.8621046874999999 0.33373906249999996 0.9154328125 0.3527359375
14 0.708521875 0.43632187499999997 0.69785625 0.42872343749999997 0.6743921875 0.42872343749999997 0.6573265625 0.44392031249999997 0.647728125 0.46101875000000003 0.65199375 0.49521249999999994 0.672259375 0.516109375 0.687190625 0.5427046875 0.7106546875 0.5427046875 0.7237578124999999 0.559375 0.7389984375 0.559375 0.7447843749999999 0.5579031249999999 0.7501171875 0.5484046874999999 0.7458515625000001 0.48761406249999995 0.7426515625000001 0.47811562500000004 0.7213203125 0.45911875 0.708521875 0.43632187499999997
20 0.65519375 0.3261390625 0.66159375 0.3261390625 0.6743921875 0.34133749999999996 0.6786578125 0.34133749999999996 0.6818578125 0.3280390625 0.6818578125 0.2938453125 0.6530609375 0.25015156250000004 0.6381296875 0.26155 0.6285296875 0.278646875 0.6199984374999999 0.3090421875 0.6199984374999999 0.3356390625 0.6295968750000001 0.34893593749999996 0.6370625000000001 0.3470359375 0.65519375 0.3261390625
14 0.6391953125 0.552203125 0.650928125 0.5503046875 0.654128125 0.5446046875 0.65199375 0.49141406249999997 0.6391953125 0.40402812499999996 0.6295968750000001 0.39072968750000003 0.5997328125 0.39832812500000003 0.5922671875 0.40782656250000004 0.5922671875 0.423025 0.6008 0.5066109375 0.6061328125000001 0.519909375 0.614665625 0.516109375 0.6285296875 0.53700625 0.6338625 0.5541031249999999 0.6391953125 0.552203125
14 0.5944 0.3888296875 0.596534375 0.362234375 0.5890671875 0.322340625 0.5634703125 0.322340625 0.5560046875 0.3318390625 0.553871875 0.3508359375 0.5613374999999999 0.39072968750000003 0.5944 0.3888296875
13 0.6178640625 0.320440625 0.6199984374999999 0.30144375 0.6306640625 0.2710484375 0.623196875 0.2539515625 0.608265625 0.26155 0.5666703125 0.3090421875 0.5677375 0.318540625 0.586934375 0.318540625 0.590134375 0.324240625 0.596534375 0.38123125 0.6029328125 0.38123125 0.6029328125 0.3698328125 0.6178640625 0.320440625
7 0.6999 0.38110468750000004 0.7119890625 0.378571875 0.7155453125 0.3912375 0.714834375 0.4267046875 0.7157140625 0.442690625 0.728346875 0.465971875 0.7425703125 0.44063749999999996 0.7297687500000001 0.4229046875 0.7226578124999999 0.386171875 0.71696875 0.3646390625 0.70985625 0.3279046875 0.6856765625000001 0.2785046875 0.672875 0.26963906249999997 0.672875 0.287371875 0.6856765625000001 0.298771875 0.684253125 0.3190390625 0.6799859374999999 0.3507046875 0.6899437500000001 0.3735046875 0.6999 0.38110468750000004
20 0.9973609375000001 0.559375 0.987959375 0.5389062499999999 0.97729375 0.53130625 0.9495625000000001 0.53130625 0.93783125 0.552203125 0.9393796875 0.559375 0.9973609375000001 0.559375
20 0.75551875 0.559375 0.8046765625000001 0.559375 0.8034453125000001 0.5484046874999999 0.7895796875000001 0.5275078125 0.7789140625 0.5237078125 0.7543828125 0.53320625 0.7543828125 0.5560031249999999 0.75551875 0.559375
6 0.51875 1 0.51875 0.622603125 0.28615 0.632434375 0.2607078125 0.9501578125 0.2648296875 1 0.51875 1
6 1 0.559375 0.6752906249999999 0.559375 0.674684375 0.5908828125000001 0.7611 0.6986359375 0.84644375 0.74770625 0.8859187500000001 0.7487734374999999 1 0.69075625 1 0.559375
6 1 0.77268125 0.9958015625 0.775446875 0.9958015625 0.7583796875 0.9723312500000001 0.7583796875 0.9691296875000001 0.7722453125000001 0.9862 0.7743796875 0.9701968750000001 0.7903828125000001 0.9424609374999999 0.7925171875 0.939259375 0.7786484375 0.9648640625 0.7615765624999999 0.9563312500000001 0.75304375 0.96593125 0.7370390625 0.9733984375 0.7487734374999999 0.9872671875 0.70716875 0.9040531250000001 0.7647781250000001 0.8229734375 0.76264375 0.8368437500000001 0.75304375 0.7546968749999999 0.70716875 0.6800203125000001 0.615421875 0.598940625 0.6388921875 0.5925374999999999 0.653828125 0.5456000000000001 0.6474249999999999 0.51875 0.6565546875 0.51875 1 1 1 1 0.77268125