6 0 0 0 0.609375 0.3890625 0.609375 0.3890625 0 0.2296546875 0 0.0744125 0.22859218750000002 0.0731921875 0.0124890625 0.0246640625 0 0 0
6 0.6879171875 0 0.5303921875000001 0.0328109375 0.5662984375 0.13016875 0.5000109375 0.1683484375 0.40057968749999995 0.141621875 0.3890625 0.1570359375 0.3890625 0.319409375 0.7679218750000001 0.42415 1 0.398578125 1 0.0017984375000000001 0.979190625 0 0.8810765625 0 0.8038281250000001 0.040448437500000003 0.74530625 0 0.6879171875 0
22 0.668490625 0.250434375 0.5956140624999999 0.2769921875 0.6657296875000001 0.3821515625 0.8065890625 0.378334375 0.668490625 0.250434375
22 0.9063874999999999 0.00027499999999999996 0.9060203124999999 0.070990625 0.8756390625 0.11298749999999999 0.999928125 0.0652640625 0.999928125 0.0118140625 0.9063874999999999 0.00027499999999999996
22 0.70466875 0 0.554178125 0.0384421875 0.5635359375 0.13398749999999998 0.7237312499999999 0.26379687500000004 0.8231609375 0.16453125 0.7927796875 0.044265624999999996 0.7236109374999999 0 0.70466875 0
9 0.3890625 0.28019531249999996 0.43875624999999996 0.2776328125 0.5018812500000001 0.263096875 0.507140625 0.25703906249999997 0.4808390625 0.24613749999999998 0.3890625 0.24138125000000002 0.3890625 0.28019531249999996
9 1 0.3271140625 0.9858453125000001 0.32851093750000004 0.9437625000000001 0.34789375 0.9367468750000001 0.34789375 0.9139531249999999 0.36121875000000003 0.933240625 0.367275 0.9437625000000001 0.357584375 0.957790625 0.3527390625 0.9665578125 0.36121875000000003 0.9700656249999999 0.3757546875 0.9840921874999999 0.3757546875 0.9875999999999999 0.370909375 0.977078125 0.356371875 0.977078125 0.34668125 0.9963671875 0.33335625 1 0.33335625 1 0.3271140625
9 0.8771281249999999 0.3696984375 0.8823890625 0.36848749999999997 0.8911578125 0.3600078125 0.9121984375000001 0.3600078125 0.9209671875 0.35395 0.9069375000000001 0.33456874999999997 0.90343125 0.32003125 0.88765 0.30670625 0.8595937499999999 0.2970140625 0.8280312500000001 0.29216875 0.7859468749999999 0.29216875 0.7350953125 0.3054953125 0.7386015625 0.31760781250000003 0.7964687500000001 0.36242968750000004 0.8140031249999999 0.3551625 0.8245234375000001 0.34304843749999997 0.8350453124999999 0.34304843749999997 0.8771281249999999 0.3696984375
0 0.3890625 1 0.3890625 0.609375 0 0.609375 0 1 0.3890625 1
0 1 0.609375 0.3890625 0.609375 0.3890625 1 0.970809375 1 0.973184375 0.9968328124999999 0.9756078125000001 0.9968328124999999 0.980453125 0.9903703125 0.9853 0.9903703125 0.9877234375 0.9871390625 0.990146875 0.9871390625 0.9925703125 0.9839078125 0.9949937500000001 0.9839078125 0.9998390625000001 0.9774453125000001 1 0.9774453125000001 1 0.609375
16 0.679978125 0.61878125 0.670284375 0.6317062499999999 0.6678609375 0.6317062499999999 0.6642265625 0.636553125 0.6642265625 0.639784375 0.6618031249999999 0.643015625 0.6618031249999999 0.6462453125 0.6605921875 0.6478609375 0.65816875 0.6478609375 0.6557453125 0.6510921875 0.6509 0.6510921875 0.6484765625 0.6543234375 0.646053125 0.6543234375 0.644840625 0.6559390625 0.644840625 0.6720953125 0.6484765625 0.6769421875 0.6678609375 0.6769421875 0.670284375 0.6801734374999999 0.6727078125 0.6801734374999999 0.67513125 0.6834046875 0.679978125 0.6834046875 0.6824015625000001 0.6866359375 0.6945171875 0.6866359375 0.695728125 0.6850203125000001 0.696940625 0.6834046875 0.7017859375 0.6834046875 0.704209375 0.6801734374999999 0.7114796875 0.6801734374999999 0.7139031250000001 0.6769421875 0.7187484375000001 0.6769421875 0.721171875 0.6737109375 0.7260187499999999 0.6737109375 0.7284421875 0.6704796875000001 0.7357109375 0.6704796875000001 0.738134375 0.6672484375 0.7454031249999999 0.6672484375 0.7478265625 0.6640171875 0.7575203125 0.6640171875 0.7599437499999999 0.6607859375 0.7672125000000001 0.6607859375 0.7696359375 0.6575546875 0.7769046875 0.6575546875 0.7793281249999999 0.6543234375 0.7865984375 0.6543234375 0.789021875 0.6510921875 0.7938671875 0.6510921875 0.7962906249999999 0.6478609375 0.8059843750000001 0.6478609375 0.80840625 0.64463125 0.8156765625 0.64463125 0.8180999999999999 0.6414 0.8205234375 0.6414 0.8229468750000001 0.63816875 0.82536875 0.63816875 0.8290046875 0.633321875 0.8290046875 0.630090625 0.8314265625000001 0.626859375 0.8314265625000001 0.613934375 0.8290046875 0.610703125 0.8290046875 0.609375 0.708840625 0.609375 0.7066328125 0.61231875 0.7017859375 0.61231875 0.6993625 0.61555 0.687246875 0.61555 0.6848234375 0.61878125 0.679978125 0.61878125