6 0 0 0 0.3755546875 0.0193859375 0.41113125000000006 0.409375 0.1743421875 0.409375 0 0 0
6 0.6769828125 0.380290625 0.7151953125 0.3141359375 0.7215640624999999 0.2948421875 0.71731875 0.25625156250000003 0.7512859375 0.2452265625 0.7417328125 0.20801406249999999 0.7247484375 0.20525781250000003 0.6992734375 0.227309375 0.6801671875 0.27968125 0.6737984375 0.26589843750000003 0.635584375 0.238334375 0.6249703125 0.22179687499999998 0.593125 0.224553125 0.5718953124999999 0.191475 0.563403125 0.18871875 0.56021875 0.20387968750000002 0.570834375 0.22593125 0.5294359375 0.241090625 0.5230671874999999 0.26865625 0.49546875 0.2824375 0.4678703125 0.2714125 0.4296578125 0.27416874999999996 0.42435 0.283815625 0.42435 0.3141359375 0.409375 0.31958125000000004 0.409375 0.509375 0.613946875 0.509375 0.62603125 0.49054843750000005 0.6472609375 0.4133671875 0.657875 0.4078546875 0.6631828125 0.38718125 0.6769828125 0.380290625
13 0.409375 0.3239203125 0.409375 0.37646406250000003 0.43921093750000006 0.3940734375 0.4508875 0.3899375 0.4753015625 0.34721406250000003 0.46362500000000006 0.3155140625 0.43814843750000004 0.3100015625 0.409375 0.3239203125
13 0.5910015625 0.238334375 0.557034375 0.227309375 0.5241296875 0.2479828125 0.5241296875 0.272790625 0.5411125 0.32240625 0.5527890625 0.33480937499999996 0.570834375 0.33894375 0.603740625 0.33480937499999996 0.6196625 0.31689218750000003 0.6217859375 0.2975984375 0.5910015625 0.238334375
13 0.6281546875 0.47400937499999996 0.6345234375000001 0.42990625 0.649384375 0.388559375 0.6324 0.3527265625 0.6207234374999999 0.3485921875 0.558096875 0.42439375 0.6058625 0.4643625 0.6281546875 0.47400937499999996
13 0.49016093749999995 0.3141359375 0.45831718749999995 0.383046875 0.459378125 0.3899375 0.48485468750000005 0.3899375 0.5039609375 0.37615625 0.518821875 0.38718125 0.551728125 0.388559375 0.5623421875 0.372021875 0.56021875 0.3444578125 0.5103296875 0.30448906249999996 0.49016093749999995 0.3141359375
13 0.5496046875 0.47400937499999996 0.55385 0.45747031250000003 0.5421734375 0.43679687500000003 0.5103296875 0.4395546875 0.505021875 0.4464453125 0.50820625 0.45884843750000004 0.5294359375 0.47538749999999996 0.5496046875 0.47400937499999996
12 0.4784859375 0.48365625 0.47273437500000004 0.509375 0.5004921875 0.509375 0.48485468750000005 0.48365625 0.4784859375 0.48365625
18 0.43708749999999996 0.46022656250000005 0.4806078125 0.43679687500000003 0.47954687500000004 0.4133671875 0.4721171875 0.4092328125 0.4296578125 0.43679687500000003 0.4222265625 0.4519578125 0.4296578125 0.46160468750000005 0.43708749999999996 0.46022656250000005
13 0.4753015625 0.33343124999999996 0.4944078125 0.3031109375 0.4891 0.27968125 0.440271875 0.2714125 0.4264734375 0.283815625 0.427534375 0.3127578125 0.45725625000000003 0.3100015625 0.4753015625 0.33343124999999996
13 0.5018374999999999 0.37615625 0.48803906250000006 0.38580312499999997 0.5039609375 0.420259375 0.531559375 0.4119890625 0.5432359375 0.41888125 0.5496046875 0.4133671875 0.5474812499999999 0.3940734375 0.5400515625 0.384425 0.518821875 0.38718125 0.5018374999999999 0.37615625
13 0.5103296875 0.45884843750000004 0.506084375 0.4423109375 0.4678703125 0.5029515625000001 0.45831718749999995 0.5015734375 0.4578171875 0.509375 0.6031828124999999 0.509375 0.602678125 0.5070859375000001 0.5718953124999999 0.46160468750000005 0.5549125 0.46987500000000004 0.54854375 0.4643625 0.531559375 0.47538749999999996 0.5103296875 0.45884843750000004
13 0.570834375 0.43817500000000004 0.54854375 0.417503125 0.537928125 0.423015625 0.5368671875000001 0.42990625 0.56021875 0.46298281250000006 0.5687109375 0.4547140625 0.570834375 0.43817500000000004
6 0.14513437499999998 0.6134796875 0.15361562499999998 0.6259546874999999 0.1302890625 0.6509031249999999 0.138771875 0.7007984375 0.1525546875 0.69611875 0.15149531249999998 0.7163906250000001 0.1642171875 0.72574375 0.166340625 0.66025625 0.1567984375 0.6555796875000001 0.148315625 0.683646875 0.14937499999999998 0.6384296875000001 0.166340625 0.6353109375 0.1620984375 0.6228359375 0.1917859375 0.5916515625 0.192846875 0.5713828125 0.21617187499999999 0.5713828125 0.21829218749999998 0.5932109375 0.25328125 0.6166015625 0.2076890625 0.5495546874999999 0.1907265625 0.5495546874999999 0.1674 0.5932109375 0.1631578125 0.5838578125 0.14513437499999998 0.6134796875
6 0 0.7707796874999999 0.0083609375 0.7584875 0.035926562499999995 0.7771984375 0.121809375 0.7756390625 0.127109375 0.7553703125 0.144075 0.7740796875 0.17482031250000002 0.760046875 0.14195156250000002 0.7241859374999999 0.127109375 0.7460125 0.0783375 0.6867656249999999 0.0475890625 0.67273125 0.0698546875 0.6774078125 0.1186265625 0.6524625000000001 0.14089218750000002 0.6134796875 0.133471875 0.586975 0.1042203125 0.5488453125 0.07054375 0.5453078125 0.0224296875 0.5683203125 0 0.5961765625 0 0.7707796874999999
6 0.1324125 0.654021875 0.1302890625 0.7163906250000001 0.18118281249999998 0.7569296875 0.2023890625 0.663375 0.17800312499999998 0.630634375 0.154675 0.630634375 0.1324125 0.654021875
6 0.14937499999999998 0.544875 0.1345328125 0.576059375 0.14513437499999998 0.6072437500000001 0.215490625 0.509375 0.175409375 0.509375 0.14937499999999998 0.544875
6 0.3350359375 1 0.34234375 0.9471562499999999 0.30629531249999997 0.8972609374999999 0.3137171875 0.848925 0.27130624999999997 0.8894624999999999 0.2511609375 0.88166875 0.24798125 0.845803125 0.2246546875 0.8520421875 0.20345 0.8177406250000001 0.1864828125 0.8177406250000001 0.1695203125 0.845803125 0.1631578125 0.8302140625 0.10378281250000002 0.8177406250000001 0.0868171875 0.7927906250000001 0.05607187500000001 0.797471875 0.036985937499999996 0.8629546875 0.04335 0.915971875 0.02214375 0.9565093750000001 0.022965625 1 0.3350359375 1
6 0.409375 1 0.409375 0.741165625 0.385815625 0.7584875 0.3730921875 0.749134375 0.34870625 0.7912312499999999 0.39111562499999997 0.79435 0.34870625 0.8972609374999999 0.336003125 1 0.409375 1
6 0.32538125 0.8005890625 0.3338609375 0.79435 0.31901718749999997 0.7569296875 0.32538125 0.71326875 0.298871875 0.6898828124999999 0.2840296875 0.693 0.2723671875 0.7351015624999999 0.225715625 0.7912312499999999 0.32538125 0.8005890625
22 0.3985375 0.8738703125 0.4070203125 0.848925 0.409375 0.8506546875 0.409375 0.7877828124999999 0.3985375 0.7834375 0.40384062500000006 0.797471875 0.39111562499999997 0.8005890625 0.38475468749999997 0.8536015625 0.3964171875 0.8551609375 0.3985375 0.8738703125
22 0.3337734375 1 0.3402234375 0.9471562499999999 0.293571875 0.8910218750000001 0.30629531249999997 0.88166875 0.3009921875 0.8613953125 0.2797890625 0.8925796874999999 0.2416171875 0.8925796874999999 0.20556875 0.8208578125000001 0.1864828125 0.8208578125000001 0.1674 0.848925 0.148315625 0.8270921875000001 0.09954375 0.8177406250000001 0.0868171875 0.7927906250000001 0.061371875 0.7927906250000001 0.039106249999999995 0.85671875 0.05395156250000001 0.9097312499999999 0.0306265625 0.944034375 0.034431250000000004 1 0.3337734375 1
22 0.409375 1 0.409375 0.77473125 0.3995984375 0.77875625 0.34870625 0.8972609374999999 0.336003125 1 0.409375 1
22 0.3497671875 0.802146875 0.409375 0.7831921875 0.409375 0.73795 0.36885 0.752253125 0.3497671875 0.802146875
22 0.22995468749999998 0.784996875 0.24798125 0.7990296875 0.32538125 0.8005890625 0.331740625 0.79435 0.3168984375 0.7538109375000001 0.32538125 0.7163906250000001 0.298871875 0.6898828124999999 0.2840296875 0.693 0.2723671875 0.7351015624999999 0.22995468749999998 0.784996875
12 0.3337734375 1 0.3402234375 0.944034375 0.2967515625 0.8956984374999999 0.24798125 0.8894624999999999 0.18580625 1 0.3337734375 1
12 0.1686328125 1 0.1684609375 0.9939296875 0.15149531249999998 0.92220625 0.133471875 0.9019375000000001 0.1122671875 0.9206468750000001 0.0868171875 0.8832281249999999 0.0698546875 0.8832281249999999 0.032746874999999995 0.9377984375 0.0366625 1 0.1686328125 1
12 0.1832828125 1 0.2384375 0.8972609374999999 0.1970859375 0.8208578125000001 0.17588125 0.8551609375 0.1355921875 0.8302140625 0.12816875 0.8660765625 0.10696406249999998 0.8910218750000001 0.110146875 0.911290625 0.1377125 0.8988203125 0.14937499999999998 0.91285 0.1709234375 1 0.1832828125 1
12 0.0518296875 0.80370625 0.039106249999999995 0.86919375 0.05607187500000001 0.9003781249999999 0.0740953125 0.880109375 0.1016640625 0.8956984374999999 0.12605 0.8629546875 0.1239296875 0.8411265625000001 0.0868171875 0.7896734375000001 0.06349218749999999 0.7865546875 0.0518296875 0.80370625
12 0.409375 1 0.409375 0.7787171875000001 0.4006578125 0.7803203125 0.34870625 0.8972609374999999 0.3361921875 1 0.409375 1
6 1 0.7898140625 0.998378125 0.7898140625 0.9892 0.7855765625 0.9846109375 0.7855765625 0.97084375 0.77921875 0.9524874999999999 0.77921875 0.9478984374999999 0.7813375 0.9433093749999999 0.7813375 0.9341328125 0.7855765625 0.92954375 0.7855765625 0.9249546875 0.7876953125 0.920365625 0.7876953125 0.9157765625 0.7898140625 0.9111874999999999 0.7898140625 0.9020093749999999 0.7940515625 0.8974203125000001 0.7940515625 0.883653125 0.8004093749999999 0.8790640625 0.8004093749999999 0.8698859375 0.8046468750000001 0.865296875 0.8046468750000001 0.8515296875 0.8110046875 0.846940625 0.8110046875 0.8285843749999999 0.8194796875 0.8239953124999999 0.8194796875 0.791871875 0.8343140625000001 0.7872828125 0.8343140625000001 0.773515625 0.8406703125 0.7689265625 0.8406703125 0.7597484375 0.8449078125 0.7551593750000001 0.8449078125 0.7505703125000001 0.8470281249999999 0.74598125 0.8470281249999999 0.736803125 0.8512656249999999 0.7322140625 0.8512656249999999 0.7230359375 0.855503125 0.7184468749999999 0.855503125 0.7138578125 0.8576218750000001 0.70926875 0.8576218750000001 0.7046796875 0.8597421875 0.6679671875000001 0.8597421875 0.663378125 0.8618609375 0.6542 0.8618609375 0.6496109375 0.8639796875 0.6404328125000001 0.8639796875 0.63584375 0.8660984375 0.626665625 0.8660984375 0.6220765625 0.8682171875 0.6174875 0.8682171875 0.6128984375 0.8703359374999999 0.6037203124999999 0.8703359374999999 0.59913125 0.8724562499999999 0.5853640625 0.8724562499999999 0.580775 0.8745749999999999 0.5761859375 0.8745749999999999 0.571596875 0.8766937499999999 0.5578296875000001 0.8766937499999999 0.553240625 0.8788125000000001 0.5302953125000001 0.8788125000000001 0.52570625 0.88093125 0.516528125 0.88093125 0.5119390625 0.8788125000000001 0.49358281249999997 0.8788125000000001 0.48899375 0.8766937499999999 0.47981562499999997 0.8766937499999999 0.47522656249999995 0.8745749999999999 0.461459375 0.8745749999999999 0.4568703125 0.8724562499999999 0.44310312500000004 0.8724562499999999 0.4385140625 0.8703359374999999 0.41556875 0.8703359374999999 0.41097968749999997 0.8682171875 0.409375 0.8682171875 0.409375 1 1 1 1 0.7898140625
13 0.4270421875 0.9603953125 0.4362203125 0.95615625 0.4362203125 0.9540374999999999 0.4453984375 0.9498 0.4453984375 0.9476812499999999 0.44998750000000004 0.9455625 0.44998750000000004 0.9434421875 0.45916562499999997 0.9392046875 0.45916562499999997 0.9370859375 0.4637546875 0.9349671875000001 0.4637546875 0.9328484375 0.46834375 0.9307281250000001 0.46834375 0.928609375 0.4729328125 0.9264906249999999 0.4729328125 0.9222531249999999 0.477521875 0.9201328125 0.477521875 0.9180140625 0.4821109375 0.9158953125 0.4821109375 0.9137765625000001 0.4867 0.9116578125 0.4867 0.90741875 0.49128906250000004 0.9053000000000001 0.49128906250000004 0.9031812499999999 0.49587812500000006 0.9010624999999999 0.49587812500000006 0.8989437499999999 0.50505625 0.8947046875 0.50505625 0.8925859375 0.532590625 0.8798718750000001 0.532590625 0.875634375 0.5302953125000001 0.8745749999999999 0.5119390625 0.8745749999999999 0.5027609375 0.8788125000000001 0.49358281249999997 0.8788125000000001 0.48899375 0.8766937499999999 0.4844046875 0.8766937499999999 0.47981562499999997 0.8745749999999999 0.47063750000000004 0.8745749999999999 0.4660484375 0.8724562499999999 0.4568703125 0.8724562499999999 0.45228124999999997 0.8703359374999999 0.433925 0.8703359374999999 0.4293359375 0.8682171875 0.409375 0.8682171875 0.409375 0.974909375 0.41327499999999995 0.9731093749999999 0.41327499999999995 0.970990625 0.422453125 0.9667515625 0.422453125 0.9646328125 0.4270421875 0.9625140625 0.4270421875 0.9603953125