6 0 0 0 0.559375 0.46875 0.559375 0.46875 0 0 0
6 0.76655 0 0.7317328125 0.0920890625 0.66496875 0.44224375 0.8608890625000001 0.559375 0.9186296875 0.559375 0.92008125 0.5359468749999999 0.9341359375 0.4249828125 0.9545171874999999 0.2499046875 0.9685734374999999 0.170996875 1 0.12126875 1 0 0.8388640625000001 0 0.8245015625000001 0.052634375 0.8083375 0.037840625 0.7907625 0 0.76655 0
13 0.5355046875 0.5491078125 0.5355046875 0.3792203125 0.5124500000000001 0.20124375 0.51014375 0.1446140625 0.5020749999999999 0.1324796875 0.492853125 0.14056875 0.47556093749999995 0.20124375 0.47556093749999995 0.2416921875 0.48478281250000005 0.3225921875 0.48478281250000005 0.42775937500000005 0.5055328125 0.4762984375 0.50438125 0.5531531249999999 0.5308937499999999 0.5571984375000001 0.5355046875 0.5491078125
13 0.46875 0.20795 0.46875 0.4606734375 0.47325625000000004 0.4843890625 0.47556093749999995 0.5491078125 0.48824218750000004 0.5531531249999999 0.490015625 0.559375 0.5003015625 0.559375 0.5032281249999999 0.5491078125 0.5055328125 0.4762984375 0.48478281250000005 0.42775937500000005 0.48478281250000005 0.3225921875 0.47786718749999996 0.24978281249999998 0.46875 0.20795
13 0.7698078125000001 0 0.7626015625 0.0354015625 0.7510734375 0.05158125 0.73839375 0.096075 0.7337828125 0.168884375 0.7510734375 0.1648390625 0.7718234374999999 0.21337812500000003 0.786809375 0.233603125 0.8006421874999999 0.168884375 0.8006421874999999 0.1527046875 0.79603125 0.1446140625 0.8052546875000001 0.128434375 0.8052546875000001 0.0556265625 0.797184375 0.011131249999999999 0.7810453125000001 0.0030421875 0.7801796875 0 0.7698078125000001 0
5 0.7914203125 0.37113125 0.7937265625000001 0.2659625 0.778740625 0.22146875000000002 0.7464625 0.15675 0.72801875 0.189109375 0.724559375 0.20124375 0.724559375 0.2659625 0.7291703125 0.3468609375 0.7337828125 0.37113125 0.7510734375 0.39944531250000004 0.7729765625 0.403490625 0.78565625 0.3913546875 0.7914203125 0.37113125
13 0.80640625 0.31045625 0.8098656249999999 0.30641250000000003 0.8421421875 0.19315312499999998 0.8329203125 0.1446140625 0.857128125 0.0920296875 0.8617390625000001 0.0920296875 0.8628921875 0.07180625 0.859434375 0.0596703125 0.8409906250000001 0.06776093749999999 0.8248515624999999 0.0596703125 0.8144765625 0.096075 0.7983374999999999 0.18506406250000002 0.79603125 0.2174234375 0.7914203125 0.2255125 0.7937265625000001 0.2659625 0.80640625 0.31045625
12 0.8409906250000001 0.189109375 0.8502124999999999 0.20528906249999998 0.8628921875 0.20124375 0.8951703125 0.168884375 0.8951703125 0.104165625 0.8894062500000001 0.0596703125 0.8686562500000001 0.07585 0.8352265624999999 0.1446140625 0.8409906250000001 0.189109375
13 0.8260031250000001 0.24978281249999998 0.8029484374999999 0.37113125 0.8029484374999999 0.4196703125 0.8087125000000001 0.4398953125 0.8121703124999999 0.43585 0.8179343749999999 0.415625 0.8363781250000001 0.407534375 0.859434375 0.415625 0.8709625000000001 0.383265625 0.8894062500000001 0.375175 0.8951703125 0.30641250000000003 0.8755734374999999 0.2700078125 0.8617390625000001 0.2700078125 0.8525171874999999 0.25382812499999996 0.851365625 0.2416921875 0.8582812499999999 0.2174234375 0.8525171874999999 0.20528906249999998 0.8409906250000001 0.20528906249999998 0.8260031250000001 0.24978281249999998
13 0.8601359375 0 0.8582812499999999 0.015176562499999999 0.8444484375 0.0475359375 0.8456015625 0.0596703125 0.859434375 0.0596703125 0.8640453125 0.07585 0.8721140625 0.07180625 0.888253125 0.0475359375 0.888253125 0.007087499999999999 0.88713125 0 0.8601359375 0
13 0.897475 0.1527046875 0.9032390625 0.18101875 0.9286 0.20528906249999998 0.9343640625 0.20124375 0.940128125 0.18101875 0.9470453125 0.18101875 0.9551140625000001 0.16079375 0.9458921874999999 0.1122546875 0.9435859375 0.07989531250000001 0.9458921874999999 0.07180625 0.94128125 0.0475359375 0.9481984375 0.0232671875 0.9447390625000001 0.0030421875 0.940128125 0.0030421875 0.9286 0.0354015625 0.9147671875000001 0.019221875 0.8951703125 0.0879859375 0.897475 0.1527046875
13 0.9343640625 0.45202968749999994 0.9458921874999999 0.3225921875 0.952809375 0.2821421875 0.9516562499999999 0.26191718750000004 0.919378125 0.2700078125 0.900934375 0.2942765625 0.8928640624999999 0.3225921875 0.8905593749999999 0.3468609375 0.8928640624999999 0.4196703125 0.91015625 0.48843437500000003 0.92053125 0.4843890625 0.9286 0.48034375 0.9343640625 0.45202968749999994
13 0.9455296875 0 0.950503125 0.0232671875 0.950503125 0.0556265625 0.9539609375 0.06776093749999999 0.9654890625 0.083940625 0.9758640625 0.07989531250000001 0.981628125 0.0596703125 1 0.0331265625 1 0.010878124999999999 0.9968999999999999 0 0.9455296875 0
13 1 0.0354015625 0.9977671875 0.0354015625 0.9758640625 0.07989531250000001 0.98278125 0.096075 0.9885453125 0.1324796875 0.9966140625 0.128434375 1 0.1276421875 1 0.0354015625
6 1 0.559375 0.46875 0.559375 0.46875 1 1 1 1 0.559375
22 0.9587515625 1 0.92398125 0.98258125 0.8432421874999999 0.9167062500000001 0.7486625 0.8993718749999999 0.6702296875 0.9097734375 0.6575421875 0.9253750000000001 0.6483140625 0.960046875 0.6521125 1 0.9587515625 1
22 1 0.768478125 0.9516656250000001 0.753753125 0.933209375 0.753753125 0.9112953125000001 0.7762890625 0.9908796875 0.8265640624999999 1 0.8301281250000001 1 0.768478125
22 0.9539703125000001 0.6740109375000001 0.95743125 0.6306734374999999 0.8916859374999999 0.625471875 0.857084375 0.5977359375 0.8155609374999999 0.625471875 0.7705765625 0.5786640625 0.7693546875 0.559375 0.70335 0.559375 0.7036781249999999 0.568265625 0.7440484374999999 0.6497421875 0.8086390625 0.7156171875 0.8547765625 0.7502859374999999 0.8743859374999999 0.7520203125 0.9539703125000001 0.6740109375000001
3 1 0.8329078125 0.907834375 0.7849578125 0.907834375 0.7745546875 0.9758859375 0.710415625 0.9862671875 0.6566765625000001 0.9562765625 0.67054375 0.8547765625 0.771090625 0.8386296874999999 0.76415625 0.753275 0.6809453125 0.6967578125 0.5856 0.698503125 0.559375 0.65315 0.559375 0.6979109375 0.701746875 0.7071390625 0.6982796875 0.7186734375 0.7156171875 0.7232875 0.705215625 0.8132531249999999 0.8161609375 0.8432421874999999 0.8369640625000001 0.8663109375 0.8300281249999999 0.887071875 0.8438984375 0.9055265625000001 0.8785703125 0.930903125 0.8959046875000001 1 0.9234562499999999 1 0.8329078125
3 1 0.9315625000000001 0.930903125 0.9028390625 0.8709250000000001 0.8369640625000001 0.8340156249999999 0.8369640625000001 0.6875312499999999 0.661875 0.7036781249999999 0.72775 0.7221328125 0.762421875 0.8732312500000001 0.9409750000000001 0.9704750000000001 1 1 1 1 0.9315625000000001
3 0.521115625 1 0.49837031249999997 0.88376875 0.46875 0.8527421875 0.46875 0.9507515625 0.4851328125 1 0.521115625 1