6 0 0 0 0.3796875 0.659375 0.3796875 0.659375 0 0 0
6 0.659375 0 0.659375 0.3796875 0.92024375 0.3796875 0.9261843750000001 0.3654421875 0.9587359375 0.3796875 1 0.3796875 1 0 0.659375 0
13 1 0.194921875 0.973753125 0.18122812500000002 0.9557109374999999 0.13795625 0.75230625 0.1750453125 0.701453125 0.2158453125 0.6620828125 0.2776609375 0.659375 0.3062375 0.659375 0.3126265625 0.770253125 0.3796875 0.911359375 0.3796875 0.9163421875 0.35555 0.9672906250000001 0.3796875 1 0.3796875 1 0.194921875
17 1 0.12760156250000002 0.9589921875 0.10828437500000002 0.8540078125000001 0.100865625 0.842525 0.11199375 0.876971875 0.1429 0.9589921875 0.13301093749999998 0.9721125 0.15031875 1 0.15242031250000002 1 0.12760156250000002
6 0 0.9320671875000001 0.007856249999999999 0.9329656249999999 0.06948125000000001 0.8984515625 0.3517390625 0.9341984374999999 0.4109 0.8898250000000001 0.46883125000000003 0.7801265625 0.5329234375 0.755475 0.659375 0.8036484375 0.659375 0.3796875 0 0.3796875 0 0.9320671875000001
14 0 0.3938625 0.006621875000000001 0.42145625000000003 0.01648125 0.56689375 0.1064578125 0.48431562499999997 0.22971406249999998 0.40049999999999997 0.3108875 0.3796875 0 0.3796875 0 0.3938625
6 1 0.3796875 0.659375 0.3796875 0.659375 1 1 1 1 0.3796875
3 1 0.3796875 0.9062265625 0.3796875 0.8986171875 0.38813437500000003 0.8481484375000001 0.46786562500000006 0.81860625 0.5420328125 0.7866 0.67183125 0.7866 0.8757953125 0.8202562500000001 1 0.9466078124999999 1 0.9392390625000001 0.9870484375 0.9490875000000001 0.9759249999999999 0.9490875000000001 0.9017546875000001 0.9712453125 0.8535453125 0.946625 0.757125 0.9490875000000001 0.6644125 0.962628125 0.6143500000000001 1 0.5974609375 1 0.3796875
3 0.7674765625 0.3796875 0.7644421875 0.404821875 0.779215625 0.46415625 0.8013718750000001 0.46786562500000006 0.8469171875000001 0.4623015625 0.9071578125 0.3796875 0.7674765625 0.3796875
3 0.6867656249999999 0.3796875 0.71274375 0.48640625000000004 0.7447468749999999 0.5012421875 0.7816765625000001 0.47157499999999997 0.7669046875000001 0.42707187500000005 0.7646578125 0.3796875 0.6867656249999999 0.3796875
13 0.8141359375 1 0.7841375 0.8795046875000001 0.779215625 0.71633125 0.791525 0.627328125 0.843225 0.46786562500000006 0.7976796875 0.46972031249999996 0.748440625 0.503096875 0.713975 0.4919703125 0.685303125 0.3796875 0.659375 0.3796875 0.659375 0.475803125 0.6758140625 0.4975328125 0.6610437499999999 0.582828125 0.659375 0.5859203125 0.659375 1 0.8141359375 1