6 0 0 0 0.6866 0.0529828125 0.7084796875 0.4 0.6900968749999999 0.4 0 0 0
6 0.47472812500000006 0 0.4736515625 0.0028734375 0.40178125 0.069021875 0.4 0.066221875 0.4 0.5817703125 0.55135 0.6603859375 0.8310421874999999 0.704265625 0.9757765624999999 0.6259890625 1 0.5859921875 1 0.258578125 0.9884031249999999 0.27805 0.944696875 0.2502671875 0.9709203125 0.14839843749999998 0.9369265625000001 0.096803125 0.8786531249999999 0.0981265625 0.77181875 0.17618125 0.7737609375 0.11003281250000001 0.8155234374999999 0.034625 0.7792109375 0 0.47472812500000006 0
3 0.8188921875 0.63444375 0.8043953125 0.6288015625 0.7961109375000001 0.63444375 0.7847203125 0.6527828125 0.780578125 0.6753515625000001 0.7847203125 0.6894578124999999 0.79196875 0.69933125 0.800253125 0.7049734375 0.81785625 0.7035640625 0.832353125 0.6866359375 0.832353125 0.6612453125 0.8188921875 0.63444375
3 0.8354609375000001 0.58930625 0.8561703125 0.59776875 0.871703125 0.5963578125 0.877915625 0.5850734375 0.8799875 0.5709671875 0.8799875 0.5625046874999999 0.8748093750000001 0.5526296875 0.8396015625000001 0.53288125 0.8292468749999999 0.5187765625 0.8209625 0.5187765625 0.81164375 0.5286500000000001 0.81164375 0.5371140624999999 0.803359375 0.5596828125 0.803359375 0.5737890625000001 0.8106078125 0.58930625 0.8147500000000001 0.5921265625000001 0.8354609375000001 0.58930625
3 0.7308734375 0.5794312500000001 0.7308734375 0.5850734375 0.7184484375 0.5963578125 0.722590625 0.6189281249999999 0.7360515624999999 0.6429078125000001 0.7412296875 0.641496875 0.748478125 0.6372656250000001 0.760903125 0.6203390625 0.79196875 0.6005906249999999 0.7971468749999999 0.5935374999999999 0.7971468749999999 0.5766109375 0.7898984375 0.5554515624999999 0.7795421874999999 0.5526296875 0.7412296875 0.5709671875 0.760903125 0.5864843750000001 0.7671171875 0.59776875 0.725696875 0.5695578125 0.72051875 0.5709671875 0.7215546875000001 0.5780203125 0.7308734375 0.5794312500000001
3 0.9214078125 0.5201859375 0.9276203125 0.49761718750000006 0.92555 0.47504843750000003 0.9203718750000001 0.4651734375 0.8872359375000001 0.4736375 0.8789515625 0.4736375 0.8706671874999999 0.4651734375 0.8592765625000001 0.4694046875 0.8592765625000001 0.48915312499999997 0.868596875 0.5103125000000001 0.8934484375 0.521596875 0.905875 0.5357031250000001 0.9131234375 0.5342921875 0.9214078125 0.5201859375
3 0.7816140625 0.18869843749999998 0.774365625 0.1957515625 0.7619390625 0.263459375 0.7878265625 0.28461875000000003 0.7930046875000001 0.2832078125 0.8095718749999999 0.26063749999999997 0.803359375 0.22960468750000002 0.803359375 0.198571875 0.7961109375000001 0.18869843749999998 0.7816140625 0.18869843749999998
3 0.83753125 0.281796875 0.8447796875 0.2803859375 0.8427093749999999 0.26627968750000003 0.8396015625000001 0.2620484375 0.8209625 0.2620484375 0.8023234374999999 0.2705125 0.795075 0.28885 0.7971468749999999 0.30295625 0.8043953125 0.3128296875 0.823034375 0.32411406249999997 0.8364953125 0.32270468750000003 0.8344250000000001 0.28885 0.83753125 0.281796875
16 0.4533578125 0.09983125000000001 0.46060625 0.115346875 0.4844234375 0.13650625 0.48338749999999997 0.14073750000000002 0.47924531249999996 0.14073750000000002 0.4709625 0.129453125 0.46060625 0.12381093750000001 0.4575 0.12804218750000002 0.4616421875 0.1421484375 0.48960156250000003 0.16330781249999998 0.49374375 0.180234375 0.5092749999999999 0.17882343750000002 0.511346875 0.1647171875 0.5072046875 0.15907500000000002 0.5072046875 0.1421484375 0.511346875 0.13368437500000002 0.511346875 0.1195796875 0.5072046875 0.1054734375 0.49270781250000006 0.085725 0.4761390625 0.0293015625 0.46267812499999994 0.01660625 0.4440390625 0.02506875 0.4388609375 0.03494375 0.4388609375 0.049049999999999996 0.4533578125 0.0885453125 0.4533578125 0.09983125000000001
16 0.8168203125 0.2338375 0.8302828124999999 0.2324265625 0.8416734375000001 0.22819375000000003 0.9027687500000001 0.1647171875 0.91519375 0.1308640625 0.92555 0.11675781249999999 0.9224421875000001 0.10406249999999999 0.914159375 0.101240625 0.9079453125000001 0.10406249999999999 0.905875 0.1097046875 0.8810218750000001 0.1125265625 0.8644546875 0.132275 0.8075015625 0.18446562500000002 0.80543125 0.20985625 0.81164375 0.22678437499999998 0.8168203125 0.2338375
17 0.46474843750000006 0.267690625 0.48649375 0.27474375 0.5009921875 0.235246875 0.517559375 0.20985625 0.51963125 0.198571875 0.49374375 0.180234375 0.4813171875 0.194340625 0.47510312499999996 0.18305625 0.46474843750000006 0.1745921875 0.45957187499999996 0.17882343750000002 0.4512875 0.20139374999999998 0.4388609375 0.212678125 0.44507343749999995 0.2183203125 0.4388609375 0.235246875 0.4388609375 0.2465328125 0.46474843750000006 0.267690625
17 0.548625 0.47222656250000006 0.5610515625 0.42144531250000006 0.55173125 0.41157187500000003 0.54551875 0.41157187500000003 0.5165234375 0.39464375 0.514453125 0.3890015625 0.5020265625 0.38053750000000003 0.48960156250000003 0.3777171875 0.48028125 0.4270875 0.4699265625 0.4440140625 0.4616421875 0.47222656250000006 0.49788437500000005 0.49620625 0.53205625 0.5089015625 0.548625 0.47222656250000006
17 0.728803125 0.365021875 0.7163765625 0.33963125 0.712234375 0.314240625 0.69463125 0.295903125 0.6677078125 0.27897500000000003 0.6614953125 0.27897500000000003 0.652175 0.30295625 0.6501046875000001 0.3339890625 0.67185 0.3523265625 0.725696875 0.38618125000000003 0.728803125 0.3847703125 0.72673125 0.379128125 0.728803125 0.365021875
17 1 0.324425 0.9907859374999999 0.3269359375 0.9897500000000001 0.314240625 0.9845734374999999 0.31000937500000003 0.9514374999999999 0.31000937500000003 0.9120874999999999 0.32411406249999997 0.8799875 0.34245156250000003 0.8758453125000001 0.365021875 0.8841296875 0.38759062499999997 0.8903421874999999 0.42426718750000003 0.9027687500000001 0.452478125 0.9110515625 0.4581203125 0.926584375 0.45388906249999994 0.9410812500000001 0.43696250000000003 0.9555796875 0.445425 0.97421875 0.445425 0.98043125 0.43696250000000003 1 0.43962812500000004 1 0.324425
17 0.7992171875 0.049049999999999996 0.7691874999999999 0.0109640625 0.7184484375 0.046228124999999995 0.7184484375 0.0518703125 0.7319093750000001 0.0702078125 0.748478125 0.08713593750000001 0.7557265625 0.0885453125 0.762975 0.0730296875 0.783684375 0.0673875 0.7992171875 0.0546921875 0.7992171875 0.049049999999999996
17 0.5869390625 0.0702078125 0.5941875 0.0687984375 0.6066125 0.046228124999999995 0.6045421875 0.032121875 0.59729375 0.02506875 0.59108125 0.027890625000000002 0.5848671875 0.039175 0.5786546875 0.039175 0.5703703124999999 0.027890625000000002 0.560015625 0.027890625000000002 0.5538031250000001 0.036354687499999996 0.546553125 0.0377640625 0.55173125 0.0476390625 0.5703703124999999 0.0617453125 0.582796875 0.064565625 0.5869390625 0.0702078125
17 0.5393046874999999 0.08713593750000001 0.5185953125 0.0955984375 0.511346875 0.1054734375 0.5134171875 0.12804218750000002 0.51963125 0.1421484375 0.51963125 0.1647171875 0.52584375 0.1647171875 0.5268796874999999 0.1492015625 0.5620859375 0.152021875 0.5786546875 0.14073750000000002 0.582796875 0.132275 0.6097203125 0.129453125 0.6128265625 0.1224 0.5931515625 0.092778125 0.5807249999999999 0.08149375 0.5745125 0.08149375 0.55794375 0.058923437499999995 0.5527671875 0.0687984375 0.5548375 0.085725 0.55173125 0.08995625 0.5393046874999999 0.08713593750000001
17 0.588609375 0 0.5962578125 0.020837500000000002 0.6066125 0.03494375 0.6086843749999999 0.0434078125 0.614896875 0.046228124999999995 0.6221453125 0.033532812499999995 0.6304296875000001 0.027890625000000002 0.6656375 0.022248437500000003 0.6728859375 0.012373437499999999 0.6749046875 0 0.588609375 0
3 0.7163765625 0.4073390625 0.7049859374999999 0.40028593749999997 0.6780625 0.397465625 0.6728859375 0.4073390625 0.6749562499999999 0.47786875 0.6842765625 0.48492187500000006 0.706021875 0.4835109375 0.7080921874999999 0.480690625 0.706021875 0.4553 0.7163765625 0.4186234375 0.7163765625 0.4073390625
17 0.77229375 0.49761718750000006 0.77229375 0.51454375 0.7785078125 0.5173656249999999 0.8333890625 0.5018484375 0.8489218749999999 0.49197499999999994 0.8489218749999999 0.47786875 0.85720625 0.46658437499999994 0.8530640625 0.44965781250000003 0.8530640625 0.40451875 0.8478859375000001 0.397465625 0.8427093749999999 0.401696875 0.8406375 0.4186234375 0.8354609375000001 0.42567656249999997 0.8147500000000001 0.4397828125 0.8085375000000001 0.45106718749999997 0.7847203125 0.4694046875 0.77229375 0.49761718750000006
17 0.414009375 0.34809531250000003 0.4181515625 0.3565578125 0.405725 0.3819484375 0.4067609375 0.3890015625 0.4243640625 0.3904125 0.449215625 0.3537375 0.449215625 0.3452734375 0.42954218749999995 0.3269359375 0.4160796875 0.34245156250000003 0.414009375 0.34809531250000003
17 0.5724421875 0.2648703125 0.5589796875 0.2832078125 0.5589796875 0.2944921875 0.5361984375 0.32270468750000003 0.5393046874999999 0.332578125 0.5538031250000001 0.3410421875 0.5589796875 0.33963125 0.5838328125000001 0.28885 0.5900453125 0.27192343750000003 0.5890093750000001 0.2648703125 0.5724421875 0.2648703125
17 0.6262875 0.5808421874999999 0.620075 0.5808421874999999 0.614896875 0.5963578125 0.6128265625 0.6245703125000001 0.6190390625 0.6245703125000001 0.6314656249999999 0.5935374999999999 0.6262875 0.5808421874999999
17 0.7681515625 0.3311671875 0.7660812499999999 0.34245156250000003 0.7847203125 0.34245156250000003 0.7909328125 0.33963125 0.795075 0.325525 0.7795421874999999 0.3128296875 0.7733296875 0.3128296875 0.7660812499999999 0.32270468750000003 0.7681515625 0.3311671875
16 0.757796875 0.0941890625 0.73398125 0.0730296875 0.7246609375 0.0885453125 0.72051875 0.11111562500000001 0.722590625 0.1224 0.7101640625 0.1703609375 0.7101640625 0.1816453125 0.7153421875 0.194340625 0.7329453125 0.198571875 0.751584375 0.161896875 0.75986875 0.11675781249999999 0.757796875 0.0941890625
13 0.592115625 0.263459375 0.5900453125 0.2803859375 0.5941875 0.29167031250000003 0.5900453125 0.31706093750000003 0.5941875 0.328346875 0.5941875 0.3452734375 0.605578125 0.369253125 0.6138625 0.3664328125 0.6242171875 0.35514687500000003 0.62318125 0.3706640625 0.6273234375000001 0.3706640625 0.6469984375 0.3664328125 0.654246875 0.3537375 0.6563171875 0.3452734375 0.6480328125 0.3339890625 0.6480328125 0.328346875 0.6563171875 0.2803859375 0.6604593750000001 0.27192343750000003 0.6604593750000001 0.2578171875 0.66874375 0.2465328125 0.6697796874999999 0.22819375000000003 0.6469984375 0.2338375 0.620075 0.2338375 0.6014359375 0.2479421875 0.592115625 0.263459375
6 0.4 1 0.4 0.71875 0 0.71875 0 1 0.4 1
22 0.4 0.9737562499999999 0.4 0.71875 0.0837609375 0.71875 0.0819953125 0.769253125 0.08924062499999999 0.7895109375 0.33976562499999996 0.8985953125 0.39566875 0.9702796875 0.4 0.9737562499999999
7 0.4 0.9737562499999999 0.4 0.71875 0.0850453125 0.71875 0.0819953125 0.769253125 0.08924062499999999 0.7895109375 0.33976562499999996 0.8985953125 0.39566875 0.9702796875 0.4 0.9737562499999999
7 0.04978125 1 0.0633609375 0.9437875 0.0851015625 0.9110609375 0.11615781249999999 0.8892453124999999 0.157565625 0.8861281249999999 0.19069375 0.8985953125 0.21968125 0.9235296875 0.2569484375 0.9827468749999999 0.3376953125 0.9297640625 0.3470125 0.9126203125 0.2238203125 0.8456109375 0.1472140625 0.81444375 0.11615781249999999 0.8175609375 0 0.907175 0 1 0.04978125 1
6 1 0.71875 0.55704375 0.71875 0.554553125 0.7372687499999999 0.61640625 0.7735359374999999 0.6598703125000001 0.77768125 0.6699015625 0.7880421875 0.6732453125 0.7859703125 0.6882906249999999 0.7911515625 0.6949765625000001 0.8056578125 0.6916328125 0.8305265625 0.6966484375 0.8336359375000001 0.706678125 0.82741875 0.7501421875000001 0.86679375 0.76853125 0.8636859375 0.76853125 0.8346718750000001 0.771875 0.8326 0.7534859375 0.8149843750000001 0.80029375 0.81705625 0.8136671874999999 0.8212015625 0.8236984375 0.819128125 0.833728125 0.8232734374999999 0.9139703125 0.829490625 1 0.8258125 1 0.71875
21 1 0.71875 0.9256718749999999 0.71875 0.9256718749999999 0.7227625 0.918984375 0.7310515625 0.918984375 0.7414140625 0.924 0.744521875 0.9357015625 0.7434859375 0.9908671874999999 0.730015625 1 0.7243546875 1 0.71875
21 0.9122984375 0.809803125 0.9173125000000001 0.8129109375000001 0.9357015625 0.811875 0.9423890625 0.80773125 0.949075 0.78700625 0.9306859375000001 0.7735359374999999 0.918984375 0.7828609375 0.918984375 0.79736875 0.9122984375 0.809803125
21 1 0.7496125 0.9808375 0.744521875 0.9540906250000001 0.744521875 0.9373734375 0.7486671874999999 0.9290156250000001 0.7538484375000001 0.9290156250000001 0.7579921875 0.94573125 0.7662828125 0.9591062499999999 0.78700625 0.9591062499999999 0.79736875 0.9958828125 0.79736875 1 0.796671875 1 0.7496125
21 0.9089546875 0.8201656249999999 0.9022671875 0.8056578125 0.8838796875 0.794259375 0.8571312499999999 0.7880421875 0.8521171875 0.7807890625 0.8437578125 0.77768125 0.8320562499999999 0.7828609375 0.82536875 0.7932234375 0.8220265625 0.809803125 0.8287125 0.8222375 0.88889375 0.8263828125 0.9039390624999999 0.8253453125 0.9089546875 0.8201656249999999
21 0.82536875 0.7787171875000001 0.8454296875 0.7704265625 0.8487734375 0.7621374999999999 0.858803125 0.7559203125 0.858803125 0.749703125 0.8504453125 0.7486671874999999 0.8387437500000001 0.7414140625 0.8387437500000001 0.735196875 0.8236984375 0.72794375 0.79695 0.72794375 0.7819046875 0.764209375 0.7869203125 0.769390625 0.8103234374999999 0.7714640625 0.8170109374999999 0.7797531249999999 0.82536875 0.7787171875000001
13 0.7551578125 0.774571875 0.766859375 0.77768125 0.771875 0.7704265625 0.7852484375000001 0.764209375 0.7852484375000001 0.7517750000000001 0.798621875 0.739340625 0.7952781250000001 0.7310515625 0.80029375 0.72794375 0.8303843750000001 0.72794375 0.8387437500000001 0.7310515625 0.8420859374999999 0.7434859375 0.862146875 0.7517750000000001 0.8487734375 0.7683546875 0.8521171875 0.784934375 0.8671625000000001 0.7921875 0.8838796875 0.794259375 0.9089546875 0.80773125 0.915640625 0.8015140625000001 0.9122984375 0.79736875 0.918984375 0.7787171875000001 0.9306859375000001 0.7714640625 0.9423890625 0.7766437500000001 0.94573125 0.784934375 0.95241875 0.78700625 0.95241875 0.7787171875000001 0.94573125 0.7704265625 0.9139703125 0.7507390625 0.89558125 0.74763125 0.915640625 0.7331234375 0.9223281249999999 0.7206890625 0.9223281249999999 0.71875 0.7785624999999999 0.71875 0.7785624999999999 0.724834375 0.7651875 0.735196875 0.7585015625 0.7455578125 0.7585015625 0.7559203125 0.7518140625 0.7621374999999999 0.7551578125 0.774571875
13 0.7267390625 0.74245 0.7401125000000001 0.7383046875 0.7568296875 0.7383046875 0.771875 0.7289796875000001 0.7773765625 0.71875 0.644825 0.71875 0.644825 0.7331234375 0.6498406250000001 0.7362328125000001 0.6665578125 0.7320875 0.6682296875 0.7372687499999999 0.6949765625000001 0.7579921875 0.7267390625 0.74245