6 0 0 0 0.55 0.5890625 0.55 0.5890625 0 0 0
12 0.5184484375 0.04808125 0.5010703125 0.06300781250000001 0.1485125 0.4474125 0.16216875 0.4866 0.17458281250000002 0.494065625 0.3247921875 0.3578421875 0.42410312499999997 0.24961250000000001 0.514725 0.12085468749999999 0.5296203125 0.0835328125 0.5296203125 0.057409375 0.5184484375 0.04808125
12 0.1862171875 0.55 0.39195 0.55 0.37941250000000004 0.5108578125000001 0.3396890625 0.47726875 0.2949984375 0.469803125 0.23789375000000001 0.48473437500000005 0.1795484375 0.5313828125 0.1862171875 0.55
12 0.3980265625 0.55 0.5643812500000001 0.55 0.5643812500000001 0.5463140625 0.5383109375 0.5257875000000001 0.5296203125 0.505259375 0.550725 0.4735359375 0.5890625 0.4493703125 0.5890625 0.4132765625 0.5693453125 0.36717343750000003 0.5890625 0.3523546875 0.5890625 0.10981250000000001 0.550725 0.0928640625 0.5283796875 0.0928640625 0.43030937500000005 0.24401406250000002 0.43279218750000004 0.40822343749999995 0.39306718749999997 0.5201890625 0.3980265625 0.55
12 0 0.55 0.1837875 0.55 0.15968593749999999 0.4866 0.11251249999999999 0.41195624999999997 0.0951328125 0.3111921875 0.054167187500000005 0.268271875 0.0218921875 0.26453906250000003 0 0.2507390625 0 0.55
7 0.1046484375 0 0.061617187500000004 0.033151562499999995 0 0.1294765625 0 0.2295953125 0.01071875 0.23281718749999997 0.0789953125 0.1899 0.1559625 0.16004218750000002 0.177065625 0.1133890625 0.196928125 0.031284374999999996 0.21774062500000002 0 0.1046484375 0
6 0.6923984375 0 0.5890625 0.0096546875 0.5890625 0.55 1 0.55 1 0.05516875 0.9771375000000001 0.052507812499999994 0.7832109375 0.08999531250000001 0.701246875 0 0.6923984375 0
6 0.5890625 1 0.5890625 0.55 0 0.55 0 1 0.5890625 1
22 0.5890625 0.7889359375 0.5890625 0.6397453125 0.56934375 0.6239359375 0.524653125 0.6537921875 0.4762375 0.6034078125 0.47285468750000004 0.55 0.40267656250000006 0.55 0.40423749999999997 0.5922125 0.4476859375 0.6799171875 0.517203125 0.750828125 0.5668609375 0.788146875 0.5879640625 0.7900125 0.5890625 0.7889359375
3 0.52216875 0.8590562500000001 0.5544453125000001 0.8814484374999999 0.5792734375 0.873984375 0.5890625 0.8805249999999999 0.5890625 0.78854375 0.5668609375 0.810540625 0.54948125 0.8030765625 0.4576171875 0.71350625 0.39678749999999996 0.6108718750000001 0.4008375 0.55 0.345415625 0.55 0.34465 0.5660890625 0.3980296875 0.7358984375000001 0.4079625 0.732165625 0.42037500000000005 0.750828125 0.425340625 0.7396296875 0.52216875 0.8590562500000001
3 0.5867218750000001 0.9934109375 0.5890625 0.9948312500000001 0.5890625 0.886746875 0.5842390625 0.8814484374999999 0.5445140625 0.8814484374999999 0.3868578125 0.6929765625 0.40423749999999997 0.7638874999999999 0.4241 0.801209375 0.5867218750000001 0.9934109375
3 0.19660781249999998 1 0.18326875 0.9318312499999999 0.142303125 0.8889140624999999 0.150784375 1 0.19660781249999998 1
26 1 0.55 0.9322015625000001 0.55 0.9282562499999999 0.5610453125 0.9618156250000001 0.5662640624999999 0.71199375 0.73505 0.7144765625 0.780290625 0.8038437500000001 1 1 1 1 0.55
4 1 0.55 0.994471875 0.55 0.9046421875 0.5975859375 0.71199375 0.73505 0.7144765625 0.780290625 0.8051031249999999 1 1 1 1 0.55
11 0.87745 0.55 0.823415625 0.55 0.823853125 0.5610453125 0.7840812500000001 0.6306453125 0.7965093750000001 0.6654453124999999 0.8574125 0.6323859374999999 0.898428125 0.5819234375 0.87745 0.55
26 1 0.55 0.6559390625 0.55 0.6274765625 0.6202046875 0.6001328125 0.7837734375000001 0.6026171875 0.9438546875 0.6144125 1 1 1 1 0.55