6 0.0738578125 0 0.047803125 0.0039265624999999995 0 0.0355984375 0 0.66875 0.6473390625000001 0.66875 0.6796875 0.5818140625 0.6796875 0.32783281249999996 0.6065328125 0.153759375 0.4146875 0.0081484375 0.3598484375 0 0.0738578125 0
6 0.6796875 0 0.6796875 0.5537390624999999 0.6879015625 0.5321 0.7125359375 0.558059375 0.7322421875 0.54940625 0.7790468749999999 0.5667125000000001 0.7925953125 0.5277734374999999 0.7962906249999999 0.488834375 0.80368125 0.488834375 0.80614375 0.506140625 0.8159984375 0.506140625 0.8209250000000001 0.488834375 0.8529484374999999 0.488834375 0.8566437499999999 0.47585468750000004 0.8566437499999999 0.30279375000000003 0.8258515624999999 0.047528125 0.80614375 0.05618125 0.7913640625 0.1254046875 0.7864375 0.1254046875 0.776584375 0.09079374999999999 0.76919375 0.082140625 0.7667296875 0.09079374999999999 0.7618031249999999 0.064834375 0.7494859375 0.0734875 0.743328125 0.1210796875 0.73716875 0.1254046875 0.7334734375 0.11242656250000001 0.7310109375 0.0345484375 0.7244531249999999 0 0.6796875 0
13 0.7802781249999999 0.5623859375 0.7925953125 0.5277734374999999 0.7925953125 0.45854999999999996 0.7802781249999999 0.37201875 0.777815625 0.2854875 0.7728890625 0.250875 0.7396328125 0.1513640625 0.7149984375 0.1081 0.6977546875 0.13405781249999998 0.6879015625 0.1254046875 0.6796875 0.12861093750000002 0.6796875 0.54940625 0.6805109375 0.54940625 0.6879015625 0.5321 0.7125359375 0.558059375 0.7297796875 0.54940625 0.7322421875 0.558059375 0.7802781249999999 0.5623859375
13 0.8566437499999999 0.48450781249999997 0.8566437499999999 0.30279375000000003 0.8320093749999999 0.11242656250000001 0.8295468749999999 0.051854687499999996 0.8209250000000001 0.038875 0.811071875 0.047528125 0.7925953125 0.11242656250000001 0.7925953125 0.155690625 0.80245 0.24222187499999998 0.80245 0.3547125 0.8246203124999999 0.40663125000000006 0.8233874999999999 0.488834375 0.8517171875 0.4931609375 0.8566437499999999 0.48450781249999997
13 0.7925953125 0.48450781249999997 0.80614375 0.488834375 0.811071875 0.506140625 0.8172296875 0.5018140625 0.8221562499999999 0.48450781249999997 0.8246203124999999 0.40663125000000006 0.80245 0.3547125 0.80245 0.24222187499999998 0.795059375 0.16434375 0.7790468749999999 0.09079374999999999 0.7618031249999999 0.05618125 0.75195 0.05618125 0.7384015625 0.12973125000000002 0.7408640625 0.155690625 0.7753515625 0.259528125 0.7802781249999999 0.363365625 0.7901328125 0.415284375 0.7925953125 0.48450781249999997
13 0.6796875 0 0.6796875 0.035993750000000005 0.6879015625 0.02156875 0.6965234375 0.0258953125 0.692828125 0.05618125 0.6796875 0.05618125 0.6796875 0.07924687500000001 0.6805109375 0.082140625 0.70268125 0.1081 0.7174625 0.1081 0.727315625 0.13405781249999998 0.7359375 0.138384375 0.7334734375 0.051854687499999996 0.7285468749999999 0.0085890625 0.7248796875 0 0.6796875 0
6 0.6796875 1 0.6796875 0.66875 0 0.66875 0 1 0.6796875 1
22 0.5719203125 1 0.5692359375 0.9898875 0.5138421875 0.9027390625 0.46952812499999996 0.8804890625 0.383359375 0.8100265625 0.2824234375 0.7914859375 0.1987171875 0.8026125000000001 0.1851765625 0.8192984375 0.175328125 0.856384375 0.1851765625 0.9602203125000001 0.1751171875 1 0.5719203125 1
22 0.47007031250000003 0.66875 0.5409234374999999 0.713609375 0.66401875 0.76181875 0.6796875 0.7642265625 0.6796875 0.690878125 0.6072171875000001 0.66875 0.47007031250000003 0.66875
3 0.4769140625 0.7877765625 0.5975484375 0.8359859374999999 0.6796875 0.844953125 0.6796875 0.764103125 0.5803140625000001 0.735859375 0.4522953125 0.66910625 0.4522953125 0.66875 0.32406250000000003 0.66875 0.35135625 0.7024828125 0.383359375 0.7247328125 0.4079796875 0.717315625 0.4301375 0.7321500000000001 0.44983281249999996 0.7692359375 0.4769140625 0.7877765625
3 0.6796875 0.8886921875 0.6689437500000001 0.8841984374999999 0.66648125 0.850821875 0.592625 0.843403125 0.4769140625 0.7951953125 0.412903125 0.7247328125 0.3735125 0.7247328125 0.32678124999999997 0.66875 0.2741609375 0.66875 0.415365625 0.8359859374999999 0.543384375 0.913865625 0.5803140625000001 0.9027390625 0.6443234375 0.9472421875 0.6796875 0.95045 0.6796875 0.8886921875
3 0.0837890625 1 0.0399234375 0.9008843750000001 0.015303125 0.7747953125 0 0.7587296875 0 0.8955734375000001 0.0325359375 0.993596875 0.036334375 1 0.0837890625 1