6 0.4423828125 1 0.5283203125 0.8564453125 0.5654296875 0.8857421875 0.5947265625 0.8916031249999999 0.6240234375 0.876953125 0.6376953125 0.853515625 0.6982421875 0.9296875 0.7626953125 0.9736328125 0.8125 0.9458 0.8203109375000001 0.928221875 0.8203109375000001 0.904784375 0.7822265625 0.8359375 0.7197265625 0.7890625 0.6748046875 0.7802718750000001 0.66796875 0.7583 0.6875 0.670409375 0.8154296875 0.5429671875000001 0.82421875 0.5209953125 0.822265625 0.49169999999999997 0.806640625 0.44775468749999997 0.7509765625 0.3671875 0.7060546875 0.3466796875 0.6982421875 0.3671875 0.69140625 0.36572187500000003 0.65234375 0.20165937500000003 0.615234375 0.1284171875 0.62109375 0.061034374999999995 0.6083984375 0.0126953125 0.5810546875 0.0039046875 0.3857421875 0.0039046875 0.3681640625 0.021484375 0.373046875 0.0053703125 0.3583984375 0.0039046875 0.3251953125 0.0361328125 0.3154296875 0.0126953125 0.2998046875 0.006834374999999999 0.2294921875 0.0039046875 0.2021484375 0.030271874999999997 0.1923828125 0.0039046875 0.177734375 0.0024421875 0.1796859375 0.1137703125 0.193359375 0.1225578125 0.1708984375 0.1357421875 0.171875 0.0756828125 0.1552734375 0.068359375 0.111328125 0.1284171875 0.10546875 0.154784375 0.1083984375 0.1679671875 0.11718593749999999 0.1665046875 0.119140625 0.1870125 0.076171875 0.25439531249999997 0.046875 0.32470781249999997 0.033203125 0.37451249999999997 0.029296875 0.45947187500000003 0.0234359375 0.46240312499999997 0.01953125 0.48877031249999997 0.03125 0.626465625 0.05078125 0.693846875 0.0986328125 0.7890625 0.1416015625 0.8388671875 0.2041015625 0.8798828125 0.2626953125 0.8945296875000001 0.3369140625 0.8857421875 0.3515609375 0.9428703125 0.3935546875 1 0.4423828125 1
3 0.125 0.5356453125 0.125 0.6206046875 0.1337890625 0.6630843750000001 0.1787109375 0.671875 0.2294921875 0.654296875 0.3310546875 0.6455078125 0.3837890625 0.6279296875 0.3984359375 0.6088875 0.40234375 0.48877031249999997 0.3857421875 0.44921718750000006 0.2275390625 0.3935546875 0.2080078125 0.3789046875 0.14453125 0.37158281249999997 0.134765625 0.40380781250000003 0.125 0.5356453125
3 0.1923828125 0.671875 0.1396484375 0.6689453125 0.12890625 0.6586921875 0.123046875 0.600096875 0.126953125 0.45361250000000003 0.140625 0.36865312499999997 0.11718593749999999 0.33935468750000003 0.111328125 0.29247968750000003 0.1533203125 0.203125 0.205078125 0.178221875 0.1923828125 0.126953125 0.1162109375 0.1914046875 0.078125 0.24853437500000003 0.044921875 0.32763749999999997 0.021484375 0.44189531249999997 0.021484375 0.5708 0.0390609375 0.6616203125 0.064453125 0.7290046875 0.1318359375 0.830078125 0.1787109375 0.8681656249999999 0.2236328125 0.888671875 0.3232421875 0.888671875 0.4072265625 0.841796875 0.4443359375 0.8007796875000001 0.484375 0.7377921875 0.5078109375000001 0.6792 0.533203125 0.576659375 0.533203125 0.41552812499999997 0.494140625 0.27197187500000003 0.4541015625 0.203125 0.4130859375 0.15625 0.3486328125 0.115234375 0.3125 0.107909375 0.2998046875 0.1298828125 0.3212890625 0.138671875 0.3447265625 0.1796875 0.3876953125 0.2060546875 0.3984359375 0.23095781249999997 0.388671875 0.28662031250000003 0.412109375 0.32763749999999997 0.404296875 0.33642500000000003 0.404296875 0.39502031249999997 0.38671875 0.43310468750000003 0.40625 0.509278125 0.404296875 0.5825203125 0.3935546875 0.6220703125 0.3154296875 0.6572281249999999 0.2099609375 0.6601546875000001 0.1923828125 0.671875
3 0.689453125 0.40087968749999997 0.6875 0.5151375 0.66015625 0.5971671875 0.63671875 0.6440421875 0.6728515625 0.6748046875 0.6845703125 0.6748046875 0.7841796875 0.5693343750000001 0.7978515625 0.5634781249999999 0.82421875 0.523925 0.822265625 0.48877031249999997 0.80078125 0.43603437500000003 0.7822265625 0.419921875 0.7548828125 0.373046875 0.7373046875 0.358396875 0.712890625 0.35693281250000003 0.689453125 0.40087968749999997
3 0.345703125 0.0932625 0.3583984375 0.115234375 0.4267578125 0.165040625 0.4775390625 0.232421875 0.5322265625 0.279296875 0.5556640625 0.2734375 0.578125 0.24267500000000003 0.6015609375000001 0.1870125 0.6171859375000001 0.1196296875 0.619140625 0.0434578125 0.6064453125 0.009765625 0.5771484375 0.000978125 0.390625 0.0024421875 0.341796875 0.0668953125 0.345703125 0.0932625
3 0.4423828125 1 0.52734375 0.857909375 0.546875 0.819825 0.55078125 0.787596875 0.5390609375000001 0.740721875 0.521484375 0.7377921875 0.4853515625 0.7421875 0.419921875 0.8315421875 0.44140625 0.8872078125 0.4384765625 0.9179671875000001 0.42578125 0.9194328125 0.4130859375 0.841796875 0.3359359375 0.8872078125 0.349609375 0.9370125 0.3798828125 0.9882796875000001 0.3916015625 1 0.4423828125 1
3 0.623046875 0.7143546875 0.6650390625 0.7685546875 0.685546875 0.6762703125 0.6748046875 0.6806656249999999 0.634765625 0.649903125 0.623046875 0.7143546875
3 0.6142578125 0.8857421875 0.63671875 0.85205 0.61328125 0.811034375 0.591796875 0.7231453125 0.56640625 0.711425 0.537109375 0.7348625 0.548828125 0.7700203125 0.55078125 0.811034375 0.53125 0.8549796875 0.5732421875 0.888671875 0.6142578125 0.8857421875
3 0.171875 0.0024421875 0.232421875 0.27490312499999997 0.224609375 0.38622968750000003 0.2841796875 0.408203125 0.271484375 0.34228437500000003 0.25 0.28076249999999997 0.197265625 0.0112296875 0.1923828125 0.000978125 0.171875 0.0024421875
3 0.232421875 0.163575 0.2353515625 0.1914046875 0.2861328125 0.1357421875 0.380859375 0.0024421875 0.357421875 0.0024421875 0.232421875 0.163575
3 0.1279296875 0.3466796875 0.1630859375 0.349609375 0.21484375 0.28955000000000003 0.22265625 0.26904218750000003 0.22265625 0.23388749999999997 0.21484375 0.20165937500000003 0.203125 0.1958 0.1669921875 0.2001953125 0.140625 0.23388749999999997 0.11718593749999999 0.29540937500000003 0.11718593749999999 0.32470781249999997 0.1279296875 0.3466796875
13 0.6962890625 0.9296875 0.7685546875 0.9765625 0.7724609375 0.9648421875000001 0.7939453125 0.9619156249999999 0.818359375 0.9370125 0.8203109375000001 0.9018546875 0.80859375 0.8754875 0.7587890625 0.8125 0.7138671875 0.7861328125 0.6689453125 0.7773421875000001 0.62109375 0.7143546875 0.6328109375000001 0.646971875 0.658203125 0.600096875 0.69140625 0.47997968750000003 0.689453125 0.34814531249999997 0.67578125 0.28369218749999997 0.646484375 0.1899421875 0.6396484375 0.1796875 0.626953125 0.181153125 0.6005859375 0.203125 0.578125 0.24853437500000003 0.5517578125 0.279296875 0.5302734375 0.282228125 0.5146484375 0.267578125 0.5 0.27197187500000003 0.53515625 0.41259687500000003 0.5390609375000001 0.5415046875 0.529296875 0.6118171875 0.48828125 0.7377921875 0.5244140625 0.736328125 0.5634765625 0.7099593750000001 0.5908203125 0.71875 0.615234375 0.813965625 0.6416015625 0.859375 0.6962890625 0.9296875
13 0.177734375 0.1167 0.1884765625 0.126953125 0.193359375 0.1196296875 0.189453125 0.087403125 0.177734375 0.0668953125 0.177734375 0.1167
13 0.3359359375 0.069825 0.314453125 0.10205 0.3505859375 0.1123046875 0.341796875 0.0727546875 0.3359359375 0.069825
13 0.2197265625 0.1123046875 0.2724609375 0.103515625 0.326171875 0.037596875 0.322265625 0.0200203125 0.3037109375 0.000978125 0.224609375 0.0024421875 0.203125 0.028807812500000002 0.2197265625 0.1123046875