6 0.2616390625 0 0.25354375 0.01984375 0.24575 0.22068125 0.2528828125 0.41875 0.6390625 0.41875 0.6390625 0 0.2616390625 0
6 0.6390625 0 0.6390625 0.41875 1 0.41875 1 0 0.6390625 0
22 0.6390625 0 0.6390625 0.41875 1 0.41875 1 0 0.6390625 0
6 0.6371249999999999 1 0.6390625 0.998653125 0.6390625 0.8348546875 0.5994125 0.8025484374999999 0.5761578125 0.744959375 0.4881109375 0.6884781249999999 0.42166249999999994 0.6951234375 0.426646875 0.6807265625000001 0.38179375000000004 0.6641140625 0.3651828125 0.6641140625 0.3419265625 0.6818328124999999 0.3253125 0.6729734374999999 0.2920890625 0.6729734374999999 0.2023828125 0.655253125 0.2007234375 0.687371875 0.17082031250000002 0.6940140625 0.1259671875 0.7460671875 0.1243078125 0.716165625 0.1010484375 0.6762953125 0.10769218750000001 0.6696500000000001 0.0628390625 0.637534375 0 0.6133656249999999 0 1 0.6371249999999999 1
6 1 0.41875 0.9880218749999999 0.41875 0.9815015624999999 0.431528125 0.952703125 0.42820937499999995 0.9394109374999999 0.4348484375 0.938303125 0.4863046875 0.9294421875 0.49958437499999997 0.9294421875 0.5161828125000001 0.9172578124999999 0.5178421875 0.9095046874999999 0.459746875 0.8992453125000001 0.41875 0.6577390624999999 0.41875 0.6558578125000001 0.4215703125 0.64035 0.431528125 0.6390625 0.43380937499999994 0.6390625 1 1 1 1 0.41875
20 1 0.7874875 0.9316578124999999 0.9411125 0.9272265624999999 0.9543906249999999 0.9272265624999999 0.9709890624999999 0.9371953124999999 0.9892484375 0.942734375 0.9875890625 0.96599375 0.9693296874999999 1 0.9663328124999999 1 0.7874875
14 0.8990671875 1 0.898428125 0.9789406250000001 0.8873515624999999 0.8859875 0.8795984375 0.87436875 0.8596609374999999 0.8644093749999999 0.837509375 0.8610890625 0.8264328125 0.8478109375 0.8064953125000001 0.8411703125000001 0.757759375 0.8411703125000001 0.7333921875 0.8511296875 0.66471875 0.8278921875 0.6390625 0.824396875 0.6390625 1 0.8990671875 1
14 0.742253125 0.49128437500000005 0.7610828125 0.4630671875 0.76994375 0.439828125 0.771953125 0.41875 0.6640375 0.41875 0.6636109375 0.4232296875 0.6769015625 0.479665625 0.6913015625 0.5078828125 0.7057 0.50954375 0.7134546875 0.49128437500000005 0.742253125 0.49128437500000005
14 0.9128281250000001 0.5211625 0.91615 0.5161828125000001 0.9095046874999999 0.4564265625 0.9000765625 0.41875 0.831915625 0.41875 0.8297546875 0.502903125 0.837509375 0.5178421875 0.8707375 0.5178421875 0.8795984375 0.5278015625 0.8873515624999999 0.5261421875 0.9128281250000001 0.5211625
14 1 0.44675000000000004 0.9593484374999999 0.42820937499999995 0.94605625 0.431528125 0.9405187500000001 0.439828125 0.9405187500000001 0.44978749999999995 0.9493796874999999 0.4630671875 0.9493796874999999 0.46970625000000005 0.9294421875 0.50954375 0.9349812500000001 0.511203125 0.94605625 0.50124375 0.9593484374999999 0.481325 0.968209375 0.4879640625 0.973746875 0.49958437499999997 0.973746875 0.5128625 0.9671015625000001 0.5294625 0.9671015625000001 0.542740625 0.956025 0.5560203125000001 0.9515953125 0.5892171875 0.9394109374999999 0.6107953125 0.888459375 0.64399375 0.8740609375 0.6622515625000001 0.8541234375 0.7419265625 0.8541234375 0.758525 0.8629843749999999 0.7718046875 0.8629843749999999 0.7850828125 0.8519078125 0.8116406250000001 0.8519078125 0.831559375 0.847478125 0.848159375 0.8530156249999999 0.8564578125000001 0.8729531250000001 0.8630968749999999 0.928334375 0.8962953125 0.9471640625 0.8979546875000001 0.96045625 0.8680765625 0.9626718750000001 0.8448390625 0.993684375 0.7186874999999999 0.9959 0.6888109375 1 0.6795953124999999 1 0.6427296874999999 0.9914703125000001 0.59585625 0.993684375 0.562659375 1 0.5413671875 1 0.44675000000000004
14 0.8297546875 0.42655000000000004 0.8257078124999999 0.41875 0.785296875 0.41875 0.7721578124999999 0.4331890625 0.76994375 0.44978749999999995 0.787665625 0.479665625 0.79985 0.5145234375000001 0.8297546875 0.5128625 0.8297546875 0.42655000000000004
7 0.6813328125 0.5560203125000001 0.6857624999999999 0.5294625 0.6713640625 0.5078828125 0.6536421875 0.5045640625 0.6447812500000001 0.5145234375000001 0.6390625 0.5162375 0.6390625 0.5968875 0.6514265625 0.6074765625 0.6558578125000001 0.6207546875000001 0.6613953125 0.6190953125 0.6636109375 0.5991765625000001 0.6591796875 0.5792578125000001 0.6813328125 0.5560203125000001
7 0.64035 0.431528125 0.6390625 0.4338875 0.6390625 0.5110484375000001 0.648103125 0.50954375 0.6602875 0.50124375 0.6746875 0.479665625 0.6746875 0.4663859375 0.6602875 0.4215703125 0.64035 0.431528125
7 0.9538109374999999 0.5593390625 0.96045625 0.5493796875 0.9349812500000001 0.531121875 0.9106125 0.5444 0.888459375 0.5278015625 0.8829218750000001 0.5394203125 0.9072890625 0.5792578125000001 0.9183656250000001 0.615775 0.9227968750000001 0.6190953125 0.942734375 0.605815625 0.9538109374999999 0.5759390625 0.9538109374999999 0.5593390625
14 0.9693171875000001 0.502903125 0.9615640624999999 0.49128437500000005 0.9515953125 0.502903125 0.9515953125 0.5128625 0.9648859375000001 0.5261421875 0.9693171875000001 0.5195031250000001 0.9693171875000001 0.502903125
13 0.757759375 0.5211625 0.75000625 0.53278125 0.745575 0.562659375 0.73560625 0.5775984375000001 0.7201 0.5908765625 0.6935171875 0.6008359375000001 0.6658265625 0.63569375 0.6591796875 0.6755312499999999 0.6503187500000001 0.7020890625 0.6636109375 0.708728125 0.6503187500000001 0.748565625 0.6503187500000001 0.7651640625 0.6591796875 0.8050015625 0.6757953125 0.8265796875 0.6890859375 0.8332203125 0.75000625 0.8382 0.7710515625000001 0.8332203125 0.7843421875 0.8166203124999999 0.79985 0.8332203125 0.817571875 0.8332203125 0.8231093749999999 0.8249203125 0.8341859375 0.7618453125 0.8519078125 0.725328125 0.8652 0.6755312499999999 0.9072890625 0.6124562499999999 0.9072890625 0.5858984375 0.8917828125 0.5560203125000001 0.8707375 0.5278015625 0.8264328125 0.5145234375000001 0.757759375 0.5211625
14 0.8519078125 0.8083218750000001 0.8629843749999999 0.7850828125 0.8607687500000001 0.7718046875 0.8530156249999999 0.7601843749999999 0.8419390625000001 0.7601843749999999 0.8341859375 0.7718046875 0.8231093749999999 0.8249203125 0.8120328125 0.8382 0.8264328125 0.8431796874999999 0.8330781249999999 0.8531375000000001 0.843046875 0.8514781250000001 0.8496921875 0.8382 0.8519078125 0.8083218750000001