6 0.0499234375 0.4218046875 0.183234375 0.5272359375 0.3116984375 0.4218046875 0.32018125 0.260140625 0.183234375 0.11956249999999999 0.042726562499999995 0.2617484375 0.0499234375 0.4218046875
6 0.561353125 0.20039375 0.4777296875 0.1160484375 0.3866671875 0.21783125 0.32260468750000004 0.305828125 0.3323 0.4815484375 0.446221875 0.5377796874999999 0.5565046875 0.48330624999999994 0.6013468750000001 0.36733125 0.561353125 0.20039375
6 0.8388828125 0.26716875 0.7601078125 0.1441640625 0.666790625 0.1160484375 0.600303125 0.23100468749999997 0.5928640625 0.42883281249999994 0.6510343749999999 0.5395390625 0.783134375 0.48857656250000003 0.849790625 0.3884171875 0.8388828125 0.26716875
6 0.71163125 0.572925 0.6972734375 0.681159375 0.7007234375 0.79960625 0.823128125 0.8540796875 0.9322015625000001 0.7574328125 0.960075 0.602796875 0.8582734375 0.49209218750000006 0.71163125 0.572925
6 0.47651875 0.5412953125 0.412425 0.6460265625 0.4207703125 0.8663812500000001 0.58195625 0.889225 0.6825453125000001 0.808390625 0.6958765625 0.6396984375 0.6316453125 0.5395390625 0.47651875 0.5412953125
6 0.2329234375 0.513178125 0.1472734375 0.59551875 0.1408171875 0.748646875 0.17959843749999999 0.889225 0.30806093749999997 0.9173406249999999 0.366234375 0.7222875 0.31048437500000003 0.52548125 0.2329234375 0.513178125
22 0.2547359375 0.22323906249999997 0.198990625 0.1968796875 0.1153671875 0.26892499999999997 0.08666718749999999 0.3847171875 0.14930000000000002 0.49209218750000006 0.1941421875 0.47451875 0.2801890625 0.3831453125 0.2826109375 0.348 0.2547359375 0.22323906249999997
22 0.60861875 0.39544375 0.6437640625000001 0.42531875 0.6595187499999999 0.40950312499999997 0.6680015625 0.3444859375 0.63406875 0.217965625 0.613940625 0.222221875 0.60861875 0.39544375
22 0.6389171874999999 0.8242078125000001 0.6643671875 0.808390625 0.666790625 0.73283125 0.6381812499999999 0.687746875 0.575896875 0.6291562500000001 0.5528703125 0.6449703125 0.48015468749999995 0.5641375 0.471671875 0.590496875 0.5213593750000001 0.67484375 0.5298437500000001 0.7187734375 0.572259375 0.7627046875 0.5310546875 0.7943328125 0.533478125 0.8540796875 0.561353125 0.87868125 0.60498125 0.8698937499999999 0.613465625 0.8312359375 0.6013468750000001 0.79081875 0.6389171874999999 0.8242078125000001
22 0.23049843750000001 0.8804375 0.2801890625 0.9120671874999999 0.3298765625 0.70823125 0.2983671875 0.57468125 0.26685625 0.5360234375 0.24625312500000002 0.5799546875 0.17596406250000002 0.6080703125 0.168484375 0.6921375000000001 0.1783859375 0.7627046875 0.27049218750000004 0.7925765625000001 0.23049843750000001 0.8804375
7 0.6484390624999999 0.7741734375 0.640625 0.6949156249999999 0.5869140625 0.6397203124999999 0.5478515625 0.6397203124999999 0.5205078125 0.6057515625 0.4912109375 0.5887687500000001 0.484375 0.621321875 0.541015625 0.6864250000000001 0.541015625 0.7005765625 0.53125 0.7062390625 0.6044921875 0.7897421875 0.6298828125 0.8123859375 0.638671875 0.8109703125 0.6484390624999999 0.7741734375
7 0.5439453125 0.7840796875 0.529296875 0.8251250000000001 0.533203125 0.8505984375000001 0.5498046875 0.8774906250000001 0.58203125 0.8817359375 0.607421875 0.8534296875 0.609375 0.8081406250000001 0.5947265625 0.7784203125 0.5732421875 0.767096875 0.5439453125 0.7840796875
12 0.59375 0.335428125 0.5859390624999999 0.4345 0.6015640624999999 0.48545156250000004 0.6240234375 0.5236640625 0.6494140625 0.540646875 0.681640625 0.53923125 0.7158203125 0.53215625 0.7314453125 0.515171875 0.7919921875 0.4953578125 0.8291015625 0.46704999999999997 0.8515640624999999 0.42883750000000004 0.857421875 0.360903125 0.849609375 0.2844765625 0.8359390624999999 0.24484843750000002 0.7666015625 0.14153125 0.7177734375 0.11888593750000001 0.6611328125 0.11322499999999999 0.6064453125 0.1698375 0.58203125 0.21371250000000003 0.59375 0.335428125
4 0.234375 0.222203125 0.234375 0.2023890625 0.2236328125 0.178328125 0.1435546875 0.251925 0.1396484375 0.288721875 0.1201171875 0.288721875 0.11328125 0.29862968749999996 0.125 0.40619375 0.12109375 0.442990625 0.1337890625 0.47837500000000005 0.16015625 0.49394218749999996 0.1796890625 0.474128125 0.173828125 0.45997656249999996 0.1761109375 0.4460796875 0.1884765625 0.4557296875 0.2021484375 0.430253125 0.2138671875 0.43308437499999997 0.26953125 0.38920937499999997 0.236328125 0.3835484375 0.2255859375 0.29155312499999997 0.177734375 0.28730625 0.2001953125 0.2660765625 0.2041015625 0.24909374999999997 0.2138671875 0.24909374999999997 0.2197265625 0.22644999999999998 0.234375 0.222203125
4 0.27734375 0.38920937499999997 0.283203125 0.38637968749999996 0.27734375 0.2844765625 0.25 0.2759859375 0.26953125 0.253340625 0.267578125 0.21654062500000001 0.2607421875 0.2038046875 0.2431640625 0.209465625 0.2236328125 0.1726671875 0.12890625 0.26466249999999997 0.1240234375 0.288721875 0.2236328125 0.29155312499999997 0.234375 0.3835484375 0.2392578125 0.390625 0.27734375 0.38920937499999997
4 0.119140625 0.358071875 0.0947265625 0.3481671875 0.0859390625 0.36939687499999996 0.0859390625 0.40619375 0.119140625 0.4345 0.125 0.4203453125 0.119140625 0.358071875
4 0.119140625 0.358071875 0.0947265625 0.3481671875 0.0859390625 0.36939687499999996 0.0859390625 0.40619375 0.119140625 0.4345 0.126953125 0.4175171875 0.119140625 0.358071875
4 0.119140625 0.2844765625 0.140625 0.28730625 0.1484390625 0.26183125 0.1416015625 0.24909374999999997 0.12890625 0.259003125 0.119140625 0.2844765625
7 0.4375 0.7685125 0.4306640625 0.7699281250000001 0.4111328125 0.7331296875 0.404296875 0.737375 0.4091796875 0.869 0.51171875 0.8845671875000001 0.53125 0.87890625 0.5185546875 0.874659375 0.517578125 0.8619234375 0.5048828125 0.8548453125 0.4990234375 0.8378625 0.4853515625 0.8378625 0.4814453125 0.8152171875 0.4658203125 0.8123859375 0.4560546875 0.826540625 0.4560546875 0.8123859375 0.4462890625 0.8152171875 0.4443359375 0.8038968750000001 0.4404296875 0.8123859375 0.4375 0.7685125
7 0.484375 0.547725 0.49218906249999994 0.5675390625000001 0.4736328125 0.5661234375 0.45703125 0.618490625 0.4130859375 0.6651953125000001 0.408203125 0.6864250000000001 0.4951171875 0.7869109375 0.52734375 0.833615625 0.5419921875 0.874659375 0.5595703125 0.8859828125 0.578125 0.8845671875000001 0.6259765625 0.8435234375 0.65234375 0.7826640625 0.65625 0.7402046875 0.64453125 0.68925625 0.654296875 0.6751015625 0.6513671875 0.6680265624999999 0.6474609375 0.6793484375000001 0.642578125 0.6751015625 0.63671875 0.5958453125000001 0.63671875 0.556215625 0.642578125 0.5533859375 0.6123046875 0.5236640625 0.5205078125 0.5208328125 0.484375 0.547725
7 0.408203125 0.870415625 0.4931640625 0.8859828125 0.5869140625 0.8831515624999999 0.6025390625 0.902965625 0.623046875 0.9043812499999999 0.6572265625 0.8491859375 0.69140625 0.8194640625 0.67578125 0.728884375 0.6796890624999999 0.6071671875 0.673828125 0.5901828124999999 0.6796890624999999 0.584521875 0.6201171875 0.5264953125 0.5908203125 0.5208328125 0.5244140625 0.518003125 0.4501953125 0.5632921875 0.41406406249999994 0.618490625 0.392578125 0.6694390625 0.40234375 0.7203906250000001 0.408203125 0.870415625
9 0.3115234375 0.47837500000000005 0.2880859375 0.4727125 0.275390625 0.48545156250000004 0.2822265625 0.4953578125 0.3076171875 0.50101875 0.3154296875 0.518003125 0.349609375 0.53923125 0.34375 0.508096875 0.3251953125 0.4925265625 0.3154296875 0.4981890625 0.3115234375 0.47837500000000005
9 0.39453125 0.6467953125 0.37890625 0.5930140625 0.3623046875 0.5661234375 0.361328125 0.7062390625 0.373046875 0.7090703125 0.390625 0.697746875 0.39453125 0.6467953125
9 0.1904296875 0.5887687500000001 0.173828125 0.612828125 0.1875 0.7147296875 0.181640625 0.7685125 0.2138671875 0.767096875 0.2578140625 0.7939875 0.2578140625 0.8194640625 0.236328125 0.87324375 0.25 0.8902296875 0.2509765625 0.8831515624999999 0.2724609375 0.8888140625000001 0.2744140625 0.8774906250000001 0.2822265625 0.8888140625000001 0.291015625 0.8817359375 0.30078125 0.8222953125 0.330078125 0.7345453125 0.330078125 0.7062390625 0.310546875 0.615659375 0.279296875 0.5335703125 0.2685546875 0.5236640625 0.24609375 0.5420625 0.2431640625 0.580275 0.1904296875 0.5887687500000001
22 0.794921875 0.2278640625 0.8056640625 0.209465625 0.806640625 0.222203125 0.8212890625 0.2292796875 0.833984375 0.2674921875 0.841796875 0.2703234375 0.82421875 0.222203125 0.7822265625 0.16417656249999998 0.7490234375 0.1302078125 0.6689453125 0.11322499999999999 0.6513671875 0.11888593750000001 0.6123046875 0.16417656249999998 0.58203125 0.222203125 0.58203125 0.24484843750000002 0.59375 0.250509375 0.58984375 0.4401625 0.61328125 0.502434375 0.6240234375 0.515171875 0.625 0.502434375 0.634765625 0.49394218749999996 0.6240234375 0.45289843750000003 0.6513671875 0.4557296875 0.6767578125 0.44440625 0.7158203125 0.4557296875 0.7197265625 0.46988125 0.73046875 0.471296875 0.73828125 0.4486515625 0.740234375 0.40619375 0.734375 0.31844375 0.7197265625 0.3141984375 0.7041015625 0.32835312499999997 0.7099609375 0.297215625 0.7177734375 0.29438437500000003 0.7216796875 0.3057078125 0.7490234375 0.29438437500000003 0.75 0.33825781250000003 0.765625 0.3439203125 0.759765625 0.3778859375 0.7744140625 0.3877953125 0.810546875 0.38920937499999997 0.7734390624999999 0.3977 0.78125 0.40336249999999996 0.7841796875 0.430253125 0.8115234375 0.430253125 0.8095703125 0.4500671875 0.7783203125 0.45289843750000003 0.7646484375 0.46704999999999997 0.7529296875 0.46704999999999997 0.75 0.48545156250000004 0.7314453125 0.50385 0.7197265625 0.50385 0.7158203125 0.5208328125 0.7080078125 0.5095125 0.7021484375 0.5236640625 0.6875 0.5279109375 0.708984375 0.5307421875 0.7314453125 0.512340625 0.7607421875 0.512340625 0.7919921875 0.4953578125 0.8330078125 0.46139062500000005 0.85546875 0.40336249999999996 0.85546875 0.358071875 0.845703125 0.28164687499999996 0.841796875 0.3127828125 0.8330078125 0.319859375 0.8251953125 0.29438437500000003 0.8125 0.29296875 0.8125 0.2731546875 0.798828125 0.2674921875 0.794921875 0.2278640625
22 0.357421875 0.76285 0.353515625 0.723221875 0.36328125 0.728884375 0.36328125 0.7685125 0.357421875 0.77134375 0.3564453125 0.7897421875 0.3671890625 0.7770046875000001 0.3671890625 0.7515296874999999 0.380859375 0.754359375 0.3916015625 0.6906718749999999 0.40234375 0.726053125 0.400390625 0.79681875 0.404296875 0.8562609374999999 0.4111328125 0.874659375 0.4873046875 0.8859828125 0.5810546875 0.8859828125 0.6181640625 0.9057968750000001 0.6357421875 0.8944765625000001 0.6591796875 0.8491859375 0.693359375 0.8166328125 0.681640625 0.731715625 0.681640625 0.581690625 0.6162109375 0.5236640625 0.51953125 0.5165875 0.5546890624999999 0.48262031250000004 0.578125 0.43733125 0.583984375 0.4090234375 0.5517578125 0.4274234375 0.5439453125 0.45289843750000003 0.5341796875 0.45289843750000003 0.5068359375 0.47837500000000005 0.4990234375 0.50101875 0.4404296875 0.512340625 0.419921875 0.40619375 0.4130859375 0.399115625 0.4072265625 0.407609375 0.40625 0.39204062500000003 0.416015625 0.3807171875 0.4111328125 0.36515 0.4345703125 0.3594875 0.4423828125 0.3396734375 0.4482421875 0.34533593749999997 0.451171875 0.33825781250000003 0.345703125 0.30429218750000003 0.345703125 0.2759859375 0.359375 0.2674921875 0.359375 0.253340625 0.3974609375 0.22644999999999998 0.42968906249999994 0.1769125 0.4375 0.145778125 0.4560546875 0.13587031249999998 0.4833984375 0.1330390625 0.5224609375 0.14719374999999998 0.5390640624999999 0.17974375 0.5390640624999999 0.1995578125 0.5625 0.23352656249999998 0.5625 0.24767812500000003 0.5751953125 0.24626406250000002 0.5703140624999999 0.21371250000000003 0.55078125 0.1655921875 0.5126953125 0.1302078125 0.4853515625 0.11605625 0.4638671875 0.11605625 0.3837890625 0.1613453125 0.31640625 0.3099515625 0.314453125 0.40336249999999996 0.326171875 0.48262031250000004 0.2841796875 0.4727125 0.2646484375 0.4925265625 0.2158203125 0.50668125 0.1572265625 0.571784375 0.1328140625 0.612828125 0.142578125 0.7770046875000001 0.15625 0.8449390625 0.177734375 0.8873984374999999 0.2021484375 0.911459375 0.2587890625 0.934103125 0.27734375 0.9326890625 0.30859375 0.9072125 0.298828125 0.90155 0.3056640625 0.8831515624999999 0.3115234375 0.902965625 0.3203140625 0.8958890625 0.322265625 0.833615625 0.3291015625 0.84069375 0.33984375 0.8194640625 0.330078125 0.8109703125 0.330078125 0.79681875 0.3408203125 0.801065625 0.3505859375 0.7925718749999999 0.3515640625 0.7685125 0.357421875 0.76285
22 0.7109390624999999 0.5194171875 0.765625 0.471296875 0.6552734375 0.46422187499999995 0.650390625 0.471296875 0.654296875 0.502434375 0.6455078125 0.50668125 0.6669921875 0.5208328125 0.7109390624999999 0.5194171875