6 1 0.00265 0.0016671874999999998 0.00265 0.0016671874999999998 1 1 1 1 0.00265
22 0.5419921875 0.7392578125 0.3056640625 0.841796875 0.298828125 0.860840625 0.30078125 0.9165046875 0.3193359375 0.947265625 0.5595703125 0.9150406249999999 0.6474609375 0.953125 0.6845703125 0.953125 0.8154296875 0.9091796875 0.9990234375 0.8681656249999999 1 0.556153125 0.982421875 0.5415046875 0.6240234375 0.6484375 0.5947265625 0.671875 0.5419921875 0.7392578125
22 0 0.9956046875 0.1572265625 0.994140625 0.17578125 0.9487296875 0.15234375 0.913575 0.1796890625 0.819825 0.181640625 0.7495125 0.17578125 0.717284375 0.1337890625 0.6337906249999999 0.0986328125 0.6015625 0.07421875 0.5913078125 0.0458984375 0.5898421875000001 0.0283203125 0.6162093750000001 0 0.6293953125 0 0.9956046875
12 0.5205078125 0.671875 0.5341796875 0.6835921875000001 0.54296875 0.6762703125 0.54296875 0.6557625 0.53125 0.626465625 0.4599609375 0.525390625 0.3818359375 0.4404296875 0.263671875 0.33349531250000003 0.25390625 0.33935468750000003 0.2431640625 0.3701171875 0.5205078125 0.671875
12 0.3388671875 0.2001953125 0.3271484375 0.203125 0.3095703125 0.1914046875 0.306640625 0.23974531250000003 0.28125 0.26611250000000003 0.267578125 0.30419999999999997 0.3134765625 0.3408203125 0.3583984375 0.352540625 0.3935546875 0.3466796875 0.4248046875 0.3203125 0.4375 0.28076249999999997 0.4375 0.24267500000000003 0.466796875 0.1518546875 0.4404296875 0.162109375 0.4052734375 0.150390625 0.400390625 0.1225578125 0.3720703125 0.12109218749999999 0.361328125 0.163575 0.3388671875 0.2001953125
12 0.435546875 0.31298750000000003 0.466796875 0.40087968749999997 0.46484375 0.529784375 0.5419921875 0.6484375 0.5595703125 0.6484375 0.5927734375 0.6337906249999999 0.615234375 0.6118171875 0.625 0.5209953125 0.62109375 0.5004875 0.6103515625 0.4873046875 0.5986328125 0.501953125 0.591796875 0.49462968749999997 0.59765625 0.45068281250000003 0.57421875 0.43310468750000003 0.591796875 0.39209062499999997 0.58984375 0.36865312499999997 0.5595703125 0.349609375 0.54296875 0.32470781249999997 0.5498046875 0.3085921875 0.5703140624999999 0.29247968750000003 0.5703140624999999 0.24267500000000003 0.5615234375 0.2265625 0.54296875 0.22216718750000003 0.4677734375 0.255859375 0.439453125 0.28955000000000003 0.435546875 0.31298750000000003
12 1 0.5180671875 0.970703125 0.48584062499999997 0.9990234375 0.4814453125 0.9990234375 0.47265468750000006 0.576171875 0.30712968749999997 0.5595703125 0.305665625 0.546875 0.32763749999999997 0.5615234375 0.349609375 0.5791015625 0.358396875 0.9111328125 0.46972812499999994 1 0.5444328125 1 0.5180671875
12 0.1416015625 1 0.1591796875 0.9912093750000001 0.173828125 0.96045 0.171875 0.9399421875 0.154296875 0.9194328125 0.181640625 0.7993171875 0.181640625 0.7524421875 0.171875 0.7026375 0.1318359375 0.630859375 0.07421875 0.5913078125 0.0439453125 0.5898421875000001 0.0322265625 0.6132796875000001 0 0.6293953125 0.0009765625 1 0.1416015625 1
7 0.5419921875 0.7392578125 0.3056640625 0.841796875 0.298828125 0.860840625 0.302734375 0.9252921875 0.3134765625 0.9443343750000001 0.3251953125 0.947265625 0.3857421875 0.9326171875 0.5673828125 0.9179671875000001 0.6455078125 0.953125 0.6865234375 0.953125 0.8154296875 0.9091796875 0.9970703125 0.8681656249999999 1 0.553221875 0.97265625 0.5473625 0.6240234375 0.6484375 0.5947265625 0.671875 0.5419921875 0.7392578125
12 0.2333984375 0.0625 0.232421875 0.10205 0.2392578125 0.12109218749999999 0.23046875 0.107909375 0.232421875 0.0756828125 0.2255859375 0.068359375 0.0322265625 0.0039046875 0.0009765625 0.0039046875 0 0.617675 0.0830078125 0.5517578125 0.1435546875 0.513671875 0.1689453125 0.5107421875 0.201171875 0.47705000000000003 0.21484375 0.39794999999999997 0.251953125 0.33935468750000003 0.283203125 0.25732499999999997 0.302734375 0.23974531250000003 0.30078125 0.1899421875 0.3330078125 0.197265625 0.3515640625 0.178221875 0.361328125 0.1518546875 0.361328125 0.1372078125 0.3505859375 0.1298828125 0.2958984375 0.1298828125 0.3994140625 0.115234375 0.4248046875 0.147459375 0.4501953125 0.1533203125 0.4658203125 0.1445296875 0.5087890625 0.150390625 0.5556640625 0.126953125 0.5927734375 0.1298828125 0.626953125 0.0961921875 0.638671875 0.055174999999999995 0.66796875 0.014159374999999998 0.6640640624999999 0.0024421875 0.0966796875 0.000978125 0.06640625 0.0083 0.2333984375 0.0625
7 0.7021484375 1 0.705078125 0.992675 0.7041015625 0.953125 0.6337890625 0.953125 0.568359375 0.9223625 0.5166015625 0.9208968750000001 0.435546875 0.9370125 0.4951171875 0.9765625 0.5517578125 1 0.7021484375 1
7 0.1259765625 0.619140625 0.1748046875 0.6953125 0.3310546875 0.8154296875 0.3603515625 0.818359375 0.4326171875 0.7890625 0.548828125 0.726075 0.5400390625 0.7099593750000001 0.4638671875 0.6601546875000001 0.4287109375 0.7158203125 0.4013671875 0.7392578125 0.3701171875 0.7509781249999999 0.3310546875 0.748046875 0.3017578125 0.7275406249999999 0.28125 0.696778125 0.265625 0.632325 0.2490234375 0.595703125 0.1884765625 0.572265625 0.134765625 0.538575 0.1103515625 0.5458968750000001 0.09375 0.5942375 0.1259765625 0.619140625
7 0.5380859375 1 0.705078125 0.998534375 0.7080078125 0.9501953125 0.6455078125 0.9560546875 0.5703140624999999 0.9223625 0.4892578125 0.923828125 0.431640625 0.9370125 0.5380859375 1