6 0 0 0 0.6796875 0.3890625 0.6796875 0.3890625 0 0 0
6 0.7789375 0.2933296875 0.7571625 0.28636093749999997 0.701175 0.2933296875 0.68873125 0.3072625 0.60475 0.288684375 0.55498125 0.29100625 0.5300953125000001 0.30958437499999997 0.48654843750000004 0.30958437499999997 0.43366875 0.288684375 0.39323125000000003 0.288684375 0.3890625 0.290240625 0.3890625 0.43453749999999997 0.883140625 0.4338171875 0.892471875 0.410596875 0.87691875 0.3966640625 0.8707 0.3688 0.7960453125 0.32235468749999996 0.7789375 0.2933296875
6 0.545646875 0.4605234375 0.5378734374999999 0.4686515625 0.819375 0.4698125 0.8691437499999999 0.47213281250000005 0.8800296875000001 0.47793906249999996 0.892471875 0.46168437500000004 0.884696875 0.451234375 0.8753640624999999 0.451234375 0.862921875 0.46516718749999997 0.8255953125 0.46516718749999997 0.8162640624999999 0.458203125 0.7882671875 0.458203125 0.7820484375000001 0.4628453125 0.766496875 0.458203125 0.7540546875 0.4628453125 0.7384999999999999 0.458203125 0.6825109375 0.4628453125 0.6638484375 0.458203125 0.5643109374999999 0.458203125 0.5580890625 0.4628453125 0.545646875 0.4605234375
21 0.46632968750000003 0.410596875 0.470996875 0.40943593749999996 0.4787703125 0.40130781249999997 0.4787703125 0.3827328125 0.4647734375 0.37228125 0.4585515625 0.36996093750000003 0.43677968749999996 0.36996093750000003 0.43366875 0.3676375 0.405675 0.3676375 0.40256406250000004 0.36996093750000003 0.3963421875 0.36996093750000003 0.391675 0.37344218749999997 0.391675 0.3780875 0.3890625 0.3810140625 0.3890625 0.39935624999999997 0.39323125000000003 0.40247031250000004 0.41189375000000006 0.40247031250000004 0.4150046875 0.4047921875 0.4305578125 0.4047921875 0.449221875 0.4117578125 0.46632968750000003 0.410596875
21 0.4616625 0.349059375 0.4538875 0.3571890625 0.4538875 0.3641546875 0.4616625 0.36996093750000003 0.467884375 0.36996093750000003 0.469440625 0.37344218749999997 0.4803265625 0.381571875 0.48654843750000004 0.38389375000000003 0.49587812500000006 0.38389375000000003 0.5021015625 0.38853593750000004 0.5129875 0.38737499999999997 0.526984375 0.381571875 0.53320625 0.381571875 0.5440921875 0.3757640625 0.5440921875 0.3688 0.5534250000000001 0.354865625 0.5534250000000001 0.34557812499999996 0.5440921875 0.33164531249999996 0.5363171875 0.3258390625 0.5145421875 0.32816093749999997 0.5083203125 0.33280625 0.5021015625 0.33280625 0.49899062499999997 0.3351265625 0.48654843750000004 0.33744843750000003 0.47721562500000003 0.34673906250000003 0.467884375 0.34673906250000003 0.4616625 0.349059375
16 0.6902859375 0.3688 0.6996203125 0.3827328125 0.7136171874999999 0.39318125 0.735390625 0.400146875 0.7400546875 0.41291874999999995 0.7478328125 0.41872499999999996 0.7525000000000001 0.4175640625 0.772715625 0.4047921875 0.7882671875 0.4047921875 0.7898234375000001 0.3966640625 0.7789375 0.38853593750000004 0.7602734375 0.381571875 0.7493875 0.37344218749999997 0.7493875 0.3664765625 0.7384999999999999 0.35835 0.7322796874999999 0.35602812500000003 0.722946875 0.35602812500000003 0.7198390625 0.3537046875 0.7105046875000001 0.3537046875 0.70739375 0.3513828125 0.701175 0.3537046875 0.6902859375 0.3641546875 0.6902859375 0.3688
16 0.615634375 0.3757640625 0.618746875 0.371121875 0.618746875 0.3641546875 0.624965625 0.354865625 0.624965625 0.33861093750000004 0.6078578125 0.3304828125 0.60475 0.33280625 0.5985265625 0.33280625 0.5876406249999999 0.3409328125 0.5845296875 0.35254375 0.5751968749999999 0.3641546875 0.5751968749999999 0.37344218749999997 0.5798640625 0.3769265625 0.5860859375 0.3792484375 0.6063015625 0.3780875 0.615634375 0.3757640625
6 0.3890625 1 0.3890625 0.6796875 0 0.6796875 0 1 0.3890625 1
16 0 0.9065703125000001 0.006465625 0.9075749999999999 0.0213828125 0.9006140625000001 0.0437578125 0.9006140625000001 0.0661328125 0.912215625 0.0847796875 0.91685625 0.1332578125 0.919178125 0.1407171875 0.9284593750000001 0.1612265625 0.92961875 0.17055 0.9284593750000001 0.222759375 0.8936531249999999 0.284290625 0.862328125 0.284290625 0.8553671875 0.267509375 0.8449249999999999 0.256321875 0.8426046875000001 0.245134375 0.831003125 0.222759375 0.8240421874999999 0.17055 0.81708125 0.1519046875 0.81011875 0.08105 0.8031578125 0.010195312500000001 0.782275 0 0.7819984375 0 0.9065703125000001
13 0.3890625 1 0.3890625 0.819803125 0.36446718749999996 0.8263624999999999 0.3159875 0.8542062500000001 0.2488625 0.8820515625 0.19851875000000002 0.91105625 0.1686859375 0.9365796874999999 0.1574984375 0.9412203124999999 0.1276640625 0.969065625 0.1164765625 0.987628125 0.1164765625 1 0.3890625 1
0 1 0.6796875 0.3890625 0.6796875 0.3890625 1 1 1 1 0.6796875
17 0.6370421875 0.698534375 0.6370421875 0.704715625 0.6405203125 0.709353125 0.6416796875 0.7078078125 0.6428375 0.7062625 0.64515625 0.7062625 0.6474734375 0.7031703125 0.6497921875 0.7031703125 0.6509515625 0.701625 0.6509515625 0.698534375 0.65326875 0.69544375 0.65326875 0.6892625 0.656746875 0.6846265625 0.6590640624999999 0.6877171875 0.6650875 0.6796875 0.627996875 0.6796875 0.6277703125 0.6799906250000001 0.6300890625 0.6830812500000001 0.6300890625 0.686171875 0.634725 0.692353125 0.634725 0.69544375 0.6370421875 0.698534375
17 0.8908734375 0.8113484375000001 0.8885546874999999 0.8082578125 0.8862359375000001 0.8082578125 0.88391875 0.8051671875 0.8769640624999999 0.8051671875 0.8758046875 0.8036218749999999 0.8758046875 0.7912578124999999 0.874646875 0.7897125 0.8723281249999999 0.7897125 0.8700093750000001 0.786621875 0.8676921875 0.786621875 0.86305625 0.780440625 0.8561015624999999 0.780440625 0.852625 0.7850765625 0.852625 0.7881671875 0.849146875 0.792803125 0.8421937500000001 0.792803125 0.8387156250000001 0.7974390625 0.8387156250000001 0.8036218749999999 0.8410343749999999 0.8067125 0.8410343749999999 0.81289375 0.8317625 0.82525625 0.8317625 0.828346875 0.827125 0.8345296875000001 0.827125 0.8376203125 0.8224890625000001 0.8438015625 0.8224890625000001 0.8468921875 0.820171875 0.8499828125000001 0.820171875 0.8561640625000001 0.8259671875000001 0.863890625 0.828284375 0.863890625 0.8352390625 0.8731640625000001 0.8375562499999999 0.8731640625000001 0.849146875 0.8886171875000001 0.851465625 0.8886171875000001 0.8537828125000001 0.8917078125 0.8561015624999999 0.8917078125 0.8653734375000001 0.904071875 0.8676921875 0.904071875 0.8723281249999999 0.910253125 0.874646875 0.910253125 0.8816 0.9195249999999999 0.88391875 0.9195249999999999 0.8862359375000001 0.922615625 0.8931906250000001 0.922615625 0.89435 0.9210703125 0.9013046875 0.9117984375000001 0.9013046875 0.9087078125 0.9082578124999999 0.8994359375000001 0.9082578124999999 0.8685281249999999 0.9105765625 0.8654375 0.9105765625 0.82525625 0.9094171875000001 0.8237109374999999 0.9071 0.8237109374999999 0.9047812499999999 0.8206203125 0.9001453125 0.8206203125 0.8989859375 0.819075 0.8989859375 0.815984375 0.8955093749999999 0.8113484375000001 0.8908734375 0.8113484375000001
17 0.6486328125 0.76653125 0.6509515625 0.7696234375000001 0.6509515625 0.7727140625 0.6486328125 0.7758046875 0.6486328125 0.7881671875 0.6509515625 0.7912578124999999 0.6509515625 0.8036218749999999 0.654428125 0.8082578125 0.6590640624999999 0.8082578125 0.6602234375 0.8067125 0.664859375 0.8005296875000001 0.664859375 0.7974390625 0.6671781250000001 0.7943484375 0.6671781250000001 0.7912578124999999 0.6694953124999999 0.7881671875 0.6694953124999999 0.7788953125 0.6671781250000001 0.7758046875 0.6671781250000001 0.7727140625 0.6625421874999999 0.76653125 0.6625421874999999 0.7603500000000001 0.656746875 0.7526234374999999 0.6521109375 0.7526234374999999 0.6486328125 0.7572593750000001 0.6486328125 0.76653125
17 0.5872046875 0.8082578125 0.589521875 0.8113484375000001 0.5941578125 0.8113484375000001 0.5964765625 0.8144390625 0.59879375 0.8144390625 0.5999531250000001 0.81289375 0.602271875 0.809803125 0.602271875 0.8005296875000001 0.6045890625 0.7974390625 0.6045890625 0.7819859375 0.6034312500000001 0.780440625 0.589521875 0.780440625 0.5872046875 0.78353125 0.5848859375 0.78353125 0.581409375 0.7881671875 0.581409375 0.7912578124999999 0.579090625 0.7943484375 0.579090625 0.8036218749999999 0.5825671875 0.8082578125 0.5872046875 0.8082578125
17 0.5628640625 0.698534375 0.5640234375000001 0.7000796874999999 0.5651828125 0.698534375 0.5640234375000001 0.6969890624999999 0.5628640625 0.698534375
17 0.5559093749999999 0.7078078125 0.5512734375 0.7139890624999999 0.5512734375 0.7263515625 0.5547515625 0.7309875 0.5617046875 0.7309875 0.5628640625 0.7294421875 0.5628640625 0.7201703125 0.56981875 0.7108984375 0.56981875 0.7078078125 0.5721359374999999 0.704715625 0.5721359374999999 0.69544375 0.5744546875000001 0.692353125 0.5744546875000001 0.6892625 0.576771875 0.686171875 0.576771875 0.6799906250000001 0.5765453125 0.6796875 0.5700453125 0.6796875 0.5605453125000001 0.692353125 0.5605453125000001 0.69544375 0.5582281250000001 0.698534375 0.5582281250000001 0.701625 0.5559093749999999 0.704715625 0.5559093749999999 0.7078078125
17 0.67645 0.692353125 0.67645 0.698534375 0.6776093750000001 0.7000796874999999 0.6822453125 0.7000796874999999 0.6892 0.709353125 0.6961546875 0.709353125 0.698471875 0.7062625 0.7031078125 0.7062625 0.7054265625 0.7031703125 0.7146984375 0.7031703125 0.7158578125 0.704715625 0.7158578125 0.7108984375 0.7170171875 0.71244375 0.7193343750000001 0.71244375 0.721653125 0.7155343750000001 0.7309249999999999 0.7155343750000001 0.732084375 0.7139890624999999 0.73324375 0.71244375 0.744834375 0.71244375 0.7459921875 0.7108984375 0.7459921875 0.7078078125 0.7483109375 0.704715625 0.7483109375 0.701625 0.752946875 0.69544375 0.752946875 0.692353125 0.755265625 0.6892625 0.755265625 0.6799906250000001 0.7554921875 0.6796875 0.6854953125 0.6796875 0.685721875 0.6799906250000001 0.685721875 0.6892625 0.6822453125 0.6938984375 0.6799265625 0.6908078125 0.6776093750000001 0.6908078125 0.67645 0.692353125