6 0.12090937500000001 0 0 0.41266406250000004 0 0.878065625 0.421540625 0.9722406250000001 0.8651406250000001 0.9438140625000001 0.9933640625000001 0.5061875 0.998565625 0.059140625 0.7338484375000001 0 0.12090937500000001 0
22 0.46864062500000003 0 0.4505828125 0.04519375 0.455121875 0.131765625 0.43907656250000004 0.21374062500000002 0.4517734375 0.2486609375 0.501378125 0.2903 0.5233156250000001 0.29367343749999997 0.54319375 0.2904734375 0.56501875 0.2602109375 0.5855453125000001 0.24799218750000002 0.6398890625 0.23263124999999998 0.6832734375 0.1934328125 0.7597671874999999 0.1432953125 0.8071421875 0.1279046875 0.787878125 0.0609609375 0.7601578124999999 0.005878125 0.730703125 0 0.46864062500000003 0
22 0 0.759103125 0.035303125000000005 0.751475 0.07093437500000001 0.731934375 0.09648124999999999 0.746809375 0.13096875 0.69034375 0.1732421875 0.6753421875 0.2113171875 0.6746828125000001 0.2308125 0.6591750000000001 0.2506328125 0.6391578124999999 0.2769859375 0.59004375 0.31467812500000003 0.5770765625000001 0.31863437499999997 0.5397624999999999 0.3247625 0.542659375 0.32191562500000004 0.555775 0.340246875 0.5476468750000001 0.3379171875 0.562403125 0.3623765625 0.557175 0.36608593749999996 0.49688906250000003 0.40954687500000003 0.43020625 0.4270015625 0.363825 0.42734843749999996 0.31501250000000003 0.41106718750000004 0.22428906249999997 0.394875 0.211503125 0.3753796875 0.227009375 0.36239374999999996 0.257721875 0.3503265625 0.25808125 0.3299109375 0.30393906249999997 0.28542812500000003 0.21760937500000002 0.2447203125 0.1932375 0.2109265625 0.15207500000000002 0.13718593750000002 0.11115468749999999 0.09008125 0.105215625 0 0.41266406250000004 0 0.759103125
22 0.15363906249999998 0.9123609374999999 0.3496 0.9546125 0.35844062499999996 0.9550625 0.3682546875 0.941975 0.3898703125 0.949859375 0.42601562499999995 0.9319609375000001 0.4329296875 0.9151718750000001 0.431784375 0.878246875 0.394615625 0.743134375 0.35612656249999997 0.670365625 0.3531125 0.6330250000000001 0.3229828125 0.62018125 0.2674171875 0.6261015624999999 0.2282921875 0.6677796875 0.20549218749999998 0.7115765625 0.1505671875 0.858203125 0.1454484375 0.9028937499999999 0.15363906249999998 0.9123609374999999
22 0.610196875 0.9601515624999999 0.8646843750000001 0.9438421874999999 0.9064500000000001 0.7994234375 0.8772734375000001 0.8173515625000001 0.8406890625000001 0.806121875 0.83393125 0.7679453125 0.791353125 0.743153125 0.6846515625 0.80793125 0.63066875 0.8799015625 0.610196875 0.9601515624999999
22 0.8750515625 0.6105953125 0.8491921874999999 0.70565625 0.8548625 0.7237312499999999 0.8666046875 0.7278796875 0.84594375 0.750765625 0.8379218749999999 0.7917546875 0.8508859375 0.8053437499999999 0.8840515625 0.811225 0.908646875 0.79533125 0.993390625 0.503959375 0.9950921875000001 0.35763124999999996 0.9867453125000001 0.36206875 0.974925 0.3853984375 0.9630484375 0.3919125 0.9642703125000001 0.401353125 0.9392171875 0.43242343749999995 0.9284062499999999 0.50334375 0.8895265625000001 0.5679937500000001 0.8750515625 0.6105953125
22 0.500203125 0.44740624999999995 0.49619375000000004 0.46790000000000004 0.5018078125 0.46915312499999995 0.5051687499999999 0.45768125 0.5268609375 0.43808125000000003 0.5689093749999999 0.35580625 0.5996328125 0.3428078125 0.6394656249999999 0.308928125 0.673090625 0.29963281249999996 0.713671875 0.18494375000000002 0.6970203125000001 0.1873359375 0.628203125 0.24529687500000003 0.5728296875 0.25737187499999997 0.5606296875 0.2683953125 0.52839375 0.3375859375 0.5155203125 0.4019375 0.5202953124999999 0.40605624999999995 0.509446875 0.4158578125 0.500203125 0.44740624999999995
22 0.797953125 0.176271875 0.7775624999999999 0.177828125 0.7576265624999999 0.164209375 0.7523953125 0.1752609375 0.74084375 0.17726406249999999 0.705515625 0.23659687499999998 0.6946484374999999 0.2907 0.7079375 0.2997796875 0.7645328124999999 0.29714375 0.7630640625 0.26473125 0.7798484375 0.251675 0.8035234375 0.26613125000000004 0.8040968749999999 0.28459375 0.83178125 0.2785578125 0.8432000000000001 0.28721718749999997 0.8459687499999999 0.3015875 0.8227874999999999 0.333075 0.849421875 0.36805625000000003 0.8592140625000001 0.399271875 0.8579140625000001 0.41731562499999997 0.8453890625 0.43285156249999995 0.8430593749999999 0.44761093750000003 0.8573000000000001 0.487459375 0.8446953125000001 0.5304781249999999 0.86715 0.53549375 0.9192406249999999 0.507409375 0.9379953125 0.42298437499999997 0.9653218750000001 0.36033593750000004 0.9170953125000001 0.273171875 0.8803984375 0.228303125 0.8616859375000001 0.2241234375 0.8481296875 0.23637187499999998 0.8394234375 0.2252609375 0.8204437499999999 0.2424109375 0.8044421875 0.2357796875 0.8036234375 0.194346875 0.8147390624999999 0.163215625 0.8084187500000001 0.1541640625 0.788540625 0.15736250000000002 0.8013140625 0.1648015625 0.797953125 0.176271875
22 0.12126406249999999 0 0.100165625 0.0707984375 0.1027421875 0.07901406250000001 0.1522328125 0.087015625 0.15402812500000002 0.11491718749999999 0.2120921875 0.1446953125 0.263384375 0.030871875 0.27242968749999996 0 0.12126406249999999 0
16 0.43556875 0.130453125 0.43488437500000005 0.078353125 0.42489999999999994 0.040984375 0.4016828125 0.011351562499999999 0.37632656249999996 0.00263125 0.329334375 0.030328125 0.2771671875 0.085896875 0.224540625 0.15664375 0.3129015625 0.24972031249999999 0.3540125 0.24209999999999998 0.3979109375 0.20454374999999997 0.42800625 0.15626562500000002 0.43556875 0.130453125
13 0.8750515625 0.6105953125 0.8483515625000001 0.7085234375 0.8620218749999999 0.7299109374999999 0.84594375 0.750765625 0.8379218749999999 0.7917546875 0.85275625 0.8057624999999999 0.8840515625 0.811225 0.908646875 0.79533125 0.993390625 0.503959375 0.9950703125 0.3595640625 0.9799671875 0.368190625 0.974925 0.3853984375 0.9657609375 0.3894625 0.9642703125000001 0.401353125 0.9427703125000001 0.42710468749999997 0.9284062499999999 0.50334375 0.8895265625000001 0.5679937500000001 0.8750515625 0.6105953125
13 0 0.758565625 0.035303125000000005 0.751475 0.0800984375 0.7278703125 0.09648124999999999 0.746809375 0.12147656250000001 0.69891875 0.1336796875 0.68789375 0.1732421875 0.6753421875 0.18015625 0.658553125 0.1805375 0.6708624999999999 0.19583124999999998 0.6696953125 0.1895125 0.66064375 0.21215625 0.671815625 0.2216484375 0.6632390625 0.21584374999999997 0.6558296875 0.226553125 0.6566984375 0.25315468750000003 0.6305546875 0.27511562500000003 0.5896265625 0.29957500000000004 0.5843953125 0.3161671875 0.5651843750000001 0.31922656250000003 0.5139218750000001 0.307046875 0.4806421875 0.30989218749999997 0.4675296875 0.2988546875 0.471175 0.27409218750000003 0.4366140625 0.287975 0.41985312500000005 0.287515625 0.435028125 0.295325 0.4321890625 0.2986859375 0.42071875 0.29307343750000003 0.4194640625 0.302371875 0.4047375 0.3178578125 0.40972187499999996 0.3328703125 0.3244625 0.3208234375 0.2805203125 0.28542812500000003 0.21760937500000002 0.2476203125 0.1969421875 0.2080234375 0.1483703125 0.0947984375 0.0925171875 0 0.414190625 0 0.758565625
13 0 0.8765390625 0.132025 0.904478125 0.1508921875 0.8536906249999999 0.1469953125 0.9078234374999999 0.3552140625 0.955865625 0.4111015625 0.9454343749999999 0.476884375 0.894434375 0.4669 0.857065625 0.4452859375 0.84918125 0.43310468750000003 0.8159015625 0.41748593749999996 0.82158125 0.394615625 0.743134375 0.3571578125 0.6736515625 0.350209375 0.6293203125 0.28916718750000003 0.6233203125 0.29065625 0.61143125 0.304728125 0.6008265625 0.352540625 0.6145609375000001 0.3630609375 0.609275 0.35758125 0.5973546875 0.306409375 0.595090625 0.2282921875 0.6677796875 0.190825 0.7480234375 0.17182187499999999 0.8094765625000001 0.17802968749999998 0.7848890625 0.17423125 0.7672359375 0.1321890625 0.699784375 0.1070015625 0.7415203125 0.0893765625 0.75744375 0.0169734375 0.7596015625 0 0.7655390625 0 0.8765390625