6 0 0 0 0.359375 0.609375 0.359375 0.609375 0.0388671875 0.5657171875 0.009020312499999999 0.5646109375 0 0 0
6 1 0.15014687499999999 0.97255625 0.1383125 0.9470453125 0.11081250000000001 0.9238546875000001 0.12081249999999999 0.909940625 0.11581250000000001 0.8960250000000001 0.0958125 0.8948656250000001 0.1120625 0.8890687500000001 0.1183125 0.8844296875 0.11581250000000001 0.8809515625 0.1120625 0.9018234375 0.0745625 0.8983453125 0.0683125 0.8658765624999999 0.0533125 0.7847078125 0.0708125 0.768475 0.0783125 0.76615625 0.0833125 0.7197734375 0.0783125 0.6989015625 0.09081249999999999 0.65251875 0.0883125 0.6177328125 0.0958125 0.609375 0.0958125 0.609375 0.359375 1 0.359375 1 0.15014687499999999
13 0.74644375 0.1520625 0.732528125 0.1295625 0.7035390625 0.0983125 0.6803484375 0.0883125 0.6548375 0.0883125 0.609375 0.0957375 0.609375 0.359375 0.752971875 0.359375 0.75571875 0.3445625 0.7580390625 0.2970625 0.7649953125 0.2820625 0.7649953125 0.25206249999999997 0.74644375 0.1520625
0 0.609375 1 0.609375 0.359375 0 0.359375 0 1 0.609375 1
1 0.095934375 0.6157734375 0.095934375 0.6041828125 0.0943890625 0.6030234375 0.07584375 0.6030234375 0.072753125 0.60070625 0.05111718750000001 0.60070625 0.049571875 0.6018656250000001 0.049571875 0.6041828125 0.04648125 0.6065015625 0.04648125 0.60881875 0.054207812499999994 0.6146140625000001 0.0696625 0.6146140625000001 0.072753125 0.6169328125 0.0943890625 0.6169328125 0.095934375 0.6157734375
6 1 0.359375 0.609375 0.359375 0.609375 1 1 1 1 0.359375
16 1 0.5435578125 0.9890515625 0.5498624999999999 0.9716390625000001 0.631546875 0.9786046875000001 0.7288718750000001 0.9867296874999999 0.7479890625000001 1 0.7423124999999999 1 0.5435578125
16 0.7998375 0.8644328124999999 0.8369843749999999 0.7879625 0.8218937499999999 0.7584171875 0.8079640625 0.76189375 0.7696562499999999 0.8261968749999999 0.767334375 0.850528125 0.7731390625000001 0.8592187499999999 0.7998375 0.8644328124999999
16 0.8416281250000001 0.37780625 0.8393062499999999 0.3604265625 0.8366359375 0.359375 0.8105781249999999 0.359375 0.7777828125 0.39692343750000003 0.7696562499999999 0.4195171875 0.7859078125 0.42299218749999995 0.8079640625 0.41777968750000005 0.8335015625000001 0.38997187499999997 0.8416281250000001 0.37780625
13 0.609375 0.47081718749999996 0.7429578125 0.43515781249999996 0.8033203125 0.3725921875 0.8109718750000001 0.359375 0.609375 0.359375 0.609375 0.47081718749999996
13 0.8299140625 1 0.8230546875 0.9548062500000001 0.7963546874999999 0.8696453125 0.7568875 0.8522671875000001 0.7220625 0.8557421875 0.6930421875 0.895715625 0.6930421875 0.9235218749999999 0.681434375 0.9548062500000001 0.685746875 1 0.8299140625 1
13 1 0.403984375 0.937975 0.414303125 0.9077937500000001 0.43515781249999996 0.89966875 0.47513125 0.8764515625 0.5272703125 0.9089546875 0.6002640625 0.9205625 0.607215625 1 0.5457890625 1 0.403984375
13 0.8184109375 0.6037390625 0.8184109375 0.6384984375 0.8265359374999999 0.6506640625 0.8393062499999999 0.6489265625 0.9089546875 0.607215625 0.8857390625000001 0.5446500000000001 0.871809375 0.5307453125 0.8381453125 0.4560140625 0.8218937499999999 0.4560140625 0.7963546874999999 0.4803453125 0.7708171875 0.47339374999999995 0.7557265625 0.49251093749999997 0.7452796875 0.5290078125 0.7232234375 0.534221875 0.754565625 0.5463875 0.7708171875 0.5846218750000001 0.8102859375 0.5915734375 0.8184109375 0.6037390625
13 0.681434375 0.6245953125 0.71858125 0.5272703125 0.741796875 0.5133656249999999 0.7174203125 0.47339374999999995 0.6849171875 0.4699171875 0.659378125 0.4907734375 0.609375 0.5047312500000001 0.609375 0.5257046875 0.655896875 0.5655046875 0.641965625 0.5759328125 0.625715625 0.62111875 0.6466093749999999 0.6384984375 0.64893125 0.6628296875 0.681434375 0.6245953125
16 0.8207328125 0.6489265625 0.789390625 0.6124296874999999 0.7429578125 0.61938125 0.719740625 0.5915734375 0.7058109375 0.59505 0.6976859375 0.6141671875 0.7000078125 0.641975 0.72670625 0.6715203125 0.741796875 0.66978125 0.7731390625000001 0.6506640625 0.8102859375 0.66804375 0.8207328125 0.6489265625
13 0.8555578125000001 0.47513125 0.8752906250000001 0.42820625 0.9101156250000001 0.43515781249999996 0.9286890624999999 0.41777968750000005 0.970478125 0.41082656249999994 0.987890625 0.39518593750000003 0.971059375 0.359375 0.9194390625000001 0.359375 0.849753125 0.37606875 0.8242156250000001 0.39692343750000003 0.7951953125 0.45427656250000004 0.8079640625 0.46644218750000005 0.8288578125000001 0.45253750000000004 0.8555578125000001 0.47513125
13 0.8961859375 0.8209828124999999 0.8683265625000001 0.824459375 0.8346625 0.8540046875 0.8346625 0.8887640625 0.8555578125000001 0.9026671875 0.8613609375 0.8939765625 0.88225625 0.9009296875 0.9066328125 0.874859375 0.9089546875 0.8470531250000001 0.8961859375 0.8209828124999999
13 0.9449406249999999 0.7549406249999999 0.8660046875 0.779271875 0.8439484374999999 0.8157703125 0.8416281250000001 0.8366250000000001 0.8485921875000001 0.8366250000000001 0.88225625 0.8175078125 0.9124375 0.8314109375 0.9611921875 0.7862250000000001 0.9600312499999999 0.7705828125 0.9449406249999999 0.7549406249999999