6 0 0.3953859375 0.020515625000000003 0.4008359375 0.062171875 0.369096875 0.088953125 0.4276171875 0.1316015625 0.472246875 0.25359375 0.558534375 0.26153125 0.5506015625 0.2357421875 0.5148953125 0.16036250000000002 0.4573703125 0.208965625 0.4305890625 0.243675 0.38794062500000004 0.21392187499999998 0.33041875 0.3795546875 0.33934375 0.3755890625 0.369096875 0.33492500000000003 0.38199218749999997 0.389471875 0.37703125000000004 0.395425 0.3988515625 0.439065625 0.4067890625 0.45 0.38634843750000003 0.45 0.3556546875 0.4063359375 0.32446406250000004 0.45 0.28765 0.45 0.1294328125 0.4460078125 0.13601875000000002 0.42418750000000005 0.235203125 0.3636875 0.30165312499999997 0.348809375 0.2986796875 0.3626953125 0.276859375 0.352778125 0.2133828125 0.306159375 0.20842187499999998 0.2664890625 0.17271875 0.1772265625 0.135028125 0.16333906250000002 0.0854375 0.10382812500000001 0.099325 0.076059375 0.123125 0.068125 0.0398125 0 0.0361640625 0 0.3953859375
12 0.2568078125 0 0.2754140625 0.05469062500000001 0.26748125 0.08444531250000001 0.2833515625 0.143953125 0.3259953125 0.1985046875 0.3547625 0.2094140625 0.37658125 0.28479375 0.4182390625 0.23718750000000002 0.45 0.1363703125 0.45 0.07851875 0.4122859375 0.0408046875 0.4122859375 0.0050984375 0.41700625 0 0.2568078125 0
6 1 0.1778265625 0.9797812499999999 0.1725578125 0.973003125 0.24060625 0.906346875 0.220190625 0.8939203125 0.1640515625 0.8396921875000001 0.10280937500000001 0.7289765625 0.124925 0.6250375 0.121521875 0.55 0.3573453125 0.6024421875 0.409021875 1 0.41885781250000004 1 0.1778265625
6 0.583315625 1 0.6614265625 0.9018265624999999 0.6707453125 0.8800531250000001 0.6493109375 0.8401328124999999 0.6316046875 0.8292468749999999 0.5300265625 0.842553125 0.4834296875 0.8401328124999999 0.45 0.8675296875 0.45 1 0.583315625 1
6 1 0.8902546875 0.9966125 0.8770640625 0.980715625 0.874484375 0.9568687499999999 0.8951203124999999 0.9389843750000001 0.9441328125 0.933021875 0.9312359375 0.897253125 0.9054390625 0.8873171875000001 0.8899609375 0.857509375 0.892540625 0.8376374999999999 0.8615859374999999 0.8296890625 0.85900625 0.8267078124999999 0.8731937500000001 0.83664375 0.8938312500000001 0.79789375 0.9080187499999999 0.79193125 0.933815625 0.7660984375 0.9467125 0.7402656249999999 0.93639375 0.7044953125 0.9389734375 0.699528125 0.948003125 0.699528125 0.9763781249999999 0.6746875 0.9854062499999999 0.6594781249999999 1 0.9581250000000001 1 0.9717734374999999 0.9763781249999999 0.977734375 0.9583203125 0.973759375 0.92220625 1 0.9136906249999999 1 0.8902546875
13 0.5087578125000001 0.9299453124999999 0.5107437499999999 0.8912515624999999 0.5057765625 0.884803125 0.45 0.892846875 0.45 0.9457515624999999 0.46802031250000004 0.93639375 0.471 0.9505828125000001 0.4630515625 0.9557421875 0.4888859375 0.9634796874999999 0.496834375 0.9583203125 0.5087578125000001 0.9299453124999999
13 0.533596875 0.8564265625 0.5157125 0.8512671875000001 0.5067703125 0.868034375 0.5087578125000001 0.9299453124999999 0.5226671875 0.9376843750000001 0.533596875 0.93639375 0.5504890625 0.9170468749999999 0.5485015625 0.8860921875000001 0.5465140625 0.8731937500000001 0.533596875 0.8564265625
13 0.6061296875 0.9247859375 0.6418984375 0.9118875 0.63295625 0.884803125 0.611096875 0.8770640625 0.5842703124999999 0.888671875 0.5862578125 0.9067296875 0.5961937500000001 0.9247859375 0.6061296875 0.9247859375
13 0.59221875 0.8860921875000001 0.6210328125 0.87964375 0.6220265625 0.8551375 0.615071875 0.8486874999999999 0.5932125 0.853846875 0.5802968749999999 0.878353125 0.5812890625 0.8873828125 0.59221875 0.8860921875000001
13 0.5595125000000001 1 0.5465140625 0.9763781249999999 0.5176999999999999 0.9441328125 0.4849109375 0.9841171875000001 0.47802812499999997 1 0.5595125000000001 1
13 0.74451875 1 0.736290625 0.97766875 0.71244375 0.9725093749999999 0.6617703125000001 0.9970156250000001 0.6622312499999999 1 0.74451875 1
13 0.855521875 0.9054390625 0.8237265624999999 0.8951203124999999 0.792925 0.9144671875 0.792925 0.9376843750000001 0.8088234375000001 0.9841171875000001 0.8197531250000001 0.995725 0.83664375 0.9995953125 0.8674453124999999 0.995725 0.8823484374999999 0.9789578125 0.8843359375000001 0.9609 0.855521875 0.9054390625
13 0.8207734375 1 0.780009375 0.96735 0.76113125 0.9763781249999999 0.7502125000000001 1 0.8207734375 1
13 0.7472203125 0.9944359374999999 0.7651046874999999 0.966059375 0.7601375 0.9441328125 0.71443125 0.93639375 0.7015140625 0.948003125 0.7025078125 0.9750890625 0.7303296875 0.9725093749999999 0.7472203125 0.9944359374999999