6 0 0.5959453124999999 0.0174875 0.597946875 0.068678125 0.5692781250000001 0.3031328125 0.5989718749999999 0.3522734375 0.5621125 0.4003953125 0.4709921875 0.4536328125 0.450515625 0.5 0.4681796875 0.5 0.009340625 0.4925359375 0.0041328125 0.388109375 0.020515625000000003 0.3317984375 0.0972984375 0.3471578125 0.12699218750000002 0.2345359375 0.07784687500000001 0.17925 0.07170625 0.13829843749999998 0.03894375 0.07481875 0.047132812499999996 0.0113421875 0.10241875 0.0185125 0.0788703125 0.0031531249999999997 0.067609375 0 0.06782656249999999 0 0.5959453124999999
14 0.13829843749999998 0.03894375 0.0830125 0.045084374999999996 0.04205625 0.067609375 0.0123671875 0.099346875 0.0041781249999999995 0.1218703125 0.0164640625 0.1730640625 0.024653125 0.2938703125 0.099390625 0.225278125 0.20177343749999999 0.1556578125 0.2816328125 0.13518125 0.30415312499999997 0.139278125 0.32156093750000003 0.1546328125 0.31541562500000003 0.195584375 0.32258437500000003 0.206846875 0.3379390625 0.2017296875 0.3492015625 0.17818125 0.3676328125 0.18022968749999999 0.37070156249999997 0.1689671875 0.3389640625 0.1228953125 0.302109375 0.10241875 0.216109375 0.0737546875 0.175153125 0.07170625 0.13829843749999998 0.03894375
3 0.5394812499999999 0 0.52505 0.01195625 0.510715625 0.0733828125 0.526075 0.080553125 0.722646875 0.101028125 0.75950625 0.0703140625 0.7205984375 0.166553125 0.5588359374999999 0.1808828125 0.5 0.19534374999999998 0.5 0.6890625 1 0.6890625 1 0 0.8367484375 0 0.8004578125 0.02116875 0.8052109375000001 0 0.5394812499999999 0
9 0.604909375 0.5054359374999999 0.6274328125 0.43376562500000004 0.8383359374999999 0.059053125 0.8311718750000001 0.01093125 0.776909375 0.046765625 0.6520015625 0.32319375 0.65405 0.34571718749999997 0.633575 0.36619375 0.586478125 0.47676562499999997 0.529146875 0.5218140625000001 0.5025265625 0.605765625 0.5240265625 0.582221875 0.5363125 0.5986015625000001 0.604909375 0.5054359374999999
7 0.8441515624999999 0 0.8342437500000001 0.0099078125 0.8383359374999999 0.061096874999999995 0.8219578125 0.081571875 0.797384375 0.1389078125 0.8004578125 0.15426562500000002 0.93048125 0.17166874999999998 0.967340625 0.1163828125 0.9857687500000001 0.104096875 0.9898609374999999 0.0570046875 1 0.045175 1 0 0.8441515624999999 0
6 0.5 1 0.5 0.6890625 0.0244375 0.6890625 0.0084890625 0.7200624999999999 0 0.7185109375 0 0.9661406250000001 0.0309765625 1 0.5 1
3 0.0823359375 0.82378125 0.0965953125 0.8130109375 0.11595 0.81705 0.085390625 0.9005265625 0.08844687500000001 0.91264375 0.0976140625 0.913990625 0.11595 0.8682140625000001 0.11595 0.8547499999999999 0.12817343750000001 0.827821875 0.1454890625 0.815703125 0.1607703125 0.7955062500000001 0.16280624999999999 0.7470359375 0.1597515625 0.7322265625 0.1546578125 0.733571875 0.15262031250000002 0.7497296875 0.140396875 0.7685796875 0.138359375 0.7793515625 0.13224843749999998 0.7820437499999999 0.1271546875 0.7968531249999999 0.12410000000000002 0.792815625 0.12410000000000002 0.7766578125 0.142434375 0.73088125 0.15262031250000002 0.7228015625 0.1546578125 0.701259375 0.159690625 0.6890625 0.137309375 0.6890625 0.11187499999999999 0.7605000000000001 0.10372656250000001 0.7766578125 0.08437343750000001 0.79146875 0.0792796875 0.8035859375 0.0772421875 0.81705 0.0823359375 0.82378125
13 0.4786359375 1 0.49080312499999995 0.9651546874999999 0.5 0.9514781250000001 0.5 0.909959375 0.4999703125 0.9099515625000001 0.49080312499999995 0.8924484375 0.49080312499999995 0.8709046875 0.4969140625 0.857440625 0.4969140625 0.827821875 0.5 0.8244234374999999 0.5 0.6890625 0.47718437500000005 0.6890625 0.49080312499999995 0.7120296875000001 0.49080312499999995 0.7254937499999999 0.48571093750000005 0.729534375 0.4795984375 0.726840625 0.4529875 0.6890625 0.424540625 0.6890625 0.4215375 0.7228015625 0.4357984375 0.7578078125000001 0.4357984375 0.7739640624999999 0.42968593750000006 0.792815625 0.43376093750000005 0.8385921875 0.4225546875 0.8587875 0.4062578125 0.869559375 0.395053125 0.8843687499999999 0.388940625 0.895140625 0.3848671875 0.92206875 0.4215375 0.981309375 0.4297859375 1 0.4786359375 1
3 0.0568703125 0.7847359375 0.0507578125 0.7793515625 0.0466828125 0.76319375 0.05483281250000001 0.73088125 0.0741859375 0.7079921875 0.0996515625 0.698565625 0.10085 0.6890625 0.041049999999999996 0.6890625 0.040571875 0.6904874999999999 0.034459375 0.720109375 0.038534374999999996 0.7739640624999999 0.0497390625 0.7941609374999999 0.0568703125 0.792815625 0.0568703125 0.7847359375
13 0.11675312499999999 1 0.1098375 0.9840031249999999 0.11085624999999999 0.9691921875 0.1556765625 0.9718859375 0.1607703125 0.9678453125 0.1587328125 0.9543828124999999 0.1454890625 0.9395718750000001 0.1251171875 0.9341859375 0.0782609375 0.9072578124999999 0.0497390625 0.904565625 0.041590625 0.8991796875 0.029367187500000003 0.9072578124999999 0.0263109375 0.911296875 0.0283484375 0.916684375 0.033440625 0.9099515625000001 0.034459375 0.92206875 0.040571875 0.9328390625 0.034459375 0.948996875 0.038534374999999996 0.9624609375000001 0.036496875 0.99208125 0.0481640625 1 0.11675312499999999 1
13 0.3777359375 0.9153375 0.3828296875 0.913990625 0.39709062500000003 0.8789843749999999 0.41848124999999997 0.86148125 0.43376093750000005 0.8385921875 0.42968593750000006 0.7982 0.4357984375 0.7793515625 0.4357984375 0.7605000000000001 0.4215375 0.720109375 0.42466875000000004 0.6890625 0.3168796875 0.6890625 0.26874375 0.8089703125 0.26466875 0.8305140625 0.286059375 0.834553125 0.31865625 0.853403125 0.343103125 0.8749453125000001 0.3777359375 0.9153375
6 1 0.9831609374999999 0.9929203125000001 0.9839859375 0.9888453125 0.9685406249999999 0.982734375 0.9901671875 0.9745828124999999 0.9870765625000001 0.9694875 0.9453640625 0.9419828125 0.8943843749999999 0.9236421874999999 0.89129375 0.91345625 0.912921875 0.8798343750000001 0.86503125 0.8971562499999999 0.8634859374999999 0.8940984375 0.846490625 0.9368874999999999 0.800146875 0.8843171875 0.6890625 0.8466359375 0.6890625 0.8421390625 0.6966390625 0.7891640625 0.73680625 0.709696875 0.7646140625 0.693396875 0.78933125 0.6669078125000001 0.7955109375 0.6689453125 0.8109578125000001 0.63023125 0.786240625 0.59355625 0.8542156249999999 0.5 0.9631500000000001 0.5 1 0.996034375 1 1 0.9931281249999999 1 0.9831609374999999