6 0 0 0 0.583325 0.021692187499999998 0.630134375 0.036834375 0.617321875 0.029843750000000002 0.5823765625 0.0461515625 0.5870375 0.0718171875 0.6390625 0.3890625 0.6390625 0.3890625 0 0 0
6 0.597459375 0 0.5553250000000001 0.0530203125 0.544353125 0.185978125 0.5155515625 0.2005203125 0.485378125 0.14442656250000002 0.4030875 0.19844062499999998 0.3890625 0.2381234375 0.3890625 0.6283546875 0.5904234374999999 0.6390625 1 0.6390625 1 0.078390625 0.9393499999999999 0.02185625 0.8471234375 0 0.733328125 0 0.714421875 0.1111890625 0.6581890625 0.11742187500000001 0.6417328125 0.02185625 0.642471875 0 0.597459375 0
13 0.618578125 0.47668906250000004 0.5976375 0.48021250000000004 0.57436875 0.5083984375 0.5511 0.5224875 0.52666875 0.5700484375 0.51038125 0.6228890625 0.52085 0.6352218749999999 0.5411453125000001 0.6390625 0.7177390625 0.6390625 0.7267796875 0.6299359375 0.731434375 0.605278125 0.7151468750000001 0.5770953125 0.69885625 0.5277734374999999 0.68140625 0.504875 0.618578125 0.47668906250000004
13 0.6732609375 0.3798109375 0.6709343750000001 0.3833328125 0.6709343750000001 0.397421875 0.6732609375 0.40446875000000004 0.679078125 0.4097546875 0.691875 0.4079921875 0.695365625 0.40623125 0.702346875 0.3921421875 0.732596875 0.3921421875 0.739578125 0.3850953125 0.7512109375 0.381571875 0.761684375 0.369240625 0.766334375 0.35867031250000003 0.766334375 0.34458125 0.7640109374999999 0.3410578125 0.7640109374999999 0.3093515625 0.7605203125 0.30054375 0.755865625 0.2970203125 0.6860609375 0.30054375 0.6755875 0.312875 0.6732609375 0.319921875 0.6732609375 0.3798109375
13 0.83614375 0.351628125 0.8815171875000001 0.3287265625 0.91293125 0.2424171875 0.91293125 0.2353703125 0.903621875 0.2283234375 0.9152546875 0.221278125 0.91293125 0.20366562500000002 0.9222359375 0.19661875 0.9222359375 0.17547812499999998 0.8861718749999999 0.1420109375 0.86988125 0.13496406249999998 0.8442859374999999 0.13496406249999998 0.8186890625000001 0.1490578125 0.8082203124999999 0.1613890625 0.79193125 0.3304875 0.8163625 0.34986562499999996 0.83614375 0.351628125
13 0.8896625 0.38685625 0.8943125000000001 0.40446875000000004 0.9001312499999999 0.413278125 0.9140937499999999 0.413278125 0.9292171874999999 0.4220859375 0.9420140625 0.4168015625 0.9652828124999999 0.39918437500000004 0.9687734375 0.393903125 0.9664453125 0.38685625 0.9664453125 0.369240625 0.9734281250000001 0.3551515625 0.9711000000000001 0.34458125 0.9350359375 0.2970203125 0.9280546875000001 0.2970203125 0.9245625000000001 0.305828125 0.9164187500000001 0.3146375 0.8978046875000001 0.3216796875 0.887334375 0.3340109375 0.887334375 0.369240625 0.8896625 0.3727640625 0.8896625 0.38685625
13 0.5127078125 0.471403125 0.5150359375 0.443221875 0.5022359375 0.4344125 0.4580265625 0.45907656250000006 0.43708437499999997 0.45907656250000006 0.40799843750000003 0.4396984375 0.4184671875 0.4027078125 0.3951984375 0.40623125 0.3890625 0.4155234375 0.3890625 0.6169390625 0.44406249999999997 0.5929453125 0.460353125 0.5718109375 0.5161984375 0.5330578125 0.524340625 0.5136796875 0.524340625 0.49254375 0.5127078125 0.471403125
6 0.3890625 1 0.3890625 0.6390625 0 0.6390625 0 1 0.3890625 1
6 1 0.6390625 0.3890625 0.6390625 0.3890625 1 1 1 1 0.6390625
16 0.616271875 1 0.6346171875 0.9713484375 0.6439046875 0.9492406250000001 0.6798921874999999 0.900290625 0.7402578125 0.8434453124999999 0.7727609375 0.8276546874999999 0.79481875 0.797653125 0.8064265625000001 0.7597578125 0.8041046875 0.73765 0.7483828124999999 0.6586984375 0.7463203125 0.6390625 0.6565234375 0.6390625 0.6392609375 0.6650140625 0.6369390625 0.677646875 0.609078125 0.731334375 0.5800562499999999 0.770809375 0.5475515625 0.8023906249999999 0.5104031250000001 0.8244984375 0.48950781250000003 0.856078125 0.45932500000000004 0.8845000000000001 0.408246875 0.9539796875000001 0.4024421875 0.9555578125 0.3890625 0.9838687500000001 0.3890625 1 0.616271875 1
16 0.8541828125 1 0.8865265625 0.9824015625 0.8992968749999999 0.9681906250000001 0.8992968749999999 0.9113453125 0.89233125 0.87660625 0.89233125 0.82291875 0.8842062500000001 0.8087078125 0.8168749999999999 0.7834421875 0.8029437500000001 0.7834421875 0.7774046875 0.8276546874999999 0.75883125 0.8402890624999999 0.7449 0.8434453124999999 0.703109375 0.8813437499999999 0.6659609375 0.9223984375000001 0.6485484375 0.9492406250000001 0.6369390625 0.9745062499999999 0.639021875 1 0.808953125 1 0.814553125 0.991875 0.8191968749999999 0.9887171875 0.8482265625000001 1 0.8541828125 1
16 0.9167093749999999 0.8434453124999999 0.9004578125 0.8434453124999999 0.8946531249999999 0.8481828124999999 0.89233125 0.8639734375 0.8992968749999999 0.8923953125 0.8992968749999999 0.9460843750000001 0.903940625 0.9745062499999999 0.9074234375 0.97924375 0.9294796875 0.980821875 0.9561796875 0.9571359375 0.957340625 0.9460843750000001 0.9271578125 0.8545 0.9167093749999999 0.8434453124999999