6 0.5576171875 0 0.4716796875 0.1435546875 0.4345703125 0.1142578125 0.4052734375 0.10839687499999999 0.3759765625 0.123046875 0.3623046875 0.146484375 0.3017578125 0.0703125 0.2373046875 0.0263671875 0.1875 0.054200000000000005 0.1796890625 0.071778125 0.1796890625 0.095215625 0.2177734375 0.1640625 0.2802734375 0.2109375 0.3251953125 0.219728125 0.33203125 0.24169999999999997 0.3125 0.32959062499999997 0.1845703125 0.45703281249999994 0.17578125 0.47900468749999997 0.177734375 0.5083 0.193359375 0.5522453125 0.2490234375 0.6328125 0.2939453125 0.6533203125 0.3017578125 0.6328125 0.30859375 0.634278125 0.34765625 0.798340625 0.384765625 0.8715828125 0.37890625 0.938965625 0.3916015625 0.9873046875 0.4189453125 0.9960953124999999 0.6142578125 0.9960953124999999 0.6318359375 0.978515625 0.626953125 0.9946296875 0.6416015625 0.9960953124999999 0.6748046875 0.9638671875 0.6845703125 0.9873046875 0.7001953125 0.9931656249999999 0.7705078125 0.9960953124999999 0.7978515625 0.9697281249999999 0.8076171875 0.9960953124999999 0.822265625 0.9975578125 0.8203140624999999 0.8862296875 0.806640625 0.8774421875 0.8291015625 0.8642578125 0.828125 0.9243171875 0.8447265625 0.931640625 0.888671875 0.8715828125 0.89453125 0.845215625 0.8916015625 0.8320328124999999 0.8828140624999999 0.8334953125 0.880859375 0.8129875 0.923828125 0.7456046875 0.953125 0.6752921875 0.966796875 0.6254875 0.970703125 0.540528125 0.9765640624999999 0.537596875 0.98046875 0.5112296875 0.96875 0.37353437500000003 0.94921875 0.30615312499999997 0.9013671875 0.2109375 0.8583984375 0.1611328125 0.7958984375 0.1201171875 0.7373046875 0.10547031250000001 0.6630859375 0.1142578125 0.6484390624999999 0.057129687500000005 0.6064453125 0 0.5576171875 0
3 0.875 0.46435468750000003 0.875 0.37939531249999997 0.8662109375 0.336915625 0.8212890625 0.328125 0.7705078125 0.345703125 0.6689453125 0.3544921875 0.6162109375 0.3720703125 0.6015640624999999 0.39111250000000003 0.59765625 0.5112296875 0.6142578125 0.5507828124999999 0.7724609375 0.6064453125 0.7919921875 0.6210953124999999 0.85546875 0.6284171875 0.865234375 0.5961921875 0.875 0.46435468750000003
3 0.8076171875 0.328125 0.8603515625 0.3310546875 0.87109375 0.34130781250000003 0.876953125 0.39990312499999997 0.873046875 0.5463875 0.859375 0.631346875 0.8828140624999999 0.6606453125 0.888671875 0.7075203125 0.8466796875 0.796875 0.794921875 0.821778125 0.8076171875 0.873046875 0.8837890625 0.8085953124999999 0.921875 0.751465625 0.955078125 0.6723625 0.978515625 0.5581046875 0.978515625 0.42919999999999997 0.9609390624999999 0.33837968749999997 0.935546875 0.27099531250000003 0.8681640625 0.169921875 0.8212890625 0.131834375 0.7763671875 0.111328125 0.6767578125 0.111328125 0.5927734375 0.158203125 0.5556640625 0.1992203125 0.515625 0.26220781249999997 0.49218906249999994 0.32080000000000003 0.466796875 0.42334062499999997 0.466796875 0.584471875 0.505859375 0.728028125 0.5458984375 0.796875 0.5869140625 0.84375 0.6513671875 0.884765625 0.6875 0.892090625 0.7001953125 0.8701171875 0.6787109375 0.861328125 0.6552734375 0.8203125 0.6123046875 0.7939453125 0.6015640624999999 0.7690421875 0.611328125 0.7133796875 0.587890625 0.6723625 0.595703125 0.663575 0.595703125 0.6049796875 0.61328125 0.5668953125 0.59375 0.49072187500000003 0.595703125 0.41747968750000003 0.6064453125 0.3779296875 0.6845703125 0.342771875 0.7900390625 0.3398453125 0.8076171875 0.328125
3 0.310546875 0.5991203125 0.3125 0.48486250000000003 0.33984375 0.40283281249999997 0.36328125 0.35595781249999997 0.3271484375 0.3251953125 0.3154296875 0.3251953125 0.2158203125 0.43066562499999994 0.2021484375 0.43652187500000006 0.17578125 0.47607499999999997 0.177734375 0.5112296875 0.19921875 0.563965625 0.2177734375 0.580078125 0.2451171875 0.626953125 0.2626953125 0.6416031249999999 0.287109375 0.6430671875 0.310546875 0.5991203125
3 0.654296875 0.9067375 0.6416015625 0.884765625 0.5732421875 0.8349593750000001 0.5224609375 0.767578125 0.4677734375 0.720703125 0.4443359375 0.7265625 0.421875 0.757325 0.3984390625 0.8129875 0.3828140625 0.8803703125 0.380859375 0.9565421875 0.3935546875 0.990234375 0.4228515625 0.9990218750000001 0.609375 0.9975578125 0.658203125 0.9331046875 0.654296875 0.9067375
3 0.5576171875 0 0.47265625 0.142090625 0.453125 0.180175 0.44921875 0.21240312499999997 0.46093906249999994 0.25927812499999997 0.478515625 0.26220781249999997 0.5146484375 0.2578125 0.580078125 0.1684578125 0.55859375 0.1127921875 0.5615234375 0.0820328125 0.57421875 0.0805671875 0.5869140625 0.158203125 0.6640640624999999 0.1127921875 0.650390625 0.0629875 0.6201171875 0.0117203125 0.6083984375 0 0.5576171875 0
3 0.376953125 0.28564531249999997 0.3349609375 0.2314453125 0.314453125 0.32372968750000003 0.3251953125 0.319334375 0.365234375 0.35009687500000003 0.376953125 0.28564531249999997
3 0.3857421875 0.1142578125 0.36328125 0.14795 0.38671875 0.188965625 0.408203125 0.27685468750000003 0.43359375 0.28857499999999997 0.462890625 0.26513749999999997 0.451171875 0.22997968750000003 0.44921875 0.188965625 0.46875 0.1450203125 0.4267578125 0.111328125 0.3857421875 0.1142578125
3 0.828125 0.9975578125 0.767578125 0.725096875 0.775390625 0.6137703125 0.7158203125 0.591796875 0.728515625 0.657715625 0.75 0.7192375 0.802734375 0.9887703125 0.8076171875 0.9990218750000001 0.828125 0.9975578125
3 0.767578125 0.836425 0.7646484375 0.8085953124999999 0.7138671875 0.8642578125 0.619140625 0.9975578125 0.642578125 0.9975578125 0.767578125 0.836425
3 0.8720703125 0.6533203125 0.8369140625 0.650390625 0.78515625 0.71045 0.77734375 0.7309578125 0.77734375 0.7661125 0.78515625 0.798340625 0.796875 0.8042 0.8330078125 0.7998046875 0.859375 0.7661125 0.8828140624999999 0.704590625 0.8828140624999999 0.6752921875 0.8720703125 0.6533203125
13 0.3037109375 0.0703125 0.2314453125 0.0234375 0.2275390625 0.0351578125 0.2060546875 0.038084375 0.181640625 0.0629875 0.1796890625 0.0981453125 0.19140625 0.1245125 0.2412109375 0.1875 0.2861328125 0.2138671875 0.3310546875 0.2226578125 0.37890625 0.28564531249999997 0.3671890625 0.35302812499999997 0.341796875 0.39990312499999997 0.30859375 0.5200203125 0.310546875 0.6518546875 0.32421875 0.7163078125 0.353515625 0.8100578125 0.3603515625 0.8203125 0.373046875 0.818846875 0.3994140625 0.796875 0.421875 0.751465625 0.4482421875 0.720703125 0.4697265625 0.7177718750000001 0.4853515625 0.732421875 0.5 0.728028125 0.46484375 0.587403125 0.46093906249999994 0.45849531250000003 0.470703125 0.38818281250000003 0.51171875 0.26220781249999997 0.4755859375 0.263671875 0.4365234375 0.290040625 0.4091796875 0.28125 0.384765625 0.186034375 0.3583984375 0.140625 0.3037109375 0.0703125
13 0.822265625 0.8833 0.8115234375 0.873046875 0.806640625 0.8803703125 0.810546875 0.912596875 0.822265625 0.9331046875 0.822265625 0.8833
13 0.6640640624999999 0.930175 0.685546875 0.89795 0.6494140625 0.8876953125 0.658203125 0.9272453125 0.6640640624999999 0.930175
13 0.7802734375 0.8876953125 0.7275390625 0.896484375 0.673828125 0.962403125 0.677734375 0.9799796875 0.6962890625 0.9990218750000001 0.775390625 0.9975578125 0.796875 0.9711921875 0.7802734375 0.8876953125