6 1 0.3892421875 0.8977171875 0.062775 0.4430328125 0.030979687500000002 0.0089484375 0.1022828125 0.048728125 0.5569671875 0.18752968750000001 1 0.8755421875 1 1 0.9795562500000001 1 0.3892421875
22 0.4694625 0.366709375 0.4849046875 0.356546875 0.48657500000000004 0.3211984375 0.4974265625 0.3026421875 0.5358625 0.2688796875 0.55115625 0.21756718749999998 0.5889656249999999 0.14425625 0.62133125 0.113015625 0.566340625 0.059524999999999995 0.5354109375 0.037439062499999995 0.449384375 0.0314234375 0.2590078125 0.0673078125 0.25169687500000004 0.1096828125 0.2642796875 0.168615625 0.31769375 0.24524062500000002 0.3505984375 0.3252359375 0.381584375 0.35216875000000003 0.448475 0.37168125 0.4694625 0.366709375
22 0.3834125 0.8398625 0.4161140625 0.8253421875000001 0.42419062500000004 0.8041890625000001 0.4299734375 0.7788390625 0.42480312500000006 0.724790625 0.45014062499999996 0.6992796875 0.43225468749999996 0.6640906249999999 0.439234375 0.6644703125 0.44425781249999996 0.677371875 0.45553906250000004 0.6633171875 0.46194687500000003 0.6775140625 0.4802109375 0.663840625 0.4489828125 0.6079687500000001 0.44863749999999997 0.5317765624999999 0.4258703125 0.46536718749999995 0.398278125 0.42110000000000003 0.3322890625 0.3450171875 0.310915625 0.3393765625 0.30283906250000003 0.360528125 0.30910625 0.39304843749999996 0.2988265625 0.3977875 0.30729531250000003 0.4467203125 0.2193140625 0.3849234375 0.1700203125 0.377771875 0.1171375 0.3529078125 0.03 0.3429078125 0.048728125 0.5569671875 0.1671234375 0.9348640625 0.2203421875 0.976446875 0.26820468750000004 0.988409375 0.307071875 0.9591515625 0.3268625 0.92845 0.35755781249999996 0.932559375 0.3552546875 0.8688859375 0.3834125 0.8398625
22 0.7348859375 1 0.74966875 0.9794734375 0.74608125 0.9617640625 0.7239875 0.9287921875 0.6144859375 0.8202078125 0.5394625 0.7684796875 0.5155046875 0.7358171875 0.48198749999999996 0.7352218749999999 0.4370953125 0.7608953125 0.42691718749999996 0.812890625 0.4321359375 0.8608328125 0.4650125 1 0.7348859375 1
22 1 0.6805984375 0.959190625 0.6751359375 0.903503125 0.772734375 0.8977281250000001 0.8575546875000001 0.9437390625000001 0.98876875 1 0.9791578124999999 1 0.6805984375
22 1 0.39116875 0.9432124999999999 0.21111718750000003 0.9111859375 0.259078125 0.9142468750000001 0.28449843750000003 0.9076515625000001 0.2947328125 0.9141078125 0.302821875 0.9100953125 0.3400796875 0.941228125 0.408165625 0.9443921874999999 0.48084375 0.9561609375 0.5246609375 0.9880140624999999 0.6200765625 1 0.6312890624999999 1 0.39116875
22 0.5372312499999999 0.5141765625 0.5454578125 0.5341750000000001 0.5510531249999999 0.53325625 0.5474171875 0.5216515625 0.5550640625 0.4959953125 0.54458125 0.4062203125 0.5638468750000001 0.38323125 0.57909375 0.338028125 0.602996875 0.31732499999999997 0.5727156250000001 0.19877499999999998 0.5596171875 0.2070265625 0.5329484375 0.28460625 0.4917375 0.31577500000000003 0.48743749999999997 0.33020625 0.4989671875 0.4045609375 0.5245562500000001 0.46745937499999995 0.531059375 0.46943906249999995 0.527234375 0.4822671875 0.5372312499999999 0.5141765625
22 0.6409875 0.1601109375 0.624159375 0.16897500000000001 0.5990578125 0.16394999999999998 0.6008281249999999 0.17585781250000002 0.5919359375 0.18189375000000002 0.595146875 0.248465625 0.616621875 0.30136250000000003 0.6333562500000001 0.3047140625 0.6810203125000001 0.281634375 0.6612234375 0.2528609375 0.6683453125 0.2349171875 0.6971765624999999 0.23933125 0.7082234374999999 0.255815625 0.7288281249999999 0.2402328125 0.743696875 0.2438890625 0.7543140625 0.255871875 0.7521671875 0.292821875 0.795296875 0.3147125 0.8216421875 0.3393609375 0.8308249999999999 0.3561515625 0.8288203125000001 0.3747796875 0.8352281250000001 0.388978125 0.8703734375 0.41980312499999994 0.8840046875 0.4633140625 0.9063796875 0.45963750000000003 0.9355890625000001 0.41519218750000003 0.9036406250000001 0.3319921875 0.89158125 0.265346875 0.799871875 0.2041640625 0.7423515625 0.17701093750000002 0.7237046874999999 0.180075 0.718925 0.1961078125 0.7050125 0.1892453125 0.698321875 0.21169375 0.6806296875 0.21155 0.6562421875 0.17438125 0.6481109375 0.1421671875 0.637446875 0.1362921875 0.6220046875 0.14645468749999999 0.6373515624999999 0.148509375 0.6409875 0.1601109375
22 0.0276328125 0.3158453125 0.028965625000000002 0.315540625 0.046468749999999996 0.34011562500000003 0.11393281250000001 0.34580781250000003 0.093453125 0.2241234375 0.070734375 0.1516078125 0.0469171875 0.1006203125 0.0092328125 0.10553125000000001 0.0276328125 0.3158453125
16 0.29995625000000004 0.251203125 0.26959062500000003 0.2043421875 0.2395609375 0.17420156250000002 0.20245625 0.155896875 0.17544375 0.157284375 0.1504421875 0.19951406249999998 0.136871875 0.268840625 0.1315765625 0.3520609375 0.261534375 0.4039125 0.292896875 0.38198750000000004 0.3095765625 0.33197343749999997 0.3081359375 0.2773109375 0.29995625000000004 0.251203125
13 1 0.39116875 0.9432124999999999 0.21111718750000003 0.9087953125 0.26709375 0.9142468750000001 0.28449843750000003 0.9086078125 0.291525 0.9141078125 0.302821875 0.9101421875 0.333971875 0.941228125 0.408165625 0.9443921874999999 0.48084375 0.9561609375 0.5246609375 0.9889234374999999 0.622978125 1 0.62956875 1 0.39116875
13 0.3562109375 0.8656796874999999 0.3834125 0.8398625 0.37982343749999997 0.8221515625 0.38718906249999996 0.83314375 0.39981093749999996 0.8264953125 0.3891484375 0.8206203125 0.41520625000000005 0.8224406249999999 0.4185515625 0.811215625 0.40927499999999994 0.8066390625000001 0.41907500000000003 0.8035062500000001 0.42724687499999997 0.7701390625 0.422940625 0.725096875 0.44120156250000003 0.711421875 0.444640625 0.68798125 0.418003125 0.6405078125 0.38840625 0.6148687500000001 0.383384375 0.6019703125 0.375878125 0.6093031250000001 0.3346125 0.5871062499999999 0.33709687499999996 0.566875 0.3453703125 0.5807640625 0.3505328125 0.575340625 0.3468984375 0.5637390625 0.3413046875 0.5646578124999999 0.3409671875 0.5479390625 0.35727031249999996 0.546784375 0.32159375 0.464196875 0.2860171875 0.4288671875 0.2193140625 0.3849234375 0.17465625 0.38006093750000003 0.11249843749999999 0.35061875 0.030171874999999997 0.3448703125 0.0484859375 0.554190625 0.16621406249999998 0.9319640625 0.2157046875 0.9741593749999999 0.2663390625 0.988715625 0.307071875 0.9591515625 0.33250156249999996 0.9214234375 0.35755781249999996 0.932559375 0.351909375 0.8801125000000001 0.3562109375 0.8656796874999999
13 0.7402921874999999 1 0.7444109375 0.9971109374999999 0.7724203125 0.9269375 0.7423921874999999 0.896796875 0.7191078125 0.8975703125000001 0.6895078125 0.8719328125000001 0.6791828125 0.8827796875 0.6144859375 0.8202078125 0.5422359375 0.771075 0.510865625 0.7335281250000001 0.4544015625 0.7504265625000001 0.4489015625 0.73913125 0.45506875 0.7243953125 0.5044562499999999 0.7193296874999999 0.5105765625 0.7107015624999999 0.4990046875 0.7019265625 0.45325 0.7185921875 0.42691718749999996 0.812890625 0.4402203125 0.8991546874999999 0.4588265625 0.9616734375 0.45017031249999995 0.9371703124999999 0.43678125 0.9225953125 0.361709375 0.8769765625 0.36367656249999997 0.923928125 0.3574625 0.9447734375 0.29579062500000003 0.9732031250000001 0.2779578125 0.9913828125 0.23325468749999997 0.992625 0.230275 1 0.7402921874999999 1