22 0.0419921875 0.8085953124999999 0.037109375 0.7778328125 0.046875 0.654784375 0.0029296875 0.6796875 0 0.8012703125 0.0556640625 0.84375 0.0654296875 0.8671875 0.1005859375 0.9052718750000001 0.111328125 0.9038078125 0.13671875 0.889159375 0.140625 0.8305671875 0.1259765625 0.8203125 0.0419921875 0.8085953124999999
22 0 0.194825 0.1064453125 0.131834375 0.1474609375 0.125978125 0.181640625 0.28271562499999997 0.2001953125 0.2373046875 0.2138671875 0.228515625 0.2275390625 0.234375 0.240234375 0.25634687500000003 0.248046875 0.29150468749999997 0.25 0.35888749999999997 0.2939453125 0.342771875 0.3203140625 0.36767500000000003 0.326171875 0.42334062499999997 0.314453125 0.45263749999999997 0.3671890625 0.5053703125 0.388671875 0.5727546875 0.38671875 0.6254875 0.37109375 0.6752921875 0.3486328125 0.7119156249999999 0.3173828125 0.732421875 0.2919921875 0.7353531249999999 0.2685546875 0.7265625 0.2353515625 0.6914078124999999 0.236328125 0.8042 0.2158203125 0.8203125 0.1552734375 0.8203125 0.146484375 0.8276375 0.169921875 0.8598625 0.185546875 0.9272453125 0.2119140625 0.9697281249999999 0.224609375 0.9741203125 0.2451171875 0.9638671875 0.306640625 0.8803703125 0.396484375 0.701659375 0.408203125 0.6372078125 0.439453125 0.569825 0.455078125 0.49365312499999997 0.458984375 0.41162031250000003 0.44531406249999994 0.35595781249999997 0.4912109375 0.3544921875 0.5029296875 0.336915625 0.5302734375 0.336915625 0.583984375 0.26513749999999997 0.591796875 0.22412031250000003 0.6083984375 0.219728125 0.619140625 0.188965625 0.6142578125 0.178709375 0.5791015625 0.1640625 0.5498046875 0.2109375 0.4853515625 0.28125 0.4208984375 0.28125 0.3935546875 0.2578125 0.375 0.22705000000000003 0.3544921875 0.155271875 0.3232421875 0.1875 0.1455078125 0.008790625 0.1044921875 0 0.0908203125 0.0351578125 0.0498046875 0.0351578125 0 0.0834953125 0 0.194825
6 0 0 0 1 1 1 1 0 0 0
9 0.712890625 0.681153125 0.6845703125 0.6416031249999999 0.6357421875 0.5976578124999999 0.6044921875 0.5830078125 0.5888671875 0.5830078125 0.576171875 0.5991203125 0.568359375 0.6167 0.57421875 0.648925 0.6181640625 0.7148453124999999 0.6689453125 0.7617203124999999 0.7109390624999999 0.771971875 0.72265625 0.7661125 0.732421875 0.728028125 0.712890625 0.681153125
9 0.2822265625 0.7294921875 0.3125 0.7309578125 0.3388671875 0.7177718750000001 0.361328125 0.6899421875 0.38671875 0.6137703125 0.38671875 0.5727546875 0.365234375 0.5083 0.3447265625 0.48339687500000006 0.3076171875 0.45703281249999994 0.2666015625 0.45703281249999994 0.2392578125 0.47754062499999994 0.22265625 0.5053703125 0.212890625 0.537596875 0.216796875 0.60205 0.2265640625 0.631346875 0.228515625 0.6665046875 0.2509765625 0.7060546875 0.2822265625 0.7294921875
9 0.384765625 0.1918953125 0.3828140625 0.1450203125 0.4052734375 0.084959375 0.458984375 0.051270312500000005 0.455078125 0.0161125 0.4345703125 0.0117203125 0.3955078125 0.0351578125 0.37109375 0.0776375 0.359375 0.1215828125 0.359375 0.1713875 0.37109375 0.21533281249999997 0.3994140625 0.2607421875 0.4365234375 0.2841796875 0.46875 0.28271562499999997 0.4951171875 0.2695328125 0.53125 0.22119218749999997 0.544921875 0.1713875 0.544921875 0.1215828125 0.5234390624999999 0.057129687500000005 0.4814453125 0.0205078125 0.48046875 0.0659171875 0.5078140624999999 0.095215625 0.521484375 0.1333 0.51953125 0.1977546875 0.5078140624999999 0.22705000000000003 0.4814453125 0.2548828125 0.4462890625 0.263671875 0.4169921875 0.249021875 0.400390625 0.22997968750000003 0.384765625 0.1918953125
9 1 0.5053703125 0.98046875 0.49072187500000003 0.9609390624999999 0.39697187500000003 0.9482421875 0.375 0.8837890625 0.3076171875 0.8662109375 0.275390625 0.8291015625 0.266603125 0.7607421875 0.328125 0.7109390624999999 0.39404218750000003 0.708984375 0.41455000000000003 0.7392578125 0.474609375 0.78515625 0.46728437500000003 0.787109375 0.48193281250000003 0.76953125 0.5053703125 0.76953125 0.5288078125 0.779296875 0.563965625 0.79296875 0.5668953125 0.8125 0.701659375 0.83984375 0.8071296875 0.8720703125 0.8671875 0.8974609375 0.884765625 0.916015625 0.8833 0.939453125 0.865721875 0.98046875 0.71045 1 0.678221875 1 0.5053703125
12 0.2177734375 0.814453125 0.236328125 0.798340625 0.2265640625 0.648925 0.21484375 0.6049796875 0.20703125 0.5083 0.1982421875 0.4951171875 0.1728515625 0.486328125 0.1240234375 0.48339687500000006 0.0908203125 0.4921875 0.078125 0.5903328125 0.0703140625 0.6167 0.054689062499999996 0.634278125 0.0390640625 0.798340625 0.0693359375 0.814453125 0.185546875 0.8159171875 0.2177734375 0.814453125
12 0.2421890625 0.26513749999999997 0.2236328125 0.2314453125 0.2060546875 0.2314453125 0.19921875 0.24169999999999997 0.1875 0.28857499999999997 0.1875 0.31787031250000003 0.20703125 0.39111250000000003 0.203125 0.49658281249999997 0.21484375 0.52295 0.224609375 0.49951249999999997 0.22265625 0.42627031249999997 0.25 0.35302812499999997 0.2421890625 0.26513749999999997
12 0.46093906249999994 0.0981453125 0.4677734375 0.1142578125 0.474609375 0.1127921875 0.48046875 0.0834953125 0.48046875 0.0043953125 0.4560546875 0 0.46093906249999994 0.0981453125
9 0.4638671875 0.5478531249999999 0.416015625 0.6196296875 0.408203125 0.6665046875 0.419921875 0.7397453125 0.4404296875 0.7617203124999999 0.4560546875 0.7587906249999999 0.47656406249999994 0.78955 0.505859375 0.757325 0.51953125 0.7133796875 0.490234375 0.663575 0.50390625 0.6167 0.4638671875 0.5478531249999999