6 0 0 0 0.6296875 0.41875 0.6296875 0.41875 0 0 0
6 1 0.5769031250000001 0.9468703125 0.56486875 0.933315625 0.53425625 0.9107234375000001 0.527453125 0.8960375 0.50534375 0.8870015625000001 0.45432187500000004 0.8576312500000001 0.416903125 0.8531124999999999 0.39309375 0.813578125 0.36418125 0.800021875 0.3607796875 0.7887265625000001 0.3981953125 0.7503203125 0.36758281249999997 0.7299859375 0.36758281249999997 0.6960984375 0.40159687499999996 0.6848015625 0.26213593749999997 0.6746359375 0.2672375 0.6848015625 0.42200625 0.6441375 0.42200625 0.614765625 0.45261874999999996 0.576359375 0.439015625 0.5266578125 0.45942343750000003 0.5300453125 0.416903125 0.5153609375 0.4084 0.49502968750000004 0.469628125 0.452103125 0.469628125 0.41875 0.4932609375 0.41875 0.6296875 1 0.6296875 1 0.5769031250000001
15 0.69045 0.2672375 0.678025 0.258734375 0.6723765625 0.2672375 0.6768953125 0.3386703125 0.683671875 0.41350468749999997 0.69045 0.4203046875 0.697228125 0.399896875 0.69045 0.2672375
15 0.4871203125 0.512146875 0.46452968749999995 0.6175937499999999 0.46854531250000003 0.6296875 0.47019687499999996 0.6296875 0.4871203125 0.6073890625 0.5232671875 0.4577234375 0.5300453125 0.41350468749999997 0.5221390625 0.40499843750000003 0.5097140625 0.416903125 0.4871203125 0.512146875
15 0.4622703125 0.6277984375 0.46728593749999997 0.6296875 0.47206093750000006 0.6296875 0.4916390625 0.59038125 0.5232671875 0.4577234375 0.5266578125 0.4084 0.5176203125 0.40499843750000003 0.5097140625 0.416903125 0.4622703125 0.6277984375
15 0.6204984375 0.6296875 0.645921875 0.6296875 0.611378125 0.5495625000000001 0.5899156249999999 0.5104453125 0.5831375000000001 0.513846875 0.5820078125 0.53595625 0.6046 0.5937828125 0.6204984375 0.6296875
12 0.7265984375000001 0.59038125 0.7197281249999999 0.6296875 0.8960890625 0.6296875 0.8892609374999999 0.6039875 0.8587624999999999 0.5614671875 0.8180953125 0.5410609375 0.7819484375 0.5410609375 0.7412828124999999 0.56486875 0.7265984375000001 0.59038125
6 1 0.214571875 0.9852765625 0.22131875 0.9378328125 0.27574375 0.9175015625 0.26213593749999997 0.89716875 0.2655375 0.8610218749999999 0.2927484375 0.8508531250000001 0.31145625 0.8508531250000001 0.348875 0.8632796875000001 0.37098437500000003 0.9739796875 0.3743859375 0.9830171875 0.39479375 1 0.39344843749999997 1 0.214571875
6 0.41875 1 0.41875 0.670390625 0.40251875000000004 0.6648265624999999 0.372125 0.66075625 0.35628906250000003 0.66075625 0.274775 0.6802265625 0.23546874999999998 0.6667500000000001 0.166684375 0.6783 0.15264843749999998 0.705253125 0.16106875 0.8226875 0.1428203125 0.9612953125000001 0.1365265625 1 0.41875 1
6 0.076540625 1 0.0633203125 0.8762187499999999 0.0395671875 0.8529671875 0 0.8697953125 0 1 0.076540625 1
22 0.2533546875 0.6933078125 0.22959999999999997 0.6669562499999999 0.1798296875 0.6700578125 0.15155000000000002 0.7088078125 0.1492890625 0.7584109375 0.1775671875 0.809565625 0.21263281250000002 0.8173171874999999 0.22959999999999997 0.812665625 0.2510921875 0.7801125 0.26240312499999996 0.7553109375 0.26240312499999996 0.7181093749999999 0.2533546875 0.6933078125
7 0.265059375 1 0.273715625 0.972325 0.275978125 0.9320234375 0.2137640625 0.8715703124999999 0.20923906250000002 0.84366875 0.191140625 0.8405671874999999 0.1696484375 0.85761875 0.1583375 0.8886203125 0.15155000000000002 0.994028125 0.1543234375 1 0.265059375 1
16 0.2533546875 0.6933078125 0.22959999999999997 0.6669562499999999 0.1798296875 0.6700578125 0.15155000000000002 0.7088078125 0.1492890625 0.7584109375 0.1775671875 0.809565625 0.21263281250000002 0.8173171874999999 0.22959999999999997 0.812665625 0.2510921875 0.7801125 0.26240312499999996 0.7553109375 0.26240312499999996 0.7181093749999999 0.2533546875 0.6933078125
16 0.26240312499999996 0.6902078125 0.272584375 0.728959375 0.331403125 0.7568609375 0.41875 0.7654671875 0.41875 0.677740625 0.3992734375 0.66075625 0.3608140625 0.6669562499999999 0.33366562499999997 0.6545546875 0.31104375 0.66385625 0.29746875 0.6855578125 0.26240312499999996 0.6902078125
12 0.33795000000000003 1 0.3246171875 0.9924781250000001 0.30651875 0.9986765625 0.29633750000000003 0.9816265625 0.28955156249999997 0.9320234375 0.2816328125 0.9273718750000001 0.2672921875 1 0.33795000000000003 1
12 0.41875 1 0.41875 0.7676453125 0.415109375 0.7661625 0.344978125 0.7630625 0.2906828125 0.7444625 0.28276406249999997 0.811115625 0.2850265625 0.8948218750000001 0.29860000000000003 0.9847265625 0.30425625 0.995578125 0.343846875 0.9971265624999999 0.3440078125 1 0.41875 1