6 0 0 0 0.6 0.359375 0.6 0.359375 0 0 0
22 0 0.6 0.29700625 0.6 0.30963124999999997 0.5417796874999999 0.30963124999999997 0.47462968749999995 0.292846875 0.451546875 0.2865484375 0.3256421875 0.259271875 0.2312125 0.0630703125 0.121046875 0 0.10265312499999998 0 0.6
22 0.1879796875 0 0.15435000000000001 0.0990140625 0.1648421875 0.1682625 0.24143281249999998 0.2028859375 0.2739625 0.23541093750000003 0.292846875 0.308853125 0.3201234375 0.3445265625 0.359375 0.320128125 0.359375 0 0.1879796875 0
6 0.359375 0 0.359375 0.6 1 0.6 1 0 0.359375 0
16 0.38745625 0.42996718749999996 0.359375 0.4152484375 0.359375 0.474065625 0.39892812499999997 0.44714375000000006 0.38745625 0.42996718749999996
16 0.7394265625 0 0.7430421875000001 0.0505203125 0.750340625 0.067696875 0.7649390625 0.0614515625 0.771196875 0.08018906249999999 0.7784953125 0.07862812500000001 0.8160359375 0.044274999999999995 0.8289703125000001 0 0.7394265625 0
16 0.5824546875000001 0.17231875000000002 0.6158234375 0.1036125 0.6022671875000001 0.077065625 0.5897546874999999 0.08018906249999999 0.5553421875 0.137965625 0.5532578125 0.1598265625 0.5584718750000001 0.167634375 0.5824546875000001 0.17231875000000002
16 0.8973718749999999 0.2535171875 0.9119703124999999 0.241025 0.91405625 0.21916406249999998 0.9067562499999999 0.205109375 0.8879859375000001 0.1988640625 0.876515625 0.2129171875 0.8786015624999999 0.241025 0.8973718749999999 0.2535171875
16 0.7868375000000001 0.4440203125 0.784753125 0.4846203125 0.7722390625 0.5189734374999999 0.7722390625 0.5439578125 0.78058125 0.5533265625 0.824378125 0.52521875 0.8222921875000001 0.47212812499999995 0.8056078125000001 0.4565125 0.7983078124999999 0.42996718749999996 0.7868375000000001 0.4440203125
20 0.7951796875 0.422159375 0.80769375 0.4502671875 0.8181203125 0.4565125 0.8452328124999999 0.36282187499999996 0.823334375 0.33627656250000004 0.8024796875 0.333153125 0.784753125 0.394053125 0.7951796875 0.403421875 0.7951796875 0.422159375
13 0.57515625 0.33003125 0.591840625 0.333153125 0.6137374999999999 0.32222343750000004 0.6033109375000001 0.2535171875 0.5793265625 0.17700312499999998 0.543871875 0.1613875 0.5125890625 0.1645109375 0.4865203125 0.200425 0.4865203125 0.225409375 0.47609218750000004 0.2535171875 0.48026406250000003 0.2972390625 0.5209312500000001 0.34876874999999996 0.5490859375 0.35032968750000004 0.57515625 0.33003125
13 0.8727453125 0 0.8692171875 0.0021140625 0.836890625 0.044274999999999995 0.8671312500000001 0.067696875 0.8984140625 0.05208125 0.903628125 0.06613593749999999 0.8994578125 0.08175 0.8806875 0.1004890625 0.9067562499999999 0.108296875 0.9401249999999999 0.108296875 0.9526390625 0.0895578125 0.9714078125000001 0.10517343750000001 0.9818359375 0.077065625 1 0.0664890625 1 0 0.927140625 0 0.929696875 0.0114828125 0.9150984375 0.0114828125 0.9118124999999999 0 0.8727453125 0
13 0.771196875 0.39561406250000003 0.7784953125 0.38156093750000003 0.7659828125 0.33159218749999997 0.731571875 0.2988 0.687775 0.3019234375 0.6752609374999999 0.28943125 0.6523203125 0.2863078125 0.6314656249999999 0.3206609375 0.5949687499999999 0.3378375 0.6418921875 0.373753125 0.65440625 0.3706296875 0.7002875000000001 0.401859375 0.7367843749999999 0.40966718750000003 0.771196875 0.39561406250000003
16 0.538659375 0.394053125 0.5563859375 0.4237203125 0.6053953125 0.42840625 0.61478125 0.3581375 0.5814125 0.34564531249999997 0.5584718750000001 0.34564531249999997 0.544915625 0.3565765625 0.5470015625 0.3753140625 0.538659375 0.394053125
13 0.70133125 0.4565125 0.6898609375 0.4455828125 0.65440625 0.458075 0.61478125 0.45495156249999996 0.5949687499999999 0.5314656249999999 0.637721875 0.570503125 0.6783890625 0.5814328125 0.6929890624999999 0.5595718749999999 0.6929890624999999 0.52521875 0.7180156249999999 0.4939890625 0.70133125 0.4565125
13 0.6690046875 0.13327968750000002 0.6439781250000001 0.13640312500000001 0.6137374999999999 0.16294843750000002 0.6137374999999999 0.1941796875 0.6325078125 0.206671875 0.637721875 0.1988640625 0.6564921874999999 0.205109375 0.6783890625 0.1816875 0.680475 0.156703125 0.6690046875 0.13327968750000002
13 0.7128015624999999 0.07394375 0.6418921875 0.0958046875 0.6220796875 0.1285953125 0.6199953125000001 0.147334375 0.6262515625 0.147334375 0.6564921874999999 0.1301578125 0.683603125 0.14265 0.7274 0.10205 0.7263578125000001 0.087996875 0.7128015624999999 0.07394375
14 0.36243125 0.470565625 0.359375 0.47339843750000005 0.359375 0.6 0.48149218749999995 0.6 0.48026406250000003 0.590803125 0.4656640625 0.5751875 0.41039843749999994 0.451828125 0.3832859375 0.45495156249999996 0.36243125 0.470565625
16 0.78058125 0.55645 0.8129078125 0.5923640625 0.853575 0.593925 0.8681734375 0.5720640625 0.8660890625000001 0.55645 0.8723453125 0.5470796874999999 0.8567031249999999 0.520534375 0.8045656250000001 0.53615 0.78058125 0.55645
6 0.359375 1 0.359375 0.6 0 0.6 0 1 0.359375 1
2 0.6690953125 0.9293578124999999 0.6670140625000001 0.9265828125000001 0.6670140625000001 0.9238062499999999 0.66493125 0.9210296874999999 0.66493125 0.918253125 0.6628484375 0.9154765625 0.6628484375 0.904371875 0.660765625 0.9015953124999999 0.660765625 0.8932671875 0.658684375 0.890490625 0.658684375 0.8849375 0.6566015625 0.8821609374999999 0.6566015625 0.8766093749999999 0.65451875 0.8738328125000001 0.65451875 0.8682796875 0.653478125 0.8668921875000001 0.640984375 0.8668921875000001 0.6389015625 0.86966875 0.6347359375 0.86966875 0.6326546875 0.8668921875000001 0.630571875 0.8668921875000001 0.62953125 0.8682796875 0.62953125 0.87105625 0.6253656249999999 0.8766093749999999 0.6253656249999999 0.8849375 0.6274484375 0.8877140625 0.6274484375 0.8960437499999999 0.62953125 0.89881875 0.62953125 0.9127000000000001 0.6316125 0.9154765625 0.6316125 0.9210296874999999 0.6336953125 0.9238062499999999 0.6336953125 0.9349109375 0.6357781250000001 0.9376875 0.6357781250000001 0.9432406249999999 0.6378609375 0.946015625 0.6378609375 0.9487921874999999 0.6399421875 0.9515687500000001 0.6399421875 0.9598968749999999 0.6420250000000001 0.9626734375 0.6420250000000001 0.96545 0.643065625 0.9668390625000001 0.6493140625 0.9668390625000001 0.6503546874999999 0.96545 0.6513953124999999 0.9640625 0.6576421875 0.9640625 0.659725 0.9612859374999999 0.663890625 0.9612859374999999 0.665971875 0.958509375 0.6680546875 0.958509375 0.6701374999999999 0.9557328125 0.6722187500000001 0.9557328125 0.67534375 0.9515687500000001 0.67534375 0.9487921874999999 0.6732609375 0.946015625 0.6732609375 0.9376875 0.6690953125 0.9321343750000001 0.6690953125 0.9293578124999999
12 0.571225 0.81553125 0.5753890625 0.8210828125 0.5753890625 0.823859375 0.5816359375 0.8321890625 0.5816359375 0.8349640624999999 0.5858015625 0.8405171875 0.5858015625 0.84329375 0.5941296875 0.8543984375000001 0.5941296875 0.857175 0.5993359375 0.8641156249999999 0.6055828125 0.8641156249999999 0.606625 0.862728125 0.606625 0.8543984375000001 0.6045421875 0.851621875 0.6045421875 0.8460703125 0.602459375 0.84329375 0.602459375 0.8405171875 0.5982953125 0.8349640624999999 0.5982953125 0.8294124999999999 0.5941296875 0.823859375 0.5941296875 0.8210828125 0.5865812499999999 0.8186296875 0.5844453125 0.8199125 0.57579375 0.8105078125 0.571225 0.8127546875 0.571225 0.81553125
12 0.8169437500000001 0.7489 0.8179859374999999 0.7502875 0.8190265625 0.7489 0.8179859374999999 0.7475125 0.8169437500000001 0.7489
12 0.9814515625 0.7128078125 0.9814515625 0.70725625 0.9804109375 0.7058671875 0.9772875000000001 0.7100328124999999 0.9772875000000001 0.7128078125 0.978328125 0.7141968750000001 0.9804109375 0.7141968750000001 0.9814515625 0.7128078125
0 1 0.6 0.359375 0.6 0.359375 1 1 1 1 0.6