26 0.6111875 0 0.57596875 0.021626562499999998 0.586659375 0.0745 0.5133359375000001 0.0745 0.46750468749999996 0.113728125 0.46139374999999994 0.2109421875 0.490959375 0.2529640625 0.48430937500000004 0.3763796875 0.516390625 0.456540625 0.5454125000000001 0.47359375000000004 0.600409375 0.49576875 0.640128125 0.49576875 0.7592828125 0.5401125 0.8203875 0.499178125 0.88455 0.47870937500000005 0.9288484374999999 0.41048906250000006 0.945653125 0.3200984375 0.9563484375 0.23993906250000002 0.91815625 0.112021875 0.8616343750000001 0.0591484375 0.799609375 0 0.7279687499999999 0 0.7119265625 0.002865625 0.70955625 0 0.6111875 0
11 0.6067843749999999 0 0.5857859375000001 0.0248515625 0.593725 0.0558625 0.580821875 0.0857640625 0.53715625 0.072475 0.507384375 0.08133281249999999 0.47463437500000005 0.1223109375 0.462725 0.1843296875 0.4984515625 0.24413437500000001 0.48654374999999994 0.3305140625 0.5163156250000001 0.385890625 0.5163156250000001 0.43905000000000005 0.5748671875 0.48888437500000004 0.680065625 0.49110156250000003 0.6979296875000001 0.522109375 0.7525109375000001 0.52543125 0.78724375 0.522109375 0.8269421875 0.47337968750000003 0.9033578125 0.452340625 0.9192375 0.4124703125 0.9172515625000001 0.3548796875 0.8795390624999999 0.2995078125 0.8904546874999999 0.30504375 0.94106875 0.275140625 0.9470234375000001 0.20204687500000001 0.9321375 0.13670625 0.8398453124999999 0.1178796875 0.8458 0.0447859375 0.8170171875 0.0126703125 0.7515203125000001 0.01045625 0.7277015625 0.0370328125 0.7048140625 0 0.6067843749999999 0
17 0.16465000000000002 1 0.16465000000000002 0.9890953124999999 0.15773281249999999 0.97330625 0.1439 0.9697984375 0.1310546875 0.9855859375 0.1310546875 0.9961125 0.13298749999999998 1 0.16465000000000002 1
13 0.18921875 1 0.19034062499999999 0.9820781249999999 0.181446875 0.9627812499999999 0.149828125 0.9557640624999999 0.13401875000000002 0.9662890624999999 0.1300671875 0.9768156250000001 0.11228125 0.9697984375 0.10536406250000001 0.9820781249999999 0.10248125 1 0.18921875 1
13 0.286709375 1 0.294090625 0.9768156250000001 0.3019953125 0.9697984375 0.311875 0.9697984375 0.316815625 0.97856875 0.3187921875 0.954009375 0.3099 0.9417296875 0.2881609375 0.9417296875 0.27630468750000003 0.9627812499999999 0.270375 0.9627812499999999 0.2565421875 0.9768156250000001 0.24522499999999997 1 0.286709375 1
13 0.2871734375 0.9434828124999999 0.2871734375 0.936465625 0.27630468750000003 0.9241859375000001 0.2684 0.9241859375000001 0.2565421875 0.9382203125 0.24962656249999998 0.954009375 0.24962656249999998 0.9715515625 0.25259062499999996 0.9768156250000001 0.25950625 0.9750609375 0.264446875 0.9662890624999999 0.274328125 0.9627812499999999 0.2871734375 0.9434828124999999
6 0.762671875 0.7071890625 0.7330453125 0.6915859375 0.70243125 0.6850859375 0.7172453125 0.7305906249999999 0.769584375 0.7344921875 0.777484375 0.724090625 0.762671875 0.7071890625
6 0.6612484375000001 1 0.6530546875 0.96331875 0.6451546875 0.96331875 0.6451546875 0.9503171874999999 0.6520671874999999 0.9386156250000001 0.68959375 0.9438171875 0.69255625 0.95811875 0.6994687500000001 0.96201875 0.7527953125 0.95161875 0.7577328125 0.9243140625 0.7676093749999999 0.9009124999999999 0.7676093749999999 0.8619078124999999 0.771559375 0.8515062500000001 0.769584375 0.8281031249999999 0.7577328125 0.8203015625000001 0.771559375 0.7969 0.763659375 0.7682953125 0.7389703125 0.7435921875 0.70539375 0.7383921875 0.69650625 0.7474937500000001 0.69848125 0.7682953125 0.69354375 0.772196875 0.69453125 0.7344921875 0.6905812499999999 0.721490625 0.67774375 0.7097890625 0.6500921875000001 0.7149890625 0.6441671875 0.7409921875000001 0.6303421874999999 0.7331921875 0.596765625 0.7331921875 0.5918281249999999 0.75009375 0.585903125 0.75529375 0.585903125 0.770896875 0.5888656250000001 0.777396875 0.593803125 0.773496875 0.6007156250000001 0.7955984375 0.612565625 0.7955984375 0.621453125 0.8125015624999999 0.607628125 0.8229031250000001 0.590840625 0.8632078125 0.5671390625 0.8632078125 0.5701015625 0.8437046875 0.5661515625 0.830703125 0.5434390625 0.8190015624999999 0.5444265625 0.8125015624999999 0.5365249999999999 0.7995 0.5424515624999999 0.7864984374999999 0.5365249999999999 0.7578953125 0.5177625 0.75399375 0.499 0.7136890625000001 0.48616093749999995 0.6967875 0.47431093750000003 0.6941875 0.4604859375 0.6681843749999999 0.446659375 0.6655828125000001 0.441721875 0.6590828125 0.441721875 0.64608125 0.4390625 0.64130625 0.4390625 1 0.6612484375000001 1
13 0.621453125 0.8697078125000001 0.6579921875 0.8970109374999999 0.6658921875 0.9100125 0.69453125 0.9113125 0.6698421875 0.9308156249999999 0.6718171875000001 0.9412171875 0.70934375 0.9438171875 0.7251453125 0.95161875 0.7537828125 0.9503171874999999 0.7676093749999999 0.8983109375 0.765634375 0.8619078124999999 0.7478578125 0.8333031249999999 0.7488453125000001 0.826803125 0.7557578125 0.825503125 0.7290953124999999 0.8138015624999999 0.70341875 0.7825968750000001 0.69650625 0.7864984374999999 0.69156875 0.8008 0.6797187499999999 0.8008 0.6658921875 0.7903984375 0.6500921875000001 0.7955984375 0.627378125 0.830703125 0.621453125 0.8697078125000001
16 0.777484375 0.7396921875 0.781434375 0.726690625 0.7764968750000001 0.7149890625 0.762671875 0.7045874999999999 0.70243125 0.6824859375 0.71131875 0.7175890625 0.7429203125 0.7357921875 0.777484375 0.7396921875
17 0.6797187499999999 0.7097890625 0.6500921875000001 0.7149890625 0.6471296875 0.721490625 0.6510796875 0.7630953125 0.6412046874999999 0.7838984375 0.6441671875 0.7903984375 0.6530546875 0.7916984375 0.67379375 0.7903984375 0.6886062500000001 0.778696875 0.69255625 0.7318921875 0.6797187499999999 0.7097890625
17 0.593803125 0.778696875 0.606640625 0.7903984375 0.623428125 0.7890984375000001 0.6362671875 0.7851984375 0.6510796875 0.75529375 0.628365625 0.7305906249999999 0.592815625 0.7331921875 0.589853125 0.7526937499999999 0.593803125 0.778696875
13 0.626390625 0.8008 0.623428125 0.8047000000000001 0.626390625 0.8216015625 0.607628125 0.8203015625000001 0.5918281249999999 0.8671078124999999 0.592815625 0.876209375 0.601703125 0.877509375 0.619478125 0.8697078125000001 0.6293546875 0.8229031250000001 0.6461421875 0.7955984375 0.626390625 0.8008