6 0.2545359375 0 0.18409375 0.019103125000000002 0.140196875 0.055882812500000004 0.0903640625 0.1602890625 0.08442968749999999 0.2445328125 0 0.2494984375 0 0.66875 0.3796875 0.66875 0.3796875 0 0.2545359375 0
22 0.01086875 0.5055562499999999 0.0049343749999999995 0.516234375 0.0049343749999999995 0.5494578125 0.0583265625 0.6242062500000001 0.188840625 0.6431875 0.2718921875 0.6360703125 0.3796875 0.5898703125 0.3796875 0.2337796875 0.0334109375 0.2552109375 0.10222968750000001 0.461659375 0.06070156249999999 0.5482703124999999 0.022734375 0.515046875 0.0179859375 0.5482703124999999 0.01086875 0.5055562499999999
22 0 0.3797890625 0.041715625 0.3797890625 0.0618875 0.359621875 0.054765625 0.33351875 0.071378125 0.3192796875 0.053579687499999994 0.2682609375 0.2291828125 0.2682609375 0.24578906250000002 0.24690625000000002 0.3796875 0.23938125000000002 0.3796875 0.0311453125 0.3074859375 0.0143546875 0.16748125 0.0333359375 0.1212109375 0.0843546875 0.087990625 0.1769015625 0.0951078125 0.2504625 0.1318875 0.25639687499999997 0 0.25639687499999997 0 0.3797890625
2 0.8259265625 0.3334578125 0.8235578125 0.3302984375 0.8235578125 0.327140625 0.8211890625 0.32398125 0.8211890625 0.320821875 0.8188203125 0.3176640625 0.8188203125 0.305028125 0.8164515625 0.30186875 0.8164515625 0.2923921875 0.8140828125 0.2892328125 0.8140828125 0.282915625 0.811715625 0.27975625000000004 0.811715625 0.2734390625 0.8093468749999999 0.27027968750000003 0.8093468749999999 0.2639625 0.8081625000000001 0.2623828125 0.7939515625 0.2623828125 0.7915828125 0.2655421875 0.7868453125 0.2655421875 0.7844765625 0.2623828125 0.7821078124999999 0.2623828125 0.7809234375 0.2639625 0.7809234375 0.267121875 0.7761875 0.2734390625 0.7761875 0.282915625 0.7785546875 0.28607499999999997 0.7785546875 0.2955515625 0.7809234375 0.2987109375 0.7809234375 0.3145046875 0.7832921875000001 0.3176640625 0.7832921875000001 0.32398125 0.7856609375 0.327140625 0.7856609375 0.339775 0.7880296875 0.342934375 0.7880296875 0.349253125 0.7903984375 0.3524109375 0.7903984375 0.3555703125 0.7927671875 0.3587296875 0.7927671875 0.36820624999999996 0.7951343750000001 0.3713640625 0.7951343750000001 0.3745234375 0.79631875 0.376103125 0.8034250000000001 0.376103125 0.8046093750000001 0.3745234375 0.80579375 0.37294375 0.8128984375 0.37294375 0.8152671874999999 0.369784375 0.8200046875 0.369784375 0.8223734374999999 0.3666265625 0.8247421875000001 0.3666265625 0.8271109375 0.3634671875 0.8294796874999999 0.3634671875 0.83303125 0.3587296875 0.83303125 0.3555703125 0.8306625000000001 0.3524109375 0.8306625000000001 0.342934375 0.8259265625 0.3366171875 0.8259265625 0.3334578125
12 0.7146046875 0.20394375 0.7193421875 0.21026093750000002 0.7193421875 0.2134203125 0.7264468749999999 0.222896875 0.7264468749999999 0.22605625 0.731184375 0.2323734375 0.731184375 0.23553281250000002 0.740659375 0.24816875 0.740659375 0.25132656249999996 0.7465796874999999 0.2592234375 0.7536859375 0.2592234375 0.7548703125 0.2576453125 0.7548703125 0.24816875 0.7525015625 0.24500937500000003 0.7525015625 0.2386921875 0.7501328125 0.23553281250000002 0.7501328125 0.2323734375 0.7453953125 0.22605625 0.7453953125 0.2197375 0.740659375 0.2134203125 0.740659375 0.21026093750000002 0.732071875 0.2074703125 0.7296421875 0.20892968750000002 0.719803125 0.1982296875 0.7146046875 0.20078437500000001 0.7146046875 0.20394375
12 0.9940921875000001 0.1281296875 0.9952765625 0.129709375 0.9964609375 0.1281296875 0.9952765625 0.1265515625 0.9940921875000001 0.1281296875
0 0.3796875 0 0.3796875 0.66875 1 0.66875 1 0 0.3796875 0
26 0.3796875 0.66875 0.024875 0.66875 0.022443750000000002 0.6790703125 0.095959375 0.848940625 0.26358125 0.9062453125 0.3796875 0.791034375 0.3796875 0.66875
11 0.3630375 0.781765625 0.347565625 0.723809375 0.3796875 0.7496859375 0.3796875 0.6844578125 0.370875 0.66875 0.0952890625 0.66875 0.07025 0.7320921874999999 0.088103125 0.8331015624999999 0.14761249999999998 0.8629093749999999 0.30590937500000004 0.8678750000000001 0.358275 0.8082625 0.3630375 0.781765625
11 0.3796875 1 0.3796875 0.66875 0 0.66875 0 1 0.3796875 1
0 1 0.66875 0.3796875 0.66875 0.3796875 1 1 1 1 0.66875
1 0.8526640625 1 0.8526640625 0.9876859375 0.8558234375 0.9853171875 0.8558234375 0.9663703124999999 0.8510859375000001 0.9628171875 0.8447671874999999 0.9628171875 0.8400296875000001 0.9663703124999999 0.8400296875000001 0.9758437499999999 0.8368703125 0.9782125 0.8368703125 0.9924234375 0.8337109375 0.9947921875000001 0.8337109375 1 0.8526640625 1