6 0.55 0 0.55 0.559375 1 0.559375 1 0 0.55 0
6 0.55 0 0.55 0.559375 1 0.559375 1 0 0.55 0
6 0.55 1 0.55 0.559375 0 0.559375 0 1 0.55 1
6 0.55 1 0.55 0.559375 0 0.559375 0 1 0.55 1
6 1 0.559375 0.6437999999999999 0.559375 0.6394296875000001 0.5650999999999999 0.5975234375 0.578021875 0.58643125 0.589328125 0.58643125 0.59901875 0.596290625 0.6184015625 0.5938265625 0.6377828125 0.596290625 0.6700875 0.6147796875 0.6943140624999999 0.6542203125 0.7007749999999999 0.655453125 0.7379249999999999 0.6714765625 0.746 0.6776390625000001 0.7605375000000001 0.69859375 0.781534375 0.71091875 0.7847640625000001 0.72324375 0.81706875 0.75775625 0.8396812499999999 0.772546875 0.8461421874999999 0.802128125 0.8493718749999999 0.8341734375 0.8687546875000001 0.8637546875 0.8752140624999999 0.9130578125 0.8752140624999999 0.9253828125 0.8655234374999999 0.9549640625 0.8784453125 1 0.8797 1 0.559375
3 0.7663828125000001 0.608709375 0.7799421875 0.5715609374999999 0.8119875000000001 0.5683312500000001 0.8169187499999999 0.574790625 0.820615625 0.5699453125 0.8228562500000001 0.559375 0.7373359374999999 0.559375 0.7368015625 0.5796375 0.7417328125 0.59901875 0.7417328125 0.62163125 0.7368015625 0.6345531249999999 0.744196875 0.64424375 0.7663828125000001 0.608709375
3 0.6480578125 0.64424375 0.6505234375 0.608709375 0.636965625 0.597403125 0.6147796875 0.600634375 0.601221875 0.6151703125 0.5938265625 0.6345531249999999 0.5913609375 0.647475 0.59875625 0.676546875 0.607384375 0.687853125 0.619709375 0.6943140624999999 0.6505234375 0.6927 0.65791875 0.6862390625 0.6480578125 0.64424375
3 0.7503609375 0.7621515624999999 0.7922671875 0.74923125 0.8008953125 0.7379249999999999 0.803359375 0.725003125 0.8008953125 0.68946875 0.7651515625 0.6717015625 0.7478953125000001 0.6717015625 0.7306390625 0.6846234375 0.7121515625 0.71208125 0.70475625 0.744384375 0.7096859375 0.770228125 0.7207796875 0.781534375 0.7269421875 0.77991875 0.7503609375 0.7621515624999999
16 0.7072203125 0.725003125 0.7318718750000001 0.676546875 0.7121515625 0.6054796875 0.7010578125 0.59094375 0.67640625 0.59094375 0.6566859375 0.6038640625 0.6480578125 0.6151703125 0.6480578125 0.64424375 0.6801046875 0.7540765625 0.6887328125 0.7686124999999999 0.7072203125 0.770228125 0.70475625 0.75730625 0.7072203125 0.725003125
13 0.8243140625 0.6070953125 0.8181515625 0.608709375 0.8193828125 0.6167859375 0.8045921875 0.6070953125 0.8008953125 0.611940625 0.8058249999999999 0.6248625 0.8008953125 0.631321875 0.8008953125 0.6410140625 0.8107546875 0.6507046875 0.808290625 0.6636265625 0.8107546875 0.68946875 0.803359375 0.6927 0.803359375 0.7153125 0.8119875000000001 0.7427703125 0.831709375 0.7395390625 0.8538953125000001 0.7427703125 0.8600578125 0.73469375 0.8588250000000001 0.7298484375000001 0.8465 0.733078125 0.8354062499999999 0.7217718750000001 0.8514296874999999 0.7169265625000001 0.856359375 0.7007749999999999 0.8625234374999999 0.7056203125 0.8575921875000001 0.7185421875 0.861290625 0.7298484375000001 0.8674531249999999 0.7282328125 0.8649875 0.7153125 0.8686859374999999 0.713696875 0.890871875 0.7395390625 0.8958015625 0.7395390625 0.9056625 0.7621515624999999 0.9167546874999999 0.7637671874999999 0.9315453125 0.747615625 0.9389406250000001 0.7217718750000001 0.94140625 0.6830078125 0.9340109375000001 0.647475 0.9105921875 0.61355625 0.9044296875000001 0.611940625 0.9044296875000001 0.6054796875 0.9155218749999999 0.6038640625 0.9192203125 0.586096875 0.9303125 0.5715609374999999 0.9463359375 0.563484375 0.9468593750000001 0.559375 0.8506937499999999 0.559375 0.850196875 0.5602546875 0.8477328125 0.5796375 0.8575921875000001 0.60225 0.8538953125000001 0.623246875 0.8292437500000001 0.6167859375 0.8243140625 0.6070953125
13 0.7306390625 0.7750734375 0.7220109375 0.7863796875 0.719546875 0.8122234374999999 0.72324375 0.81706875 0.7750109375 0.8461421874999999 0.7959640625 0.84775625 0.825546875 0.7960703125 0.826778125 0.781534375 0.8366390625 0.781534375 0.8514296874999999 0.7912250000000001 0.8637546875 0.7912250000000001 0.8674531249999999 0.7863796875 0.8649875 0.7637671874999999 0.8588250000000001 0.755690625 0.8489640625 0.755690625 0.8341734375 0.7427703125 0.7996624999999999 0.7621515624999999 0.7873375 0.755690625 0.767615625 0.755690625 0.7306390625 0.7750734375
13 1 0.648078125 0.9845453125000001 0.6393984374999999 0.9549640625 0.642628125 0.94140625 0.6603953125 0.9438718749999999 0.6959296875 0.9389406250000001 0.71208125 0.9401734375 0.7233875000000001 0.9796156249999999 0.74923125 0.9993359375 0.733078125 1 0.7335140625000001 1 0.648078125
13 0.784871875 0.5683312500000001 0.77624375 0.5796375 0.76391875 0.6151703125 0.7368015625 0.657165625 0.7343375 0.676546875 0.7405 0.6781625 0.7454296874999999 0.6717015625 0.767615625 0.6717015625 0.78240625 0.68139375 0.8008953125 0.679778125 0.808290625 0.6507046875 0.7984296875 0.6410140625 0.7984296875 0.631321875 0.803359375 0.6248625 0.7984296875 0.611940625 0.8070578125000001 0.600634375 0.8341734375 0.6038640625 0.8465 0.61355625 0.8538953125000001 0.61355625 0.855128125 0.6054796875 0.8465 0.59094375 0.826778125 0.5844828125 0.8095234375 0.5683312500000001 0.784871875 0.5683312500000001
13 0.6098484375 0.6038640625 0.622175 0.597403125 0.6394296875000001 0.597403125 0.6542203125 0.6038640625 0.6739421875 0.59094375 0.696128125 0.5877125000000001 0.72324375 0.5683312500000001 0.7291671875 0.559375 0.6462640625 0.559375 0.6443609375 0.5618703125 0.590128125 0.5812515625 0.58643125 0.586096875 0.58643125 0.6054796875 0.59875625 0.6184015625 0.6098484375 0.6038640625
13 1 0.7618265625 0.9993359375 0.7621515624999999 0.9894765624999999 0.7621515624999999 0.9845453125000001 0.755690625 0.9796156249999999 0.758921875 0.9672906250000001 0.7427703125 0.9426390625 0.72661875 0.9364765625 0.7314640625 0.9340109375000001 0.744384375 0.9204531250000001 0.7653828125000001 0.90073125 0.758921875 0.8970343749999999 0.744384375 0.8785453125 0.7298484375000001 0.8637546875 0.736309375 0.861290625 0.7427703125 0.8489640625 0.746 0.8489640625 0.7524609375 0.8588250000000001 0.7524609375 0.8674531249999999 0.7605375000000001 0.8674531249999999 0.7896109375 0.831709375 0.7879953125 0.8107546875 0.8186828125 0.8008953125 0.84775625 0.8489640625 0.871984375 0.911825 0.8736 0.9229171875000001 0.8687546875000001 0.92415 0.8639078124999999 0.8995 0.82514375 0.909359375 0.7993015625 0.9068953125 0.7766890625 0.9105921875 0.77184375 0.9192203125 0.7734578125 0.911825 0.792840625 0.9155218749999999 0.7976859375 0.9327781249999999 0.7912250000000001 0.9672906250000001 0.7912250000000001 0.9870109375 0.7976859375 0.98824375 0.7863796875 0.9944062499999999 0.7783046875 1 0.77725625 1 0.7618265625