6 0 0.5390625 0.709375 0.5390625 0.709375 0.3342671875 0.6192734375 0.3420359375 0.6073703125 0.3083125 0.5756328125 0.3222 0.5458796875 0.304346875 0.5240578124999999 0.3222 0.4466953125 0.31228125 0.426859375 0.2924453125 0.3931359375 0.306328125 0.3336296875 0.2904609375 0.329659375 0.306328125 0.252296875 0.2845078125 0.23742187499999998 0.3013703125 0.28205 0.32418281250000003 0.1610515625 0.3360859375 0.131296875 0.26070625000000003 0.0836875 0.2845078125 0.060875 0.27955 0.066828125 0.214090625 0.055918749999999996 0.2111140625 0 0.263740625 0 0.5390625
6 1 0.18392031250000002 0.99543125 0.180809375 0.9835296874999999 0.180809375 0.9617093750000001 0.1916140625 0.9517906249999999 0.1835109375 0.9309625 0.1767578125 0.9517906249999999 0.1700046875 0.96369375 0.1537984375 0.9835296874999999 0.1402921875 0.9865046875000001 0.1308390625 0.9845218750000001 0.11463125 0.9865046875000001 0.08762031249999999 0.9815453125 0.0781671875 0.9736109374999999 0.0781671875 0.9706359375 0.07411562499999999 0.9706359375 0.05250625 0.96369375 0.045753125 0.94385625 0.045753125 0.9260046875000001 0.0511546875 0.8902984375 0.07546562500000001 0.86054375 0.097075 0.8486421875 0.11328125 0.8248374999999999 0.0781671875 0.743509375 0.08356875 0.709375 0.1080328125 0.709375 0.3631484375 0.7375578125 0.3671875 0.7534265625 0.37799218749999997 0.7931 0.3860953125 0.8000421875000001 0.38204375 0.798059375 0.3685375 0.8069859375 0.36448593749999997 0.8079765625 0.3847453125 0.8129359375 0.38879687500000004 0.8417 0.3874453125 0.8922828125000001 0.38069375 0.9061671875 0.375290625 0.9656765625 0.36988906250000003 0.987496875 0.3617859375 1 0.36117656249999996 1 0.18392031250000002
16 0.855584375 0.1281375 0.868478125 0.14299375 0.871453125 0.14164375 0.875421875 0.1632515625 0.8912906250000001 0.1929640625 0.9012078125 0.1929640625 0.94385625 0.17540781249999998 0.96964375 0.1565 0.9884890625 0.1335390625 0.9904718750000001 0.12543593749999998 0.9845218750000001 0.11193125 0.9884890625 0.08491875 0.9835296874999999 0.0781671875 0.9706359375 0.07411562499999999 0.9726203124999999 0.05520625 0.9676609375 0.048454687499999996 0.9398890625 0.045753125 0.9200531249999999 0.05385625000000001 0.84765 0.10922968749999999 0.855584375 0.1281375
16 0.7841734375 0.32261875 0.7861578125 0.3037109375 0.7821906249999999 0.2794 0.775246875 0.2726484375 0.7554109375 0.27534843750000004 0.7504515625 0.284803125 0.7524359375 0.32532031250000004 0.7445 0.3550328125 0.7445 0.373940625 0.749459375 0.37799218749999997 0.8000421875000001 0.3847453125 0.796075 0.360434375 0.7841734375 0.32261875
16 0.7544187499999999 0.2902046875 0.7524359375 0.28210156249999996 0.7613609375 0.2726484375 0.7732640625 0.2726484375 0.7821906249999999 0.28210156249999996 0.7841734375 0.32261875 0.795084375 0.359084375 0.8069859375 0.359084375 0.8288062500000001 0.3428765625 0.8407078125 0.3401765625 0.86054375 0.32396875 0.8734375 0.30100937499999997 0.8734375 0.2767 0.8674859375 0.26319375 0.865503125 0.2361828125 0.8674859375 0.23077968750000002 0.8526093749999999 0.2159234375 0.8188875 0.2159234375 0.8109531249999999 0.21862499999999999 0.7931 0.23483281250000002 0.7712796875000001 0.240234375 0.7534265625 0.25644062500000003 0.7276390625 0.25644062500000003 0.709375 0.28841875 0.709375 0.3168421875 0.7127625 0.31991718750000003 0.709375 0.32113125 0.709375 0.3607078125 0.717721875 0.359084375 0.73855 0.3658375 0.746484375 0.35233125 0.7504515625 0.330721875 0.74846875 0.30641250000000003 0.7544187499999999 0.2902046875
20 1 0.3150890625 0.9944390625 0.284803125 0.9884890625 0.2739984375 0.9726203124999999 0.209171875 0.96666875 0.195665625 0.9597265625 0.18891249999999998 0.9478234375 0.1835109375 0.9160859374999999 0.1862125 0.9061671875 0.194315625 0.9002171875 0.194315625 0.8734375 0.22537812499999998 0.8674859375 0.255090625 0.871453125 0.2604921875 0.8734375 0.2767 0.8853390624999999 0.3118140625 0.8952578125 0.3334234375 0.9031921875 0.3415265625 0.9220375000000001 0.32396875 0.94385625 0.313165625 0.9676609375 0.315865625 0.9855140625000001 0.337475 1 0.31774843750000004 1 0.3150890625
14 1 0.183390625 0.997415625 0.180809375 0.9795624999999999 0.180809375 0.9676609375 0.1862125 0.964684375 0.1929640625 0.9726203124999999 0.209171875 0.9964234375000001 0.2956078125 0.9993984375 0.299659375 1 0.2994953125 1 0.183390625
20 0.8099609375 0.21187187500000002 0.8000421875000001 0.195665625 0.7732640625 0.17540781249999998 0.7633453125 0.17270625 0.741525 0.17540781249999998 0.72268125 0.20106875 0.709375 0.2245734375 0.709375 0.28605 0.7276390625 0.25644062500000003 0.735575 0.253740625 0.75144375 0.25644062500000003 0.775246875 0.23753281249999997 0.80896875 0.2213265625 0.8099609375 0.21187187500000002
14 0.9894812500000001 0.36448593749999997 0.99245625 0.3577328125 0.9825375 0.3334234375 0.9736109374999999 0.32126875 0.9597265625 0.313165625 0.945840625 0.313165625 0.9160859374999999 0.329371875 0.9012078125 0.3469296875 0.907159375 0.373940625 0.9101343749999999 0.37799218749999997 0.9190609375 0.3766421875 0.9815453125 0.3671875 0.9894812500000001 0.36448593749999997
6 0.709375 0.9801765625 0.709375 0.9588265625 0.636575 0.9243625 0.709375 0.95166875 0.709375 0.5390625 0.016825 0.5390625 0.0156921875 0.6704578125 0.035528125 0.8548734375 0.177359375 0.992515625 0.5175546875 0.9992000000000001 0.709375 0.9801765625
16 0.2725734375 0.6611046875000001 0.3261328125 0.67179375 0.3509296875 0.6891671875000001 0.3697734375 0.7359359375000001 0.40547656249999997 0.75999375 0.4649875 0.7546468749999999 0.4887890625 0.8027578125 0.50366875 0.8040890624999999 0.5314375 0.77469375 0.5473078124999999 0.7265828125 0.5016828125 0.68649375 0.48978124999999995 0.6276937499999999 0.463003125 0.58359375 0.411271875 0.5390625 0.03356875 0.5390625 0.033546875 0.53949375 0.0464375 0.5675578125 0.052390625 0.5435046875 0.090078125 0.5568671875 0.264640625 0.64239375 0.2725734375 0.6611046875000001
13 0.2656328125 0.7934 0.3221640625 0.7573203125 0.3588640625 0.753309375 0.362828125 0.7319312499999999 0.343984375 0.6851578125 0.3182 0.67179375 0.2686046875 0.6691203125 0.19521093750000001 0.607646875 0.08809375 0.562209375 0.081765625 0.5390625 0.0296421875 0.5390625 0.029578125 0.53949375 0.0533828125 0.5902734374999999 0.067265625 0.665109375 0.094046875 0.7199 0.167440625 0.7920625 0.2656328125 0.7934
3 0.607809375 0.7412828124999999 0.65145 0.797409375 0.709375 0.813965625 0.709375 0.7625359375 0.6603749999999999 0.6758 0.6603749999999999 0.635709375 0.6782296875 0.5956203125 0.6742609374999999 0.5501828125 0.6970734375000001 0.5435046875 0.7006453125000001 0.5390625 0.5025328124999999 0.5390625 0.49771875000000004 0.5501828125 0.50366875 0.65709375 0.53045 0.7011937500000001 0.5859890625 0.7332625 0.591940625 0.7493000000000001 0.607809375 0.7412828124999999
3 0.6474796875 0.931046875 0.6445078125 0.9350515625 0.658390625 0.9510890625 0.6564109375 0.9564359375 0.6623593750000001 0.9644515625000001 0.6623593750000001 0.9885093749999999 0.6663281249999999 0.9831625 0.66434375 0.9751421875 0.6673203125 0.9711359375 0.67029375 0.9778156250000001 0.6683125000000001 0.9858359374999999 0.6772390625 0.9951890625 0.6841796875 0.9938515625000001 0.7069921875 0.992515625 0.709375 0.99068125 0.709375 0.9555125 0.6673203125 0.9337156249999999 0.6603749999999999 0.9350515625 0.6663281249999999 0.9430734375000001 0.6613671875 0.9497515625 0.654425 0.9350515625 0.6474796875 0.931046875
3 0.2576953125 0.8922890625000001 0.2656328125 0.9136734375 0.3043125 0.9577734375 0.347953125 0.9684625 0.3519171875 0.9791515625 0.38365625 0.9951890625 0.505653125 0.9992000000000001 0.5254890624999999 0.9938515625000001 0.5195390625 0.9778156250000001 0.5066437500000001 0.9684625 0.4887890625 0.9818250000000001 0.4758984375 0.9297093750000001 0.41936249999999997 0.8588828124999999 0.3737375 0.8321578125 0.3886171875 0.8147828125000001 0.3677890625 0.8080999999999999 0.34199999999999997 0.7626625 0.3142296875 0.7653359375 0.288440625 0.784046875 0.23785937499999998 0.857546875 0.24083593749999999 0.8749203124999999 0.2576953125 0.8655625 0.2576953125 0.8922890625000001
15 0.45308593750000004 0.7573203125 0.450109375 0.769346875 0.460028125 0.8014203125 0.5116015625 0.937725 0.5235046875 0.9804890625 0.53045 0.9951890625 0.543340625 0.9992000000000001 0.54929375 0.9965249999999999 0.54929375 0.9858359374999999 0.4739140625 0.769346875 0.4649875 0.7573203125 0.45308593750000004 0.7573203125
6 1 0.7218921875000001 0.9457828125000001 0.7088609375 0.9328859375 0.7088609375 0.9292015625 0.7101640625 0.9242890625 0.7108453124999999 0.9178390625 0.7138203125 0.9178390625 0.7158046875 0.9168578125 0.716809375 0.9135406250000001 0.7177875 0.9135406250000001 0.719771875 0.9006437500000001 0.72770625 0.9006437500000001 0.729690625 0.8941953125 0.732665625 0.85120625 0.732665625 0.8469078124999999 0.7346484375 0.8426078125 0.732665625 0.838309375 0.732665625 0.8340109375000001 0.7306812500000001 0.8297109375 0.7306812500000001 0.8275625 0.729690625 0.8275625 0.72770625 0.8252984375000001 0.7241671875 0.8189640624999999 0.719771875 0.819125 0.716571875 0.814665625 0.7118375 0.8139828124999999 0.7089765625 0.8098671875000001 0.7049421875 0.8036937500000001 0.6990078125 0.7831187500000001 0.6997203125 0.7769468749999999 0.7039921875 0.7845718749999999 0.7138203125 0.7824234375 0.7148125000000001 0.778125 0.7148125000000001 0.773825 0.7128281249999999 0.7652281249999999 0.7128281249999999 0.7609281250000001 0.7108453124999999 0.75233125 0.7108453124999999 0.74803125 0.7088609375 0.7437328125 0.7088609375 0.739434375 0.706878125 0.735134375 0.706878125 0.7308359375 0.70489375 0.7265375 0.70489375 0.7222375000000001 0.7029109375 0.7179390625 0.7029109375 0.709375 0.698959375 0.709375 0.9203531249999999 0.7414546875 0.9218765624999999 0.79135 0.918315625 0.8297109375 0.9131765625 0.8494734375 0.9135687499999999 0.8727015625 0.9072265625 0.877 0.9052421875000001 0.8855984375 0.9052421875000001 0.889896875 0.9032578125 0.8941953125 0.9032578125 0.8984953125 0.901275 0.9027937500000001 0.901275 0.9070921875 0.8992906250000001 0.9113921875000001 0.8992906250000001 0.9156906250000001 0.8973078125 0.9199890625 0.8973078125 0.9285875000000001 0.8933406250000001 0.9328859375 0.8933406250000001 0.9350359375 0.8923484374999999 0.9586796874999999 0.883421875 0.9866234374999999 0.8705281250000001 0.9866234374999999 0.8685453125 0.988771875 0.867553125 0.993071875 0.867553125 1 0.8643562499999999 1 0.78225625 0.9973703125 0.78225625 0.9952203125000001 0.7812640625 0.9952203125000001 0.7753140625 0.9909218750000001 0.7733296875 0.9909218750000001 0.761428125 0.9866234374999999 0.7594453125 0.9866234374999999 0.7574609375 0.988771875 0.75646875 1 0.75646875 1 0.7218921875000001
3 0.8967671875000001 0.903021875 0.9010671875 0.9010374999999999 0.905365625 0.9010374999999999 0.9096640624999999 0.8990546875 0.9139640625000001 0.8990546875 0.9225609374999999 0.8950859375 0.9268609375000001 0.8950859375 0.9376078124999999 0.890128125 0.9376078124999999 0.8841765625000001 0.9333078125000001 0.8821937500000001 0.9333078125000001 0.8762421874999999 0.929009375 0.8742578125 0.929009375 0.870290625 0.9247109375000001 0.8683078125 0.9247109375000001 0.8663234375 0.9161125 0.86235625 0.9161125 0.8603734375000001 0.9096640624999999 0.8573968750000001 0.8924687499999999 0.8573968750000001 0.8731234375 0.8663234375 0.8731234375 0.870290625 0.868825 0.8722749999999999 0.868825 0.8742578125 0.8602265625 0.880209375 0.8602265625 0.8841765625000001 0.8559281249999999 0.8861609375 0.8559281249999999 0.890128125 0.8494796875 0.893103125 0.8365828125 0.893103125 0.8322843750000001 0.8950859375 0.8150875 0.8950859375 0.8107890624999999 0.893103125 0.78929375 0.893103125 0.7828453125 0.8960781250000001 0.7828453125 0.9059968749999999 0.778546875 0.9079796874999999 0.778546875 0.9119484375000001 0.7699484375 0.915915625 0.7720984375 0.91690625 0.7849953125 0.91690625 0.78714375 0.915915625 0.79359375 0.9129390624999999 0.7978921875 0.9129390624999999 0.802190625 0.9109562499999999 0.8107890624999999 0.9109562499999999 0.8150875 0.908971875 0.8236859375 0.908971875 0.827984375 0.9069890624999999 0.8322843750000001 0.9069890624999999 0.8451812500000001 0.903021875 0.8580765625 0.903021875 0.8623765625 0.9069890624999999 0.8795718750000001 0.9069890624999999 0.8838703125 0.9050046875 0.8881703125 0.9050046875 0.8924687499999999 0.903021875 0.8967671875000001 0.903021875
13 0.7484546875 0.8326015625000001 0.752753125 0.8345859375 0.752753125 0.8425203124999999 0.7570515624999999 0.8445031249999999 0.7570515624999999 0.8464875 0.7678 0.851446875 0.7720984375 0.851446875 0.7849953125 0.8573968750000001 0.78929375 0.8573968750000001 0.7978921875 0.8613640625000001 0.802190625 0.8613640625000001 0.8150875 0.8653328124999999 0.8236859375 0.8653328124999999 0.8430312499999999 0.85640625 0.8430312499999999 0.8504546875000001 0.8473296875 0.8484718750000001 0.8473296875 0.8425203124999999 0.8430312499999999 0.8405359375 0.8430312499999999 0.8326015625000001 0.83873125 0.83061875 0.83873125 0.8246671875 0.8344328125 0.822684375 0.8344328125 0.8167328125 0.8301343749999999 0.8147500000000001 0.8301343749999999 0.8008640625 0.825834375 0.7988796875 0.825834375 0.7909453125 0.8215359375 0.7889625 0.8215359375 0.7849953125 0.8172375000000001 0.7830109375000001 0.8172375000000001 0.77904375 0.8129375 0.777059375 0.8129375 0.7671421875 0.8086390625 0.7651578125 0.8086390625 0.7592078124999999 0.804340625 0.7572234375 0.804340625 0.75325625 0.800040625 0.7512734375 0.800040625 0.7473046875 0.778546875 0.7373875 0.778546875 0.735403125 0.750603125 0.722509375 0.7463046875 0.722509375 0.74200625 0.7205265625 0.729109375 0.7205265625 0.724809375 0.7185421875 0.709375 0.7185421875 0.709375 0.8288140625 0.724809375 0.8216921875000001 0.7334078125 0.8216921875000001 0.73985625 0.8246671875 0.73985625 0.8266515625 0.7484546875 0.83061875 0.7484546875 0.8326015625000001
9 0.827984375 0.75028125 0.8215359375 0.7473046875 0.8215359375 0.7453218749999999 0.8129375 0.7413546875 0.8129375 0.7393703125 0.8107890624999999 0.7383796874999999 0.806490625 0.7383796874999999 0.802190625 0.7363953125 0.79359375 0.7363953125 0.78929375 0.7344109375000001 0.7849953125 0.7344109375000001 0.7828453125 0.735403125 0.7828453125 0.7373875 0.800040625 0.7453218749999999 0.800040625 0.7492890625 0.804340625 0.7512734375 0.804340625 0.7572234375 0.8086390625 0.7592078124999999 0.8086390625 0.763175 0.8129375 0.7651578125 0.8129375 0.771109375 0.8236859375 0.7760687500000001 0.84088125 0.7760687500000001 0.853778125 0.7800359375 0.8623765625 0.7800359375 0.8666750000000001 0.78201875 0.8709734375 0.78201875 0.8838703125 0.7859859375 0.8924687499999999 0.7859859375 0.8967671875000001 0.7879703124999999 0.9096640624999999 0.7879703124999999 0.9118140625000001 0.786978125 0.9139640625000001 0.7859859375 0.9182625 0.7859859375 0.929009375 0.7810265625 0.929009375 0.771109375 0.9139640625000001 0.764165625 0.905365625 0.764165625 0.8924687499999999 0.7601984374999999 0.8838703125 0.7601984374999999 0.8795718750000001 0.758215625 0.8709734375 0.758215625 0.8666750000000001 0.75623125 0.8580765625 0.75623125 0.8451812500000001 0.7522640625 0.8365828125 0.7522640625 0.8322843750000001 0.75028125 0.827984375 0.75028125
13 0.9891953125 0.761190625 0.9891953125 0.7592078124999999 0.9827468749999999 0.75623125 0.9784484375 0.75623125 0.9698499999999999 0.7522640625 0.9655515625 0.7522640625 0.9526546874999999 0.7463140625 0.9483546875 0.7463140625 0.9354578124999999 0.742346875 0.9225609374999999 0.742346875 0.9204109375 0.7433375 0.9204109375 0.7453218749999999 0.9247109375000001 0.7473046875 0.9247109375000001 0.7572234375 0.9118140625000001 0.763175 0.9118140625000001 0.7671421875 0.9139640625000001 0.7681328125 0.9182625 0.7681328125 0.9247109375000001 0.771109375 0.9247109375000001 0.7730921875 0.929009375 0.7750765625 0.929009375 0.777059375 0.9247109375000001 0.77904375 0.9247109375000001 0.7810265625 0.9139640625000001 0.7859859375 0.9096640624999999 0.7859859375 0.905365625 0.7879703124999999 0.8924687499999999 0.7879703124999999 0.8860203125 0.7909453125 0.8903187499999999 0.7929296875 0.8903187499999999 0.7949125 0.9010671875 0.799871875 0.905365625 0.799871875 0.9139640625000001 0.8038390625 0.9182625 0.8038390625 0.9225609374999999 0.8058234375 0.931159375 0.8058234375 0.9354578124999999 0.80780625 0.9569531250000001 0.80780625 0.9612515625 0.809790625 0.9741484375 0.809790625 0.9762984375 0.8087984374999999 0.9762984375 0.8068140625 0.980596875 0.80483125 0.980596875 0.802846875 0.9891953125 0.7968968750000001 0.9848953125 0.7949125 0.9848953125 0.7929296875 0.9762984375 0.786978125 0.9827468749999999 0.784003125 0.9870453124999999 0.784003125 0.9913437500000001 0.78201875 0.9956437499999999 0.78201875 0.9977921875 0.7810265625 0.9977921875 0.7750765625 0.9934937500000001 0.7730921875 0.9934937500000001 0.763175 0.9891953125 0.761190625
13 0.776396875 0.7344109375000001 0.79359375 0.7344109375000001 0.7978921875 0.7363953125 0.806490625 0.7363953125 0.8086390625 0.735403125 0.8086390625 0.7314359375 0.804340625 0.729453125 0.804340625 0.72746875 0.800040625 0.7254859375 0.800040625 0.7235015625 0.7957421874999999 0.72151875 0.7957421874999999 0.7195343750000001 0.7849953125 0.714575 0.776396875 0.714575 0.7720984375 0.7125921875000001 0.7635 0.7125921875000001 0.7592015625 0.7106078124999999 0.754903125 0.7106078124999999 0.750603125 0.708625 0.7463046875 0.708625 0.74200625 0.706640625 0.73770625 0.706640625 0.7334078125 0.70465625 0.729109375 0.70465625 0.724809375 0.7026734375 0.7205109375000001 0.7026734375 0.7119140625 0.6987062500000001 0.709375 0.6987062500000001 0.709375 0.7185421875 0.7205109375000001 0.7185421875 0.724809375 0.7205265625 0.74200625 0.7205265625 0.7463046875 0.722509375 0.750603125 0.722509375 0.776396875 0.7344109375000001
3 0.7269593750000001 0.8603734375000001 0.7355578125 0.85640625 0.7355578125 0.8524390625 0.7484546875 0.8464875 0.7484546875 0.8445031249999999 0.752753125 0.8425203124999999 0.752753125 0.8345859375 0.7441546875 0.83061875 0.7441546875 0.828634375 0.7334078125 0.823675 0.7205109375000001 0.823675 0.7183609375 0.8246671875 0.7183609375 0.8266515625 0.709375 0.8307984375 0.709375 0.8641609375 0.7097640625 0.864340625 0.7097640625 0.8663234375 0.7119140625 0.867315625 0.724809375 0.867315625 0.7269593750000001 0.8663234375 0.7269593750000001 0.8603734375000001
13 0.84088125 0.8573968750000001 0.8301343749999999 0.86235625 0.8301343749999999 0.864340625 0.827984375 0.8653328124999999 0.8236859375 0.8653328124999999 0.7849953125 0.8831843750000001 0.7806968750000001 0.8831843750000001 0.7742484375 0.8861609375 0.7742484375 0.890128125 0.7806968750000001 0.893103125 0.806490625 0.893103125 0.8107890624999999 0.8950859375 0.8365828125 0.8950859375 0.83873125 0.8940953125 0.8559281249999999 0.88814375 0.8559281249999999 0.8861609375 0.8602265625 0.8841765625000001 0.8602265625 0.880209375 0.868825 0.8742578125 0.868825 0.870290625 0.8731234375 0.8683078125 0.8731234375 0.8663234375 0.881721875 0.8603734375000001 0.881721875 0.8583890625 0.8795718750000001 0.8573968750000001 0.8752734375 0.8573968750000001 0.8709734375 0.8554140625000001 0.8494796875 0.8554140625000001 0.8451812500000001 0.8573968750000001 0.84088125 0.8573968750000001
13 0.9010671875 0.809790625 0.8989171875 0.81078125 0.8989171875 0.8326015625000001 0.8903187499999999 0.838553125 0.8903187499999999 0.8445031249999999 0.8860203125 0.8464875 0.8860203125 0.8544218750000001 0.8924687499999999 0.8573968750000001 0.905365625 0.8573968750000001 0.9096640624999999 0.8554140625000001 0.9139640625000001 0.8573968750000001 0.9161125 0.85640625 0.9182625 0.8554140625000001 0.9225609374999999 0.8554140625000001 0.9741484375 0.831609375 0.9784484375 0.831609375 0.980596875 0.83061875 0.980596875 0.8167328125 0.9762984375 0.8147500000000001 0.9762984375 0.8127656249999999 0.9741484375 0.8117734375 0.9655515625 0.8117734375 0.9612515625 0.809790625 0.9526546874999999 0.809790625 0.9483546875 0.80780625 0.9096640624999999 0.80780625 0.905365625 0.809790625 0.9010671875 0.809790625