6 0 0 0 0.5890625 0.438375 0.5890625 0.51875 0.5642796875 0.51875 0 0 0
3 0 0.5890625 0.34893593749999996 0.5890625 0.35200312500000003 0.5443109374999999 0.2536734375 0.43996874999999996 0.1864546875 0.33261250000000003 0.07408437500000001 0.3085375 0.009871874999999999 0.26639375 0.0048515625 0.2874625 0.0269265625 0.3235859375 0.01689375 0.4138796875 0 0.42428906250000004 0 0.5890625
3 0.044584374999999996 0 0.0008375 0.06874375 0.014885937499999998 0.10285312499999999 0.010871875 0.233284375 0.0700703125 0.296496875 0.1754203125 0.31756562499999996 0.289796875 0.1550234375 0.289796875 0.058709374999999994 0.2747484375 0.037640625 0.22749843749999998 0 0.044584374999999996 0
3 0.292103125 0 0.31989375 0.32559218749999996 0.3058515625 0.47007187500000003 0.34999531250000004 0.52425 0.3666640625 0.5890625 0.40647656249999997 0.5890625 0.47139375 0.5653875 0.51875 0.559921875 0.51875 0 0.292103125 0
6 0.8099624999999999 0 0.7951937499999999 0.06202656250000001 0.7632 0.055398437499999995 0.7642 0.032192187500000004 0.7432046875 0.0288765625 0.60723125 0.0686578125 0.5612375000000001 0.10401875000000001 0.51875 0.15445781249999999 0.51875 0.5890625 1 0.5890625 1 0 0.8099624999999999 0
17 0.79319375 0.40680468750000004 0.785196875 0.415646875 0.7712 0.391334375 0.7212078125 0.41122500000000006 0.6762171875 0.476425 0.6822140625 0.5051546874999999 0.7142109375000001 0.5471468749999999 0.7262078125 0.578090625 0.7508671875 0.5890625 0.903403125 0.5890625 0.9081734375 0.5758796875 0.9161734375 0.476425 0.8711796875 0.45321875 0.8411875 0.42006718750000005 0.8031937499999999 0.40680468750000004 0.79319375 0.40680468750000004
17 0.8117281249999999 0 0.79619375 0.054293749999999995 0.80119375 0.07086875000000001 0.817190625 0.0752890625 0.9431671875 0.026665625 1 0.020585937500000002 1 0 0.8117281249999999 0
17 0.6992140625000001 0.225575 0.7342078125 0.21563125 0.7302078125 0.16921875 0.7442046875 0.10733437500000001 0.7322078125 0.10291406249999999 0.7432046875 0.1018078125 0.7562 0.0763953125 0.7642 0.0520828125 0.7612 0.026665625 0.6852140624999999 0.039925 0.59723125 0.0752890625 0.51875 0.1560484375 0.51875 0.27273125 0.5392421875 0.2852484375 0.583234375 0.25651875 0.620228125 0.29298437499999996 0.645225 0.2830375 0.6632203125 0.2520984375 0.6992140625000001 0.225575
17 0.6722171875 0.48084218749999996 0.6842140624999999 0.4499015625 0.7122109375 0.4167515625 0.7062109375000001 0.4034890625 0.6692171874999999 0.367021875 0.613228125 0.3449203125 0.577234375 0.358184375 0.5542374999999999 0.37917968750000003 0.5342453125 0.407909375 0.5322453125 0.44769218750000006 0.51875 0.45032500000000003 0.51875 0.5173203125 0.5242453125 0.529465625 0.51875 0.554978125 0.51875 0.576409375 0.5612375000000001 0.58140625 0.5691546875 0.5890625 0.6351671875 0.5890625 0.641225 0.5858234375 0.6712171875 0.5836125 0.6962140625 0.5493578125 0.6982140625000001 0.54051875 0.6722171875 0.49189531249999996 0.6722171875 0.48084218749999996
17 1 0.308021875 0.8931765625000001 0.2476765625 0.7632 0.22336406250000002 0.7112109375 0.225575 0.6652171874999999 0.25651875 0.6542203125 0.2841421875 0.629225 0.2918796875 0.60223125 0.3283453125 0.60523125 0.34271093750000003 0.641225 0.3493421875 0.6832140625 0.3736546875 0.7152109375 0.41122500000000006 0.7732 0.3891234375 0.787196875 0.40238281249999996 0.8351875 0.41122500000000006 0.8871765625 0.4377484375 0.9231703124999999 0.47532031249999995 0.9461671875000001 0.476425 0.9881593750000001 0.4521125 0.9861593750000001 0.4167515625 1 0.40240937499999996 1 0.308021875
0 0.51875 1 0.51875 0.5890625 0 0.5890625 0 1 0.51875 1
17 0 0.8409796875 0.020415625 0.8409796875 0.022409375000000002 0.8383203124999999 0.040353125000000004 0.8383203124999999 0.042346875 0.8409796875 0.0503203125 0.8409796875 0.0523140625 0.8436375 0.06228281249999999 0.8436375 0.0632796875 0.8423078125 0.0652734375 0.83965 0.0652734375 0.7971125 0.0642765625 0.7957828124999999 0.0543078125 0.7957828124999999 0.0523140625 0.7984421875 0.020415625 0.7984421875 0.018421874999999997 0.7957828124999999 0.016428125 0.7957828124999999 0.014434375 0.7984421875 0.008454687499999999 0.7984421875 0.0064609375 0.7957828124999999 0 0.7957828124999999 0 0.8409796875
6 1 0.5890625 0.51875 0.5890625 0.51875 1 1 1 1 0.5890625