0 0.359375 0 0.359375 0.6296875 1 0.6296875 1 0 0.359375 0
13 0.6309078125 0.611821875 0.6343 0.611821875 0.6376906250000001 0.609278125 0.6444734375000001 0.609278125 0.6546484375 0.6016484375 0.6580390625 0.6016484375 0.66651875 0.595290625 0.66651875 0.5876609375 0.6631265625 0.5851171875000001 0.6631265625 0.5825734375 0.652953125 0.57494375 0.652953125 0.5724 0.6343 0.5584125 0.6309078125 0.5584125 0.624125 0.553325 0.620734375 0.553325 0.6173437500000001 0.5507828124999999 0.6139515624999999 0.5507828124999999 0.6003859375 0.5406093750000001 0.5969953125 0.5406093750000001 0.593603125 0.538065625 0.5902125 0.538065625 0.5868203125 0.5355218749999999 0.5800375 0.5355218749999999 0.5681671875000001 0.5444234375 0.5681671875000001 0.5469671875000001 0.5546031250000001 0.557140625 0.5546031250000001 0.559684375 0.549515625 0.5634984375000001 0.5461234375 0.5634984375000001 0.544428125 0.5647703125 0.544428125 0.5673140625 0.5308625 0.5774874999999999 0.5308625 0.5800296875 0.5206890625 0.5876609375 0.5206890625 0.590203125 0.5071234375 0.6003765624999999 0.5071234375 0.6029203125 0.50373125 0.6054625 0.50373125 0.6080062500000001 0.500340625 0.61055 0.500340625 0.6283531250000001 0.5021203125 0.6296875 0.60208125 0.6296875 0.60208125 0.625809375 0.6139515624999999 0.6169078125 0.620734375 0.6169078125 0.624125 0.6143640625 0.6275171875 0.6143640625 0.6309078125 0.611821875
1 0.6300203125 0.46612187499999996 0.6222578125 0.459596875 0.59865625 0.4691515625 0.6064203125 0.47590937499999997 0.615425 0.47194843750000004 0.6300203125 0.46612187499999996
6 0.359375 1 0.359375 0.8710734375 0.30775625 0.84895 0.24620000000000003 0.76944375 0.17951875 0.76944375 0.146175 0.7335406250000001 0.1154015625 0.730975 0 0.7655937500000001 0 1 0.359375 1
22 0.32610625 1 0.294928125 0.9746218750000001 0.16926093749999999 0.9233281249999999 0.010245312500000001 0.91563125 0 0.9196046875 0 0.9784046875 0.029571874999999997 1 0.32610625 1
6 1 0.6296875 0.359375 0.6296875 0.359375 1 1 1 1 0.6296875
7 0.3747015625 1 0.3822875 0.9662593749999999 0.39247031250000003 0.9436140625 0.3975625 0.8485046875 0.4077453125 0.7986859374999999 0.40519999999999995 0.7805703125 0.4230203125 0.7624546875 0.420475 0.7488671874999999 0.40138125 0.7194296875 0.3810140625 0.710371875 0.359375 0.72860625 0.359375 1 0.3747015625 1
7 0.5762375 1 0.578315625 0.9889046875 0.5808625000000001 0.9481437500000001 0.5757703125 0.9254984374999999 0.5757703125 0.898325 0.5910453125 0.8168031250000001 0.58468125 0.796421875 0.54649375 0.796421875 0.542675 0.803215625 0.5146703125000001 0.9526718750000001 0.5161484375 1 0.5762375 1
16 0.9029093749999999 0.77830625 0.9220015625 0.7986859374999999 0.9283671874999999 0.828125 0.94236875 0.8258609375000001 0.9792828124999999 0.8190671875 0.9831015624999999 0.7851 0.9640078125 0.7511328125000001 0.9436421875000001 0.742075 0.9372765624999999 0.72169375 0.9029093749999999 0.6696109375 0.8723593749999999 0.6424359374999999 0.8710859375 0.6492296875 0.8939984375 0.703578125 0.8939984375 0.73528125 0.887634375 0.7511328125000001 0.879996875 0.7511328125000001 0.8710859375 0.766984375 0.9029093749999999 0.77830625
5 0.727003125 1 0.7234281250000001 0.9300265624999999 0.7119718749999999 0.9187046875 0.696696875 0.9187046875 0.6852406249999999 0.939084375 0.6901328125 1 0.727003125 1
5 0.8188968750000001 0.6424359374999999 0.8250390624999999 0.6296875 0.7262640625000001 0.6296875 0.7285203124999999 0.653759375 0.7374296874999999 0.6696109375 0.7565234375000001 0.6673453125 0.770525 0.6605531250000001 0.7781625 0.66508125 0.8188968750000001 0.6424359374999999
16 0.7094265625 0.6514953125 0.7056078125 0.6673453125 0.692878125 0.6854625000000001 0.692878125 0.6990484375 0.7132453125 0.73528125 0.7234281250000001 0.7805703125 0.7603421875 0.8507703125000001 0.7832546875 0.8507703125000001 0.8061671875 0.8824734375000001 0.8227156250000001 0.8802078124999999 0.830353125 0.853034375 0.8227156250000001 0.8213312500000001 0.8125312499999999 0.803215625 0.8074406249999999 0.7624546875 0.7934375 0.7375453125 0.7857999999999999 0.733015625 0.780709375 0.7149 0.761615625 0.6945203125 0.770525 0.6877265625 0.776890625 0.671875 0.765434375 0.66508125 0.7399765625 0.6741390625 0.7221546875 0.646965625 0.7094265625 0.6514953125
21 0.6839671875 0.77830625 0.6916046875 0.760190625 0.7017890625 0.760190625 0.7030609375 0.7715124999999999 0.6941515625 0.7737765624999999 0.692878125 0.7851 0.715790625 0.7851 0.715790625 0.7760421875 0.708153125 0.7715124999999999 0.7030609375 0.7307515625 0.6941515625 0.7149 0.6839671875 0.7149 0.677603125 0.689990625 0.6636015625 0.66508125 0.6534171875 0.6605531250000001 0.624140625 0.6945203125 0.6215953125 0.717165625 0.6266859375 0.7443390625 0.643234375 0.7737765624999999 0.6686921875 0.7692484375 0.6839671875 0.77830625
14 0.582134375 0.7918937500000001 0.5999546875 0.8145374999999999 0.6139578125 0.8122734375 0.6228671875 0.8100093749999999 0.6292328125 0.7986859374999999 0.624140625 0.7262234375000001 0.6203218749999999 0.7149 0.5948640625 0.6922546875 0.5795890625 0.66508125 0.566859375 0.6560234375 0.53885625 0.6560234375 0.5184890625 0.6741390625 0.5070328125 0.6945203125 0.5121249999999999 0.73528125 0.536309375 0.760190625 0.55413125 0.7918937500000001 0.582134375 0.7918937500000001
14 0.4841203125 0.7851 0.49048437500000003 0.8054796874999999 0.49684999999999996 0.803215625 0.5108515625 0.8009515625000001 0.5146703125000001 0.7941578125000001 0.5121249999999999 0.7307515625 0.49730468749999995 0.6296875 0.44196406250000003 0.6296875 0.440840625 0.6311140625 0.440840625 0.6492296875 0.451025 0.7488671874999999 0.4573890625 0.76471875 0.46757187499999997 0.760190625 0.4841203125 0.7851
7 0.6011875 0.6296875 0.587603125 0.6296875 0.5871234375000001 0.6536171875 0.5881734375 0.672671875 0.60325 0.700425 0.620225 0.6702265625 0.604946875 0.6490875 0.6011875 0.6296875
20 0.853265625 0.803215625 0.8596296875 0.8326546875 0.90418125 0.8303890624999999 0.9181828124999999 0.828125 0.9245484375 0.8122734375 0.9130921875 0.7873640625 0.9003625 0.77830625 0.8672671875000001 0.77830625 0.853265625 0.803215625
20 0.647053125 0.9436140625 0.6712390625 0.9277625 0.6839671875 0.909646875 0.6954234375 0.889265625 0.700515625 0.8666218750000001 0.692878125 0.7986859374999999 0.6763296875 0.7737765624999999 0.6636015625 0.7692484375 0.6343234375 0.7805703125 0.6343234375 0.8077453125 0.6419609375 0.8303890624999999 0.6445078125 0.8711499999999999 0.624140625 0.939084375 0.627959375 0.9458781249999999 0.647053125 0.9436140625
5 0.6445078125 0.8711499999999999 0.6445078125 0.8575640625000001 0.6330515625 0.8235953125 0.6152296875000001 0.828125 0.5897718750000001 0.8598281249999999 0.5808625000000001 0.8756796874999999 0.5757703125 0.898325 0.578315625 0.9300265624999999 0.5872265624999999 0.9504078125 0.5948640625 0.959465625 0.6114109375 0.9572015625000001 0.6266859375 0.93455625 0.6445078125 0.8711499999999999
12 0.5223078125 0.902853125 0.532490625 0.8666218750000001 0.5401281250000001 0.8168031250000001 0.53885625 0.8009515625000001 0.51594375 0.8145374999999999 0.5044875 0.853034375 0.5044875 0.8711499999999999 0.5223078125 0.902853125
12 0.6633859375 1 0.6648734375 0.939084375 0.6203218749999999 0.9458781249999999 0.612684375 0.959465625 0.6025015625 0.9639953125 0.58468125 0.9549359374999999 0.5767187500000001 1 0.6633859375 1
17 0.8470281249999999 1 0.8558109375 0.984375 0.8507187500000001 0.9662593749999999 0.8507187500000001 0.8620921875 0.8367171875 0.8371828125 0.8316250000000001 0.8371828125 0.830353125 0.8711499999999999 0.8239875 0.8870015625000001 0.8036218749999999 0.8870015625000001 0.7985296875000001 0.87794375 0.7832546875 0.8824734375000001 0.78961875 0.9209687499999999 0.78961875 0.939084375 0.784528125 0.9436140625 0.7870734374999999 0.9798453125 0.777078125 1 0.8470281249999999 1
3 1 0.81974375 0.9920125000000001 0.8190671875 0.9614625 0.828125 0.8749046875 0.8326546875 0.8558109375 0.8439765625 0.853265625 0.8756796874999999 0.8558109375 0.9526718750000001 0.8596296875 0.959465625 0.8749046875 0.9549359374999999 0.8927250000000001 0.9639953125 0.9563703125 0.9639953125 1 0.980334375 1 0.81974375
17 0.9741921874999999 0.6424359374999999 0.9665546875000001 0.6605531250000001 0.9563703125 0.6696109375 0.93855 0.66508125 0.9169109375 0.6854625000000001 0.9436421875000001 0.7375453125 0.98055625 0.757925 0.9907390625 0.7443390625 0.98819375 0.671875 0.9818296875 0.646965625 0.9741921874999999 0.6424359374999999