6 0.28669375 0 0.262534375 0.0507875 0.264140625 0.030421874999999998 0.2213234375 0.1153703125 0.1750890625 0.23377187500000002 0.14795 0.3396125 0.142128125 0.41875 0.6 0.41875 0.6 0.0144984375 0.5896015625000001 0 0.28669375 0
0 0.6 0 0.6 0.41875 1 0.41875 1 0 0.6 0
13 0.7076 0.3573890625 0.710459375 0.3573890625 0.714746875 0.35417343749999997 0.714746875 0.3520296875 0.7190359374999999 0.3488125 0.72189375 0.3488125 0.7261828125 0.34559687499999997 0.7261828125 0.343453125 0.7304703124999999 0.34023593750000003 0.7333296875 0.34023593750000003 0.7390484374999999 0.33594843750000003 0.74190625 0.33594843750000003 0.744765625 0.333803125 0.747625 0.333803125 0.7533421875 0.329515625 0.7562015625 0.329515625 0.7647781250000001 0.3230828125 0.7676359374999999 0.3230828125 0.7833609375 0.311290625 0.7833609375 0.3091453125 0.78621875 0.3070015625 0.78621875 0.3027125 0.7833609375 0.30056875 0.7833609375 0.298425 0.7776421874999999 0.2941359375 0.7776421874999999 0.2919921875 0.7747843750000001 0.2898484375 0.7747843750000001 0.283415625 0.771925 0.281271875 0.771925 0.279128125 0.769065625 0.2769828125 0.769065625 0.2726953125 0.7633484375 0.26840625 0.7633484375 0.26626249999999996 0.7504828125 0.2566140625 0.747625 0.2566140625 0.7361890625 0.2480375 0.7333296875 0.2480375 0.72189375 0.2394609375 0.7190359374999999 0.2394609375 0.71760625 0.23838750000000003 0.71760625 0.23624375 0.6990234375 0.22230625 0.6961640625000001 0.22230625 0.694734375 0.221234375 0.694734375 0.21909062499999998 0.690446875 0.21587499999999998 0.6875875 0.21587499999999998 0.684728125 0.21372968750000002 0.67329375 0.21372968750000002 0.6704343749999999 0.21587499999999998 0.667575 0.21587499999999998 0.6632875 0.21909062499999998 0.6632875 0.221234375 0.6475625 0.233028125 0.6447046875 0.233028125 0.6246921875 0.2480375 0.6218328125 0.2480375 0.6118265625 0.2555421875 0.6118265625 0.2576859375 0.6018203125 0.265190625 0.6 0.265190625 0.6 0.41875 0.6257859375 0.41875 0.6504218749999999 0.4002734375 0.65328125 0.4002734375 0.7061703125000001 0.36060625 0.7061703125000001 0.35846093749999997 0.7076 0.3573890625
6 0.6 1 0.6 0.41875 0.118446875 0.41875 0.1149609375 0.42496718749999995 0.112815625 0.4708375 0.090303125 0.4995078125 0.0559984375 0.5721375 0.0399171875 0.5893390625 0.045278125 0.598896875 0.0624296875 0.598896875 0.06671875000000001 0.6065421875 0.0870875 0.6008078125 0.0827984375 0.62374375 0.0827984375 0.6505015625 0.06671875000000001 0.6600578125000001 0.0613578125 0.6696156249999999 0.06350312500000001 0.6849046875 0.06993437500000001 0.6963734374999999 0.06564687500000001 0.7575359374999999 0.0795828125 0.778559375 0.086015625 0.778559375 0.09566406250000001 0.8072296874999999 0.08923125 0.8225203125 0.0806546875 0.8722140625 0.06993437500000001 0.9066171875 0.06993437500000001 0.9257312499999999 0.0817265625 0.9429328124999999 0.09459218750000001 0.94675625 0.10745625 0.9314656250000001 0.112815625 0.9219078125 0.1149609375 0.9066171875 0.1203203125 0.9008843750000001 0.12782500000000002 0.9142625000000001 0.12782500000000002 0.929553125 0.1192484375 0.971603125 0.1192484375 1 0.198028125 1 0.1985796875 0.9983609375 0.2007234375 0.971603125 0.20608437500000001 0.9696906249999999 0.2067640625 1 0.6 1
7 0.165346875 0.553025 0.144978125 0.5702265625 0.144978125 0.577871875 0.1342578125 0.596984375 0.1235359375 0.6313890625 0.08923125 0.749890625 0.0870875 0.7728265624999999 0.09566406250000001 0.799584375 0.09566406250000001 0.8110515625 0.08923125 0.830165625 0.0806546875 0.8875046875000001 0.072078125 0.910440625 0.072078125 0.9257312499999999 0.083871875 0.9429328124999999 0.09566406250000001 0.941021875 0.104240625 0.9219078125 0.1149609375 0.8722140625 0.131040625 0.8397218750000001 0.14819374999999999 0.82443125 0.1578421875 0.8072296874999999 0.16641875 0.769003125 0.1749953125 0.749890625 0.1792828125 0.6696156249999999 0.187859375 0.627565625 0.185715625 0.612275 0.2007234375 0.596984375 0.1985796875 0.5855171875 0.1824984375 0.5606703125 0.165346875 0.553025
7 0.2800546875 0.8263421875000001 0.273621875 0.849278125 0.271478125 0.8760375 0.273621875 0.891328125 0.2811265625 0.9047062499999999 0.290775 0.9066171875 0.2993515625 0.8989734374999999 0.310071875 0.8339874999999999 0.3197203125 0.8320765625 0.3250796875 0.8225203125 0.3315125 0.788115625 0.33365625 0.7537125 0.32936875 0.7346 0.32936875 0.7116640624999999 0.3422328125 0.64285625 0.3368734375 0.6256546875 0.3047109375 0.6256546875 0.3014953125 0.6313890625 0.2779109375 0.7575359374999999 0.2800546875 0.8263421875000001
7 0.4172765625 0.44025781249999996 0.4243125 0.41875 0.385890625 0.41875 0.395834375 0.44407968750000004 0.4001234375 0.48230625 0.4054828125 0.4918625 0.41513125000000006 0.48995156250000005 0.41942031249999995 0.47848281249999997 0.4172765625 0.44025781249999996
7 0.3698390625 0.41875 0.34024062499999996 0.41875 0.3422328125 0.42496718749999995 0.3422328125 0.455546875 0.3497375 0.47275 0.3572421875 0.4708375 0.3679625 0.455546875 0.3698390625 0.41875
5 0.414059375 0.8817703124999999 0.4033390625 0.8817703124999999 0.4001234375 0.8875046875000001 0.3990515625 0.9123515624999999 0.42477968749999995 0.9352874999999999 0.448365625 0.9696906249999999 0.45372500000000004 0.9677796875 0.4623015625 0.9371984375 0.452653125 0.916175 0.43550000000000005 0.9085296875 0.414059375 0.8817703124999999
5 0.427996875 0.8263421875000001 0.43550000000000005 0.8397218750000001 0.44729374999999993 0.8378109374999999 0.45801406250000004 0.8225203125 0.45372500000000004 0.738421875 0.4440765625 0.728865625 0.4312125 0.728865625 0.4215640625 0.7460671875 0.427996875 0.8263421875000001
5 0.45801406250000004 0.5052421875 0.4655171875 0.5186203125 0.48159843750000003 0.516709375 0.49339062499999997 0.510975 0.4998234375 0.5147984375 0.534128125 0.49568593749999995 0.5469921875 0.4689265625 0.5662890625 0.46510468749999995 0.56950625 0.451725 0.5620015625 0.44216875 0.5469921875 0.44216875 0.534128125 0.43452343750000005 0.4998234375 0.4536359375 0.47838281250000003 0.457459375 0.4590859375 0.47275 0.45586874999999993 0.48230625 0.45801406250000004 0.5052421875
16 0.4419328125 0.5033296875 0.4387171875 0.516709375 0.427996875 0.532 0.427996875 0.54346875 0.4451484375 0.5740484375 0.45372500000000004 0.612275 0.48481406250000003 0.6715265625 0.5041109374999999 0.6715265625 0.5234078125 0.698284375 0.5373453125000001 0.6963734374999999 0.5437765625 0.6734375 0.5373453125000001 0.6466796875 0.52876875 0.6313890625 0.5244796875 0.596984375 0.5126875 0.5759609375 0.5062546875 0.5721375 0.5019671875 0.556846875 0.4858859375 0.5396453125 0.49339062499999997 0.5339109375 0.4987515625 0.5205328125 0.489103125 0.5147984375 0.4676625 0.52244375 0.452653125 0.4995078125 0.4419328125 0.5033296875
21 0.4204921875 0.6103640625 0.42692500000000005 0.5950734375 0.43550000000000005 0.5950734375 0.4365734375 0.6046296875 0.42906875 0.6065421875 0.427996875 0.6160984375 0.44729374999999993 0.6160984375 0.44729374999999993 0.608453125 0.4408609375 0.6046296875 0.4365734375 0.5702265625 0.42906875 0.556846875 0.4204921875 0.556846875 0.41513125000000006 0.5358234375 0.4033390625 0.5147984375 0.3947625 0.510975 0.37010624999999997 0.5396453125 0.3679625 0.558759375 0.37225 0.58169375 0.3861875 0.6065421875 0.407628125 0.60271875 0.4204921875 0.6103640625
5 0.133184375 0.4307 0.131040625 0.46510468749999995 0.11174375 0.47275 0.090303125 0.4995078125 0.0827984375 0.516709375 0.0827984375 0.5396453125 0.091375 0.56258125 0.090303125 0.568315625 0.0559984375 0.5721375 0.0399171875 0.5893390625 0.0431328125 0.598896875 0.0570703125 0.6008078125 0.090303125 0.587428125 0.10102343750000001 0.5606703125 0.104240625 0.56258125 0.1020953125 0.5740484375 0.1053125 0.5797828125 0.13961718750000002 0.5797828125 0.15033749999999999 0.5606703125 0.169634375 0.553025 0.1792828125 0.5243546875 0.17285 0.467015625 0.167490625 0.457459375 0.1546265625 0.4536359375 0.14604999999999999 0.4383453125 0.133184375 0.4307
15 0.5070453125000001 0.41875 0.5405609375 0.4307 0.5662890625 0.44599062500000003 0.57165 0.44407968750000004 0.568434375 0.4307 0.5399468749999999 0.41875 0.5070453125000001 0.41875
14 0.334728125 0.62183125 0.3497375 0.6409453125 0.3615296875 0.639034375 0.36903437499999997 0.637121875 0.37439374999999997 0.627565625 0.37010624999999997 0.566403125 0.366890625 0.556846875 0.3454484375 0.537734375 0.33258437500000004 0.5147984375 0.3218640625 0.507153125 0.2982796875 0.507153125 0.2811265625 0.52244375 0.271478125 0.5396453125 0.2757671875 0.5740484375 0.2961359375 0.5950734375 0.31114375 0.62183125 0.334728125 0.62183125
14 0.2629015625 0.6313890625 0.27469375 0.6294765625000001 0.2779109375 0.62374375 0.2757671875 0.5702265625 0.2629015625 0.48230625 0.25325312499999997 0.4689265625 0.2232359375 0.476571875 0.21573281249999998 0.486128125 0.21573281249999998 0.50141875 0.22430781249999998 0.5855171875 0.22966875 0.598896875 0.2382453125 0.5950734375 0.25218124999999997 0.6160984375 0.2575421875 0.6333 0.2629015625 0.6313890625
14 0.178265625 0.41875 0.1771390625 0.42878906250000004 0.18464375 0.4689265625 0.2178765625 0.467015625 0.22002031249999998 0.44025781249999996 0.21600000000000003 0.41875 0.178265625 0.41875
7 0.33892968749999997 0.505121875 0.3398140625 0.5212046875 0.3525125 0.5446296875 0.366809375 0.519140625 0.3539421875 0.5012984375 0.34679375 0.464340625 0.341075 0.4426765625 0.336446875 0.41875 0.3052359375 0.41875 0.303903125 0.4286578125 0.3139109375 0.451596875 0.32391875 0.45924375 0.3360703125 0.45669531250000006 0.33964531249999996 0.46943906249999995 0.33892968749999997 0.505121875
20 0.5748656249999999 0.6103640625 0.5630734375 0.6313890625 0.568434375 0.6562359375 0.6 0.654628125 0.6 0.6103640625 0.5748656249999999 0.6103640625
20 0.38940312499999996 0.749890625 0.409771875 0.7365109375000001 0.4204921875 0.7212203125000001 0.43014062500000005 0.70401875 0.434428125 0.6849046875 0.427996875 0.627565625 0.414059375 0.6065421875 0.4033390625 0.60271875 0.3786828125 0.612275 0.3786828125 0.6352109375 0.3851140625 0.6543249999999999 0.387259375 0.688728125 0.37010624999999997 0.7460671875 0.37332187499999997 0.7518015625000001 0.38940312499999996 0.749890625
5 0.387259375 0.688728125 0.387259375 0.677259375 0.37761093749999997 0.648590625 0.3626015625 0.6524125 0.3411609375 0.679171875 0.33365625 0.69255 0.32936875 0.7116640624999999 0.3315125 0.738421875 0.3390171875 0.7556234374999999 0.3454484375 0.76326875 0.35938593750000003 0.7613578125 0.37225 0.7422453124999999 0.387259375 0.688728125
12 0.2843421875 0.7154859375 0.29291875 0.6849046875 0.2993515625 0.64285625 0.2982796875 0.6294765625000001 0.2789828125 0.6409453125 0.269334375 0.6734375 0.269334375 0.688728125 0.2843421875 0.7154859375
12 0.271478125 0.8531015625 0.2800546875 0.8225203125 0.27469375 0.778559375 0.2618296875 0.7823828125000001 0.254325 0.7919390625 0.25218124999999997 0.8263421875000001 0.2553984375 0.8550125 0.271478125 0.8531015625
12 0.38833125 0.8626578125 0.4022671875 0.8339874999999999 0.40441093749999996 0.7460671875 0.366890625 0.7518015625000001 0.36045781250000003 0.76326875 0.35188125000000003 0.7670921875000001 0.3368734375 0.759446875 0.3250796875 0.8263421875000001 0.3197203125 0.8359 0.3132875 0.8359 0.307928125 0.849278125 0.309 0.8779484375 0.3250796875 0.8760375 0.38833125 0.8626578125
17 0.516975 0.6944625 0.5041109374999999 0.698284375 0.509471875 0.7307765625 0.509471875 0.7460671875 0.5051828125 0.749890625 0.507328125 0.780471875 0.491246875 0.8129640625000001 0.48481406250000003 0.8167859375000001 0.4762375 0.8129640625000001 0.46122968750000004 0.790028125 0.45801406250000004 0.7957609375 0.45801406250000004 0.8263421875000001 0.448365625 0.8397218750000001 0.43550000000000005 0.8397218750000001 0.427996875 0.8263421875000001 0.4237078125 0.7766484375 0.41513125000000006 0.7537125 0.41513125000000006 0.7422453124999999 0.41191562499999995 0.7403328124999999 0.409771875 0.747978125 0.40441093749999996 0.749890625 0.40441093749999996 0.8225203125 0.3979796875 0.849278125 0.39261875 0.858834375 0.37225 0.8722140625 0.37332187499999997 0.8779484375 0.3851140625 0.879859375 0.47838281250000003 0.874125 0.491246875 0.8664796875 0.5148312500000001 0.8664796875 0.536271875 0.858834375 0.554496875 0.8034062499999999 0.5652171874999999 0.78429375 0.5609296875 0.769003125 0.5609296875 0.6810828124999999 0.5491375 0.6600578125000001 0.5448484375 0.6600578125000001 0.5437765625 0.688728125 0.5384171875 0.7021078125 0.5212640625 0.7021078125 0.516975 0.6944625
6 1 0.4643296875 0.9931156250000001 0.4676875 0.8878328124999999 0.47324687499999996 0.8719093750000001 0.41875 0.8371890625 0.41875 0.7955515625 0.47695625 0.7032703125 0.5455265625 0.6434796875 0.5844437499999999 0.6065234375 0.4633890625 0.626584375 0.6863734375 0.661678125 0.7883015624999999 0.720165625 0.89023125 0.786453125 0.9847468750000001 0.7979734374999999 1 1 1 1 0.4643296875
3 1 0.49969374999999994 0.921659375 0.49171875 0.865828125 0.525384375 0.8583140625000001 0.4626453125 0.840059375 0.4427546875 0.7713453125 0.5070218750000001 0.7241046875 0.5774125 0.6639765625 0.562109375 0.6564609375 0.5820031250000001 0.67149375 0.6217859375 0.65109375 0.6355578125 0.6306921875 0.6279078124999999 0.6328421875 0.6493296875000001 0.6671984375 0.6952359375 0.6521671875 0.7289 0.6843781250000001 0.765625 0.8181515625 1 1 1 1 0.49969374999999994