6 0 0 0 0.51875 0.6296875 0.51875 0.6296875 0 0 0
22 0 0.51875 0.22273281250000002 0.51875 0.23158125 0.5113609375 0.2844484375 0.514671875 0.3307078125 0.49481093749999994 0.34061875 0.4468078125 0.367053125 0.42032499999999995 0.382471875 0.36735937500000004 0.4287296875 0.33094687500000003 0.4177171875 0.191909375 0.387978125 0.0876328125 0.3615453125 0.084321875 0.3439234375 0.0942546875 0.11924062499999999 0.0810109375 0.11813906249999999 0.1124609375 0.129153125 0.15218437499999998 0.1225453125 0.181978125 0.10602343750000001 0.20680468749999997 0.0432453125 0.2382546875 0.059765625 0.292875 0.0917046875 0.29453125 0.1049234375 0.42032499999999995 0.0773875 0.43522343750000003 0.068578125 0.4517734375 0.044346875 0.44846250000000004 0.031129687499999996 0.4716359375 0 0.4662890625 0 0.51875
0 0.6296875 0 0.6296875 0.51875 1 0.51875 1 0 0.6296875 0
13 1 0.42125781250000005 0.9980156250000001 0.41861249999999994 0.9980156250000001 0.41568125 0.9936187500000001 0.409821875 0.9936187500000001 0.40689062500000006 0.990321875 0.4024953125 0.9881249999999999 0.4024953125 0.9859265625000001 0.405425 0.9793328125 0.405425 0.977134375 0.4024953125 0.9749375 0.4024953125 0.96724375 0.39223906249999996 0.96724375 0.38930937499999996 0.9628484374999999 0.3834484375 0.9628484374999999 0.3805171875 0.96175 0.379053125 0.9595515625000001 0.379053125 0.9551562499999999 0.3731921875 0.9529578125 0.3731921875 0.950759375 0.3702625 0.9485625000000001 0.3702625 0.9463640625 0.36733125 0.94196875 0.36733125 0.9397703125 0.3644015625 0.9221875 0.3644015625 0.9199890625 0.3614703125 0.882625 0.3614703125 0.8804265625 0.3644015625 0.8672390625 0.3644015625 0.865040625 0.36733125 0.8606453125 0.36733125 0.8584468749999999 0.3702625 0.8540515624999999 0.3702625 0.8518531250000001 0.3731921875 0.84965625 0.3731921875 0.845259375 0.379053125 0.8408640625 0.379053125 0.8298734375000001 0.3937046875 0.8276765625 0.3937046875 0.8177859375000001 0.40689062500000006 0.8177859375000001 0.409821875 0.8155875 0.4127515625 0.8155875 0.41568125 0.8133890625 0.41861249999999994 0.8133890625 0.42154218749999994 0.8111921875 0.4244734375 0.8111921875 0.427403125 0.80899375 0.4303328125 0.80899375 0.43912500000000004 0.8067953125 0.44205468750000004 0.8067953125 0.45670625 0.8045984374999999 0.4596359375 0.8045984374999999 0.4713578125 0.799103125 0.478684375 0.7969046875 0.478684375 0.7947078125 0.4816140625 0.7925093750000001 0.4816140625 0.7881140624999999 0.487475 0.7837171875 0.487475 0.7815203125 0.4904046875 0.7441546875 0.4904046875 0.7419578125 0.49333593750000004 0.7353640625 0.49333593750000004 0.733165625 0.49626562500000004 0.726571875 0.49626562500000004 0.7243734374999999 0.49919531250000004 0.7221765625 0.49919531250000004 0.719978125 0.5021265625 0.7177796875 0.5021265625 0.7155828125 0.50505625 0.713384375 0.50505625 0.706790625 0.513846875 0.7045921875000001 0.513846875 0.700915625 0.51875 1 0.51875 1 0.42125781250000005
6 0.6296875 1 0.6296875 0.51875 0 0.51875 0 1 0.6296875 1
22 0 0.80778125 0.061234374999999994 0.8046468750000001 0.10757968749999999 0.7671984375 0.1191640625 0.7727062499999999 0.1241296875 0.7958359374999999 0.188684375 0.79253125 0.175440625 0.788125 0.175440625 0.7727062499999999 0.19530468750000002 0.759490625 0.19530468750000002 0.7352593749999999 0.1737859375 0.6989124999999999 0.10426875 0.6879 0.0711640625 0.6879 0.0479921875 0.6989124999999999 0.029785937499999998 0.6956078125 0.029785937499999998 0.6845953125 0.054612499999999994 0.668075 0.145646875 0.6251203125 0.1423390625 0.611903125 0.091025 0.5865734375 0 0.5819124999999999 0 0.80778125
22 0.5561359375 0.739665625 0.5793078125 0.755084375 0.5743421875 0.7649953125 0.5428921875 0.7771125 0.5164093750000001 0.810153125 0.5743421875 0.8420937500000001 0.6296875 0.8507125 0.6296875 0.5915328125 0.5875843749999999 0.5931796874999999 0.53461875 0.6130046874999999 0.48661875 0.6537578125 0.5362734375 0.6801890625 0.5561359375 0.715434375 0.5561359375 0.739665625
6 1 0.51875 0.6296875 0.51875 0.6296875 1 1 1 1 0.51875
16 1 0.7241203125 0.9606999999999999 0.7241203125 0.9321171874999999 0.736721875 0.924421875 0.7598234374999999 0.9222234374999999 0.780825 0.9277203125 0.791325 0.9453093750000001 0.791325 0.9585015625000001 0.799725 0.97169375 0.799725 0.9782890625 0.791325 0.9892828124999999 0.8039265625 0.9991765625 0.801825 1 0.8016343750000001 1 0.7241203125
16 0.895840625 0.650615625 0.8782515625 0.5708109375 0.8705562499999999 0.556109375 0.855165625 0.5477093749999999 0.834278125 0.5876125 0.8364765625 0.6212140625 0.844171875 0.6317140625000001 0.8595625 0.6317140625000001 0.86945625 0.650615625 0.8716546875000001 0.6884187500000001 0.8826484375 0.6884187500000001 0.895840625 0.6800171875000001 0.895840625 0.650615625
16 0.7771140625 0.5834125 0.76941875 0.5645109374999999 0.7386375000000001 0.5309078125 0.7322734375 0.51875 0.7002859375 0.51875 0.7001609375 0.5204078125 0.693565625 0.5330078125 0.6957640625 0.558209375 0.72764375 0.6023125 0.7419359375 0.6044125 0.7771140625 0.5834125
16 0.8067953125 0.6863187500000001 0.8199875000000001 0.69891875 0.8331796875 0.7073203125 0.8452718750000001 0.7052203125000001 0.8573640625 0.70311875 0.8716546875000001 0.6884187500000001 0.8716546875000001 0.6590171875 0.8573640625 0.6317140625000001 0.7782125 0.6191140625 0.7617234374999999 0.650615625 0.7617234374999999 0.6632171875 0.7672203125 0.6779171875000001 0.7716171875 0.6779171875000001 0.7804109375 0.6611171875 0.7870078125 0.6611171875 0.7914046875 0.6695171875 0.8002 0.6695171875 0.8067953125 0.6863187500000001
16 0.9530046875 0.68421875 0.92991875 0.640115625 0.9123296875 0.635915625 0.905734375 0.6443156250000001 0.9024359375 0.6590171875 0.904634375 0.6758171875000001 0.92991875 0.68211875 0.9398125 0.7052203125000001 0.9376140625 0.7220203125 0.9409124999999999 0.7283203125 0.946409375 0.7262203125 0.955203125 0.69681875 0.9530046875 0.68421875
20 0.9376140625 0.69681875 0.9277203125 0.6779171875000001 0.9079328125 0.6779171875000001 0.8727546875 0.6905187500000001 0.8606624999999999 0.7052203125000001 0.8628609375 0.7178203125 0.8727546875 0.732521875 0.8859468749999999 0.7241203125 0.8969390625000001 0.7283203125 0.9101312500000001 0.7493218749999999 0.9178265624999999 0.7472218749999999 0.9376140625 0.730421875 0.9376140625 0.69681875
16 0.996978125 0.6674171875 0.996978125 0.654815625 0.9925796874999999 0.646415625 0.996978125 0.6296140625 0.9936796875 0.6191140625 0.9826859375 0.6107140625 0.9672953124999999 0.6107140625 0.9376140625 0.633815625 0.9398125 0.654815625 0.9541046874999999 0.6905187500000001 0.9727921875 0.6884187500000001 0.984884375 0.6863187500000001 0.996978125 0.6674171875