6 0 0 0 0.9990500000000001 1 0.9990500000000001 1 0 0 0
22 0.373046875 0.26806718749999997 0.3955078125 0.298828125 0.4560546875 0.328125 0.478515625 0.32665937500000003 0.4970703125 0.319334375 0.509765625 0.28564531249999997 0.5263671875 0.2695328125 0.5751953125 0.243165625 0.6064453125 0.196290625 0.6669921875 0.131834375 0.708984375 0.1069328125 0.6708984375 0.046875 0.6279296875 0 0.3623046875 0.005859375 0.341796875 0.045409375 0.3359390625 0.1040046875 0.365234375 0.186034375 0.373046875 0.26806718749999997
22 0 0.8247078125 0.0400390625 0.873046875 0.083984375 0.892090625 0.1318359375 0.8701171875 0.1611328125 0.84375 0.1904296875 0.8525406249999999 0.2080078125 0.791015625 0.2451171875 0.767578125 0.2822265625 0.7587906249999999 0.296875 0.7397453125 0.310546875 0.7163078125 0.322265625 0.663575 0.35546875 0.6430671875 0.3486328125 0.6064453125 0.35546875 0.607909375 0.3564453125 0.6210953124999999 0.3720703125 0.609375 0.3740234375 0.6240218750000001 0.396484375 0.6137703125 0.3828140625 0.555175 0.40625 0.48193281250000003 0.404296875 0.41455000000000003 0.390625 0.36767500000000003 0.3486328125 0.2841796875 0.3291015625 0.275390625 0.314453125 0.29443281250000003 0.310546875 0.32665937500000003 0.298828125 0.32959062499999997 0.2919921875 0.3779296875 0.2236328125 0.3046875 0.1767578125 0.290040625 0.1318359375 0.2578125 0.0478515625 0.234375 0 0.23877031249999997 0 0.8247078125
22 0.275390625 0.9477546875 0.283203125 0.9917 0.2939453125 0.9990218750000001 0.498046875 0.9975578125 0.5068359375 0.9960953124999999 0.5126953125 0.9814453125 0.5361328125 0.984375 0.56640625 0.959471875 0.568359375 0.9418953125 0.556640625 0.9067375 0.4814453125 0.7851578124999999 0.4228515625 0.7236328125 0.4091796875 0.6884781249999999 0.3759765625 0.6826171875 0.3232421875 0.7001953125 0.296875 0.748534375 0.287109375 0.795409375 0.275390625 0.9477546875
22 0.8701171875 0.7001953125 0.7841796875 0.7851578124999999 0.751953125 0.865721875 0.7568359375 0.9990218750000001 1 0.9975578125 0.9990234375 0.7294921875 0.9755859375 0.7529296875 0.9365234375 0.75 0.9189453125 0.7148453124999999 0.8701171875 0.7001953125
22 0.92578125 0.6958 0.9296890624999999 0.7368171875 0.9462890625 0.7470703125 0.98046875 0.7456046875 1 0.725096875 0.9990234375 0.251953125 0.9521484375 0.2929703125 0.947265625 0.31787031250000003 0.9375 0.32665937500000003 0.94140625 0.33544999999999997 0.92578125 0.37060468750000003 0.935546875 0.44091718750000003 0.916015625 0.5112296875 0.9140640624999999 0.555175 0.916015625 0.6518546875 0.9267578125 0.6679703124999999 0.939453125 0.6694328125 0.92578125 0.6958
22 0.5078140624999999 0.43505781250000003 0.5 0.44677812499999997 0.5 0.47900468749999997 0.501953125 0.49951249999999997 0.5078140624999999 0.49951249999999997 0.5078140624999999 0.48779218750000003 0.5234390624999999 0.46435468750000003 0.541015625 0.37646562499999997 0.5673828125 0.357421875 0.5966796875 0.3164078125 0.626953125 0.30029218750000003 0.6337890625 0.181640625 0.6181640625 0.1875 0.5673828125 0.2578125 0.5166015625 0.28125 0.5078140624999999 0.29443281250000003 0.49609375 0.36767500000000003 0.501953125 0.43212968749999997 0.5078140624999999 0.43505781250000003
22 0.69921875 0.139159375 0.7138671875 0.1435546875 0.7138671875 0.155271875 0.6943359375 0.1611328125 0.6708984375 0.1523453125 0.6689453125 0.1640625 0.658203125 0.1684578125 0.640625 0.23290937500000003 0.6455078125 0.287109375 0.6611328125 0.2929703125 0.7158203125 0.2783203125 0.705078125 0.24755781250000003 0.7177734375 0.2314453125 0.7451171875 0.240234375 0.7509765625 0.2578125 0.7763671875 0.2460953125 0.7900390625 0.251953125 0.796875 0.26513749999999997 0.783203125 0.30029218750000003 0.8193359375 0.328125 0.837890625 0.35595781249999997 0.841796875 0.37353437500000003 0.833984375 0.39111250000000003 0.8359390624999999 0.40576249999999997 0.861328125 0.44091718750000003 0.861328125 0.48486250000000003 0.884765625 0.48486250000000003 0.927734375 0.44677812499999997 0.921875 0.36181718749999997 0.9306640625 0.295896875 0.8583984375 0.2226578125 0.8095703125 0.1875 0.7900390625 0.1875 0.7802734375 0.202146875 0.7685546875 0.193359375 0.7548828125 0.2138671875 0.7373046875 0.2109375 0.724609375 0.1713875 0.7265640624999999 0.139159375 0.7177734375 0.131834375 0.69921875 0.139159375
22 0 0.20361250000000003 0.0048828125 0.2109375 0.0556640625 0.2080078125 0.0654296875 0.234375 0.130859375 0.25048750000000003 0.1484390625 0.1303703125 0.1484390625 0.057129687500000005 0.140625 0.0043953125 0.0009765625 0 0 0.20361250000000003
16 0.330078125 0.26806718749999997 0.345703125 0.21533281249999997 0.345703125 0.188965625 0.330078125 0.139159375 0.3095703125 0.10547031250000001 0.2783203125 0.0820328125 0.2509765625 0.079103125 0.212890625 0.115721875 0.177734375 0.180175 0.146484375 0.25927812499999997 0.259765625 0.32959062499999997 0.2978515625 0.313478125 0.330078125 0.26806718749999997
13 0.9296890624999999 0.7368171875 0.9482421875 0.7470703125 0.98046875 0.7456046875 1 0.725096875 0.9990234375 0.251953125 0.947265625 0.30029218750000003 0.947265625 0.31787031250000003 0.939453125 0.32372968750000003 0.94140625 0.33544999999999997 0.927734375 0.36474531250000003 0.935546875 0.44091718750000003 0.916015625 0.5112296875 0.9140640624999999 0.555175 0.916015625 0.654784375 0.935546875 0.6723625 0.92578125 0.6958 0.9296890624999999 0.7368171875
13 0.2919921875 0.7382828124999999 0.310546875 0.7075203125 0.3203140625 0.663575 0.3427734375 0.6533203125 0.353515625 0.631346875 0.341796875 0.5815421875 0.3203140625 0.5522453125 0.3193359375 0.5390625 0.3095703125 0.544921875 0.275390625 0.517090625 0.2841796875 0.498046875 0.2880859375 0.5126953125 0.294921875 0.5083 0.294921875 0.49658281249999997 0.2890640625 0.49658281249999997 0.2939453125 0.48047031249999994 0.310546875 0.48193281250000003 0.30078125 0.39697187500000003 0.2763671875 0.357421875 0.2236328125 0.3046875 0.1806640625 0.2929703125 0.1279296875 0.2548828125 0.0009765625 0.225584375 0 0.821778125 0.0361328125 0.8701171875 0.08203125 0.892090625 0.1318359375 0.8701171875 0.1689453125 0.837890625 0.1904296875 0.8525406249999999 0.201171875 0.8012703125 0.2099609375 0.7880843750000001 0.2451171875 0.767578125 0.2470703125 0.75 0.2509765625 0.7617203124999999 0.265625 0.757325 0.2568359375 0.75 0.2822265625 0.755859375 0.2890640625 0.7456046875 0.28125 0.7397453125 0.2919921875 0.7382828124999999
13 0.412109375 0.663575 0.4033203125 0.6533203125 0.3525390625 0.662109375 0.296875 0.748534375 0.283203125 0.8334953125 0.2822265625 0.896484375 0.28125 0.8715828125 0.2724609375 0.8554703124999999 0.2119140625 0.7998046875 0.19921875 0.845215625 0.1865234375 0.8642578125 0.1162109375 0.8818343750000001 0.0927734375 0.896484375 0.0478515625 0.890625 0 0.9506828125 0.0009765625 0.9990218750000001 0.2705078125 0.9960953124999999 0.2744140625 0.943359375 0.2861328125 0.9960953124999999 0.50390625 0.9975578125 0.5556640625 0.9755843750000001 0.60546875 0.912596875 0.5849609375 0.8789078124999999 0.5615234375 0.8759781249999999 0.5400390625 0.8466796875 0.5263671875 0.8554703124999999 0.4814453125 0.7851578124999999 0.4248046875 0.7265625 0.4052734375 0.685546875 0.34375 0.6928703125 0.341796875 0.681153125 0.3525390625 0.6679703124999999 0.4033203125 0.6708968750000001 0.412109375 0.663575