6 0.28955000000000003 0 0 0.0337203125 0 0.5382125 0.0295953125 0.99835 0.47365312499999995 0.97766875 0.9943937500000001 0.917025 0.9971921874999999 0.43596406249999997 0.9691515624999999 0 0.28955000000000003 0
22 0.9715562500000001 0.05264375 0.7857125 0.0332 0.6523078124999999 0.0047125 0.615275 0.009025 0.5299968749999999 0.0571078125 0.28819062500000003 0.052985937500000004 0.27164062499999997 0.085728125 0.2732515625 0.141303125 0.281290625 0.15944375 0.523696875 0.23393437499999997 0.5806328125 0.2948046875 0.6113703125 0.3147046875 0.9758796875 0.37937656249999996 0.9924843750000001 0.36276875 0.9715562500000001 0.05264375
22 0 0.40959218750000004 0.0189359375 0.41598125 0.038165624999999995 0.44015624999999997 0.066334375 0.4354078125 0.09004375 0.4223734375 0.12306718750000001 0.38624375 0.159634375 0.29834218749999997 0.1634203125 0.2656171875 0.1569765625 0.19593125 0.12369062500000001 0.1058921875 0.1448328125 0.06821406249999999 0.1234125 0.0252171875 0 0.0384359375 0 0.40959218750000004
12 0.5194609375 0.29019062500000004 0.506565625 0.30343125 0.24908281250000003 0.6357062499999999 0.2617703125 0.6650453125 0.271890625 0.6697359374999999 0.3829765625 0.5496765625 0.4555109375 0.45612031249999996 0.520190625 0.34733437500000003 0.5300109375 0.316840625 0.5287 0.29645 0.5194609375 0.29019062500000004
12 0.380215625 0.827340625 0.393653125 0.8683328124999999 0.421821875 0.8635859375000001 0.424915625 0.83534375 0.4592515625 0.8196046875 0.4862203125 0.8267374999999999 0.451175 0.7398374999999999 0.44873906249999995 0.7019671875 0.433540625 0.6641171875 0.4006671875 0.64153125 0.3652078125 0.6397906250000001 0.3211265625 0.6566640625 0.27766250000000003 0.6984109375 0.29374218750000003 0.7346921875 0.3207671875 0.757959375 0.32678281249999996 0.805684375 0.3435765625 0.7919875000000001 0.35545781249999997 0.7935390625000001 0.380215625 0.827340625
12 0.604940625 0.3521375 0.5811203125 0.33290000000000003 0.547046875 0.3221953125 0.5295046875 0.3242375 0.46010156249999995 0.45118281250000003 0.47029375 0.579128125 0.444728125 0.6701515625 0.45012656250000005 0.6930031249999999 0.48054375 0.7232093749999999 0.557740625 0.747971875 0.5759765625 0.7414453125 0.58371875 0.724403125 0.5805328125 0.67488125 0.5590359375 0.66124375 0.5511828125 0.6460140625 0.5661578125 0.6193234375000001 0.5951515625 0.5968718749999999 0.595603125 0.5733406249999999 0.5754374999999999 0.5346015625 0.597703125 0.5144 0.5890453124999999 0.4713828125 0.5953999999999999 0.46330781249999997 0.60803125 0.476509375 0.6179078125 0.4621546875 0.6204953125 0.441309375 0.604940625 0.3521375
12 0.9949203125 0.40063750000000004 0.9932343749999999 0.3744234375 0.9093249999999999 0.45903124999999995 0.5850875 0.6083171875 0.5681078125 0.619096875 0.55489375 0.642646875 0.56896875 0.66301875 0.5854421875 0.6596328125 0.99685 0.44590625 0.9962875 0.437165625 0.96774375 0.4360875 0.9949203125 0.40063750000000004
12 0 0.4099234375 0.0230234375 0.418440625 0.036215625 0.44038281250000005 0.066334375 0.4354078125 0.12130624999999999 0.3893828125 0.1566734375 0.3133609375 0.1632328125 0.2627046875 0.1602359375 0.21609531249999997 0.125265625 0.099840625 0.14149687500000002 0.0774046875 0.14213437499999998 0.056787500000000005 0.1255484375 0.027904687500000004 0.10744374999999999 0.0212078125 0 0.0337203125 0 0.4099234375
7 0.965759375 0.3746875 0.9926718749999999 0.3656828125 0.96960625 0.052871875 0.7857125 0.0332 0.6542578125 0.0044859375 0.613325 0.009251562500000001 0.5376078125 0.0532890625 0.355396875 0.0598328125 0.2940375 0.0523046875 0.28252968749999996 0.05658125000000001 0.273028125 0.0767625 0.2732515625 0.141303125 0.281290625 0.15944375 0.523696875 0.23393437499999997 0.5806328125 0.2948046875 0.6113703125 0.3147046875 0.965759375 0.3746875
12 0 0.5606921875 0.02885625 0.998384375 0.1287984375 0.9937296874999999 0.2508390625 0.9377906250000001 0.2571921875 0.929715625 0.25318125 0.8978984375 0.2611109375 0.88376875 0.25550625 0.9034968750000001 0.259009375 0.942709375 0.1473453125 0.992865625 0.48435468750000005 0.9771703125 0.6926421875 0.9523734375 0.6957890625 0.9402687500000001 0.6639296875 0.9028921875 0.6496109375 0.8634703125 0.613346875 0.8339437500000001 0.5764984375 0.8411703125000001 0.5282203125 0.8233124999999999 0.48571406250000004 0.834134375 0.4695578125 0.827209375 0.4445953125 0.8359875000000001 0.42131562499999997 0.8709796875 0.3170734375 0.8684453124999999 0.3716515625 0.8620906250000001 0.381903125 0.8535578125000001 0.38096562500000003 0.83899375 0.369534375 0.8139109375 0.3497984375 0.797134375 0.31810625 0.808159375 0.3168703125 0.7584140625 0.2962546875 0.743203125 0.259821875 0.665271875 0.2190390625 0.611321875 0.2003375 0.5342609375 0.166021875 0.50450625 0.1404953125 0.5045421875 0.0776359375 0.47371093750000004 0 0.4238640625 0 0.5606921875
7 0.46804843749999997 0 0.461740625 0.0034265625 0.40482031249999995 0.049675000000000004 0.4867421875 0.056278125 0.5383015624999999 0.04880625 0.6016296875 0.0106140625 0.6718 0.0024421875 0.671703125 0 0.46804843749999997 0
7 0.160065625 0.320303125 0.11620781250000001 0.40171718749999996 0.0856390625 0.43022499999999997 0.10529843750000001 0.47635937500000003 0.13013125 0.480803125 0.18157812499999998 0.44106249999999997 0.24050312499999998 0.410721875 0.25472968749999997 0.372378125 0.2662 0.3064765625 0.2847 0.2735046875 0.31262500000000004 0.24970937499999998 0.3514203125 0.24225625 0.38335625 0.250278125 0.4121453125 0.2704046875 0.4507890625 0.3216671875 0.5236203125000001 0.2632921875 0.5313625 0.24624687500000003 0.41135781250000003 0.1971234375 0.337365625 0.17639218750000002 0.30831718750000003 0.182709375 0.160065625 0.320303125
7 0.46923125 0 0.400921875 0.050128125 0.459265625 0.056542187499999993 0.54025 0.0485796875 0.6131375 0.006339062500000001 0.6758859375 0.0049015625 0.6752687500000001 0 0.46923125 0