6 0.6593390625 0.609190625 0.7336078125000001 0.44128749999999994 0.3657421875 0.2167484375 0.2516859375 0.48848125 0.24018437499999998 0.5272328125 0.6147859375 0.7750781250000001 0.6593390625 0.609190625
22 0.48344375 0.6611078125 0.48017031250000003 0.6797718749999999 0.5637375 0.7405984375 0.578996875 0.6819546875 0.5171875 0.60584375 0.48344375 0.6611078125
22 0.465625 0.36424218750000004 0.439675 0.438040625 0.48380156249999995 0.48095625000000003 0.5661453125 0.39480624999999997 0.5278359375 0.343471875 0.465625 0.36424218750000004
14 0.48718593749999994 0.47040625 0.5656375 0.416653125 0.5607968750000001 0.38735624999999996 0.5325640625 0.3480609375 0.4714609375 0.3605171875 0.45846093750000005 0.3768125 0.45286875000000004 0.43851874999999996 0.4721578125 0.466178125 0.48718593749999994 0.47040625
3 0.52571875 0.5844328125 0.521909375 0.6050234375 0.5486515625 0.6193875 0.6315734375 0.571453125 0.63666875 0.524428125 0.6296734374999999 0.5127703125 0.6295921875 0.492225 0.5937046875 0.41485781250000003 0.5612078125 0.4211078125 0.5132265625 0.4480875 0.48610781249999996 0.47922343749999996 0.533959375 0.5593859375 0.57213125 0.511975 0.5838046875 0.5118390625 0.594153125 0.5278609375000001 0.5931984375 0.5675 0.5452171875 0.5944796875 0.5318046875 0.577021875 0.52571875 0.5844328125
3 0.48944687499999995 0.6905265625 0.555515625 0.7381875 0.5641265625 0.73661875 0.5808953125 0.6894578124999999 0.519425 0.60945625 0.49210000000000004 0.658209375 0.48944687499999995 0.6905265625
3 0.404059375 0.466975 0.4069140625 0.4860203125 0.40000156249999996 0.4949078125 0.410059375 0.5079984375000001 0.428978125 0.51218125 0.404059375 0.466975
3 0.3515703125 0.4088828125 0.327934375 0.4062234375 0.3132375 0.4152 0.3027625 0.43733750000000005 0.3062375 0.472521875 0.33264375 0.5426609375 0.377309375 0.5905703124999999 0.42152031250000005 0.5944578125 0.4386609375 0.570775 0.4332 0.5253421875 0.42384374999999996 0.5489328125 0.379878125 0.5377046875 0.38749375 0.5655015624999999 0.371390625 0.5700937500000001 0.3370328125 0.52793125 0.337240625 0.5103171875 0.318490625 0.47824999999999995 0.3170421875 0.4635890625 0.3316171875 0.4237921875 0.3524390625 0.417678125 0.37110937499999996 0.4292015625 0.3783953125 0.4437921875 0.386715625 0.4392921875 0.3515703125 0.4088828125
9 0.3500828125 0.38395 0.3518203125 0.40154218750000004 0.35769843749999997 0.4117453125 0.36605937499999996 0.41751875 0.36995 0.4174734375 0.3763671875 0.42326874999999997 0.38108749999999997 0.421746875 0.394665625 0.4113125 0.39880625 0.403928125 0.3982265625 0.3980640625 0.3998828125 0.3951078125 0.3972765625 0.3687203125 0.382746875 0.3498109375 0.378565625 0.34692500000000004 0.3746734375 0.3469703125 0.37244062499999997 0.3440609375 0.36660312500000003 0.3441296875 0.364946875 0.347084375 0.36105468749999997 0.3471296875 0.3574546875 0.3501078125 0.3533140625 0.3574953125 0.35418125 0.36628906250000004 0.3500828125 0.38395
12 0.4656203125 0.42956562500000006 0.4661984375 0.4354265625 0.47149843750000003 0.43976875 0.475390625 0.4397234375 0.47704375 0.4367671875 0.47899062499999995 0.4367453125 0.4812265625 0.43965468750000003 0.4967921875 0.43947343749999995 0.49762031249999994 0.4379953125 0.5051140625 0.434971875 0.5048234375 0.4320390625 0.5064796874999999 0.42908749999999996 0.5047421875 0.41149375 0.5013890625 0.4071328125 0.49360625 0.4072234375 0.48462500000000003 0.3853109375 0.475434375 0.3810171875 0.47377812500000005 0.38397187499999996 0.47183125 0.3839953125 0.4646703125 0.400221875 0.4652484375 0.40608750000000005 0.46359218750000003 0.40903906250000005 0.465040625 0.4237 0.46338437499999996 0.42665625 0.4656203125 0.42956562500000006
12 0.42700468750000004 0.294990625 0.425928125 0.303809375 0.42178750000000004 0.311196875 0.418434375 0.3068328125 0.4292765625 0.377153125 0.444425 0.4121984375 0.4508421875 0.4179953125 0.4557296875 0.388584375 0.4642578125 0.3664703125 0.5203109375 0.34233281249999997 0.5271859375 0.3231734375 0.5276828124999999 0.3084921875 0.5220953125000001 0.3012171875 0.5143109375 0.301309375 0.5073171875 0.28965 0.499534375 0.2897421875 0.49477343749999997 0.280990625 0.48757031250000005 0.2869453125 0.482809375 0.27819531249999996 0.47250312499999997 0.27244375 0.4280421875 0.2759 0.4222453125 0.28624218749999997 0.42700468750000004 0.294990625