6 0.0016671874999999998 0 0.0016671874999999998 0.99735 1 0.99735 1 0 0.0016671874999999998 0
22 0.982421875 0.45849531250000003 1 0.44384687500000003 0.9990234375 0.131834375 0.8154296875 0.0908203125 0.6845703125 0.046875 0.6474609375 0.046875 0.5595703125 0.084959375 0.3193359375 0.052734375 0.30078125 0.0834953125 0.298828125 0.139159375 0.3056640625 0.158203125 0.5419921875 0.2607421875 0.5947265625 0.328125 0.6240234375 0.3515625 0.982421875 0.45849531250000003
22 0 0.37060468750000003 0.0283203125 0.383790625 0.0458984375 0.41015781249999994 0.07421875 0.40869218749999997 0.0986328125 0.3984375 0.1337890625 0.366209375 0.17578125 0.28271562499999997 0.181640625 0.25048750000000003 0.1796890625 0.180175 0.15234375 0.086425 0.17578125 0.051270312500000005 0.1572265625 0.005859375 0 0.0043953125 0 0.37060468750000003
12 0.54296875 0.34423750000000003 0.54296875 0.32372968750000003 0.5341796875 0.3164078125 0.5205078125 0.328125 0.2431640625 0.6298828125 0.25390625 0.6606453125 0.263671875 0.6665046875 0.3818359375 0.5595703125 0.4599609375 0.474609375 0.53125 0.37353437500000003 0.54296875 0.34423750000000003
12 0.3271484375 0.796875 0.3388671875 0.7998046875 0.361328125 0.836425 0.3720703125 0.8789078124999999 0.400390625 0.8774421875 0.4052734375 0.849609375 0.4404296875 0.837890625 0.466796875 0.8481453125 0.4375 0.757325 0.4375 0.7192375 0.4248046875 0.6796875 0.3935546875 0.6533203125 0.3583984375 0.6474593750000001 0.3134765625 0.6591796875 0.267578125 0.6958 0.28125 0.7338875 0.306640625 0.7602546875 0.3095703125 0.8085953124999999 0.3271484375 0.796875
12 0.62109375 0.49951249999999997 0.625 0.47900468749999997 0.615234375 0.38818281250000003 0.5927734375 0.366209375 0.5595703125 0.3515625 0.5419921875 0.3515625 0.46484375 0.47021562499999997 0.466796875 0.5991203125 0.435546875 0.6870125 0.439453125 0.71045 0.4677734375 0.744140625 0.54296875 0.7778328125 0.5615234375 0.7734375 0.5703140624999999 0.757325 0.5703140624999999 0.7075203125 0.5498046875 0.6914078124999999 0.54296875 0.6752921875 0.5595703125 0.650390625 0.58984375 0.631346875 0.591796875 0.607909375 0.57421875 0.5668953125 0.59765625 0.5493171875 0.591796875 0.5053703125 0.5986328125 0.498046875 0.6103515625 0.5126953125 0.62109375 0.49951249999999997
12 1 0.45556718749999997 0.9111328125 0.5302718750000001 0.5791015625 0.6416031249999999 0.5615234375 0.650390625 0.546875 0.6723625 0.5595703125 0.6943343750000001 0.576171875 0.6928703125 0.9990234375 0.5273453124999999 0.9990234375 0.5185546875 0.970703125 0.514159375 1 0.48193281250000003 1 0.45556718749999997
12 0.0009765625 0 0 0.37060468750000003 0.0322265625 0.3867203125 0.0439453125 0.41015781249999994 0.07421875 0.40869218749999997 0.1318359375 0.369140625 0.171875 0.29736250000000003 0.181640625 0.24755781250000003 0.181640625 0.20068281250000003 0.154296875 0.0805671875 0.171875 0.060057812499999995 0.173828125 0.03955 0.1591796875 0.008790625 0.1416015625 0 0.0009765625 0
7 0.5947265625 0.328125 0.6240234375 0.3515625 0.97265625 0.45263749999999997 1 0.44677812499999997 0.9970703125 0.131834375 0.8154296875 0.0908203125 0.6865234375 0.046875 0.6455078125 0.046875 0.5673828125 0.0820328125 0.3857421875 0.0673828125 0.3251953125 0.052734375 0.3134765625 0.055665624999999996 0.302734375 0.0747078125 0.298828125 0.139159375 0.3056640625 0.158203125 0.5419921875 0.2607421875 0.5947265625 0.328125
12 0.361328125 0.8481453125 0.3515640625 0.821778125 0.3330078125 0.802734375 0.30078125 0.8100578125 0.302734375 0.7602546875 0.283203125 0.742675 0.251953125 0.6606453125 0.21484375 0.60205 0.201171875 0.52295 0.1689453125 0.4892578125 0.1435546875 0.486328125 0.0830078125 0.4482421875 0 0.38232499999999997 0.0009765625 0.9960953124999999 0.0322265625 0.9960953124999999 0.2255859375 0.931640625 0.232421875 0.9243171875 0.23046875 0.892090625 0.2392578125 0.8789078124999999 0.232421875 0.89795 0.2333984375 0.9375 0.06640625 0.9917 0.0966796875 0.9990218750000001 0.6640640624999999 0.9975578125 0.66796875 0.985840625 0.638671875 0.944825 0.626953125 0.9038078125 0.5927734375 0.8701171875 0.5556640625 0.873046875 0.5087890625 0.849609375 0.4658203125 0.8554703124999999 0.4501953125 0.8466796875 0.4248046875 0.8525406249999999 0.3994140625 0.884765625 0.2958984375 0.8701171875 0.3505859375 0.8701171875 0.361328125 0.8627921875 0.361328125 0.8481453125
7 0.5517578125 0 0.4951171875 0.0234375 0.435546875 0.0629875 0.5166015625 0.079103125 0.568359375 0.0776375 0.6337890625 0.046875 0.7041015625 0.046875 0.705078125 0.007325 0.7021484375 0 0.5517578125 0
7 0.3603515625 0.181640625 0.3310546875 0.1845703125 0.1748046875 0.3046875 0.1259765625 0.380859375 0.09375 0.40576249999999997 0.1103515625 0.45410312499999994 0.134765625 0.46142500000000003 0.1884765625 0.427734375 0.2490234375 0.404296875 0.265625 0.36767500000000003 0.28125 0.30322187500000003 0.3017578125 0.272459375 0.3310546875 0.251953125 0.3701171875 0.249021875 0.4013671875 0.2607421875 0.4287109375 0.2841796875 0.4638671875 0.3398453125 0.5400390625 0.290040625 0.548828125 0.27392500000000003 0.4326171875 0.2109375 0.3603515625 0.181640625
7 0.5703140624999999 0.0776375 0.6455078125 0.0439453125 0.7080078125 0.0498046875 0.705078125 0.001465625 0.5380859375 0 0.431640625 0.0629875 0.4892578125 0.076171875 0.5703140624999999 0.0776375