6 0 0 0 0.113709375 0.0870328125 0.156690625 0.229640625 0.08621562499999999 0.2629578125 0 0 0
6 0.3 0.15926875000000001 0.126209375 0.16123749999999998 0.043329687500000005 0.296734375 0.046825 0.3890625 0.3 0.3890625 0.3 0.15926875000000001
22 0.18419375 0.33401562500000004 0.19481874999999998 0.3890625 0.3 0.3890625 0.3 0.317528125 0.254715625 0.274909375 0.2249390625 0.29536875 0.1309109375 0.190790625 0.1199421875 0.22489374999999998 0.18419375 0.33401562500000004
7 0.13636874999999998 0.264771875 0.20960937500000001 0.34900000000000003 0.20960937500000001 0.367309375 0.1969828125 0.37463437499999996 0.20963125 0.3890625 0.3 0.3890625 0.3 0.3204875 0.2689609375 0.28857499999999997 0.21844999999999998 0.28857499999999997 0.1830921875 0.24462812500000003 0.145209375 0.22265625 0.13636874999999998 0.264771875
7 0.10101093750000001 0.26110937500000003 0.0441859375 0.32153437500000004 0.037870312499999996 0.34900000000000003 0.0725046875 0.3890625 0.3 0.3890625 0.3 0.1383734375 0.1830921875 0.134765625 0.13636874999999998 0.16955625000000002 0.146471875 0.195190625 0.122478125 0.193359375 0.10101093750000001 0.26110937500000003
7 0.017665624999999997 0.327025 0.02955 0.3890625 0.3 0.3890625 0.3 0.139790625 0.2740125 0.134765625 0.1881421875 0.13110312500000001 0.09217031249999999 0.18969687500000001 0.0454484375 0.26110937500000003 0.017665624999999997 0.327025
9 0 0.3734046875 0.015140625 0.36364687500000004 0.0201921875 0.297728125 0 0.22819375000000003 0 0.3734046875
22 0 0 0 0.3890625 0.010575 0.3890625 0.016403124999999998 0.35449375 0.026892187499999998 0.3890625 0.3 0.3890625 0.3 0.1379265625 0.1818296875 0.12927187499999998 0.22729062500000002 0.085328125 0.257596875 0.026734374999999998 0.263128125 0 0.2478640625 0 0.2235015625 0.013915625000000001 0.21339843749999998 0.046875 0.200771875 0.046875 0.1654140625 0.079834375 0.1553109375 0.10913124999999999 0.07954375 0.123778125 0.055640625 0 0 0
26 0.49436562500000003 0 0.5346359374999999 0.1951828125 0.6139375 0.32594218750000004 0.6945578125 0.3237609375 0.7857515625 0.29978906250000004 0.8452265625000001 0.2104375 0.8875187499999999 0.062248437499999996 0.87288125 0 0.49436562500000003 0
11 0.50260625 0 0.514596875 0.079053125 0.5298046875 0.0999421875 0.5323390625 0.18348906250000002 0.5526171875 0.196025 0.55515 0.241975 0.5868328125 0.28584062499999996 0.6641421875 0.33388125 0.794678125 0.2816640625 0.8301609375 0.2106453125 0.8567765625 0.1918453125 0.871984375 0.14171562499999998 0.8760796875000001 0 0.50260625 0
6 0.3 1 0.3 0.3890625 0 0.3890625 0 1 0.3 1
0 1 0.3890625 0.3 0.3890625 0.3 1 1 1 1 0.3890625
2 0.7024453125 0.6411328125 0.6974015625 0.64785625 0.6873125 0.64785625 0.684790625 0.65121875 0.674703125 0.65121875 0.6721812500000001 0.65458125 0.654528125 0.65458125 0.6520046875000001 0.65794375 0.6368734375 0.65794375 0.6343515625 0.66130625 0.6293078125 0.66130625 0.628046875 0.6629875000000001 0.628046875 0.673075 0.625525 0.6764375 0.625525 0.6831609375000001 0.628046875 0.6865234375 0.628046875 0.6932484375 0.625525 0.6966109375 0.625525 0.7066984374999999 0.628046875 0.7100609375 0.628046875 0.716784375 0.6343515625 0.725190625 0.6393953125 0.725190625 0.6419171875 0.728553125 0.643178125 0.726871875 0.6444390624999999 0.725190625 0.7175765625 0.725190625 0.7188375 0.723509375 0.7188375 0.720146875 0.7264046875 0.7100609375 0.7264046875 0.7066984374999999 0.7238828125000001 0.7033359375 0.7238828125000001 0.6966109375 0.721359375 0.6932484375 0.721359375 0.6529 0.7100109375 0.6377703125 0.7074890625 0.6377703125 0.7049671875 0.6411328125 0.7024453125 0.6411328125
17 0.4161984375 0.48478281250000005 0.4174609375 0.48646406249999996 0.4250265625 0.48646406249999996 0.42628750000000004 0.48478281250000005 0.428809375 0.48142031249999995 0.428809375 0.47805937500000006 0.433853125 0.47133437499999997 0.433853125 0.46797187500000004 0.43637499999999996 0.46460937500000005 0.43637499999999996 0.457884375 0.43259218749999995 0.452840625 0.4250265625 0.452840625 0.4161984375 0.46460937500000005 0.4161984375 0.47133437499999997 0.41367656249999996 0.47469687499999996 0.41367656249999996 0.47805937500000006 0.4161984375 0.48142031249999995 0.4161984375 0.48478281250000005
17 0.33675625 0.4427546875 0.339278125 0.4427546875 0.3418 0.44611718749999996 0.344321875 0.44611718749999996 0.34684375 0.449478125 0.3594546875 0.449478125 0.360715625 0.447796875 0.360715625 0.4276234375 0.35819375 0.4242609375 0.35819375 0.4175359375 0.3544109375 0.41249375 0.34684375 0.41249375 0.344321875 0.4158546875 0.3418 0.4158546875 0.3405390625 0.4175359375 0.3405390625 0.4208984375 0.33549531250000003 0.4276234375 0.33549531250000003 0.4309859375 0.3329734375 0.4343484375 0.3329734375 0.4377109375 0.33675625 0.4427546875