6 0.00095 0 0.00095 1 1 1 1 0 0.00095 0
22 0.671875 0.4560546875 0.673340625 0.478515625 0.6806656249999999 0.4970703125 0.7143546875 0.509765625 0.7304671875000001 0.5263671875 0.7568343750000001 0.5751953125 0.8037093750000001 0.6064453125 0.8681656249999999 0.6669921875 0.8930671875 0.708984375 0.953125 0.6708984375 1 0.6279296875 0.994140625 0.3623046875 0.954590625 0.341796875 0.8959953125 0.3359390625 0.813965625 0.365234375 0.7319328125 0.373046875 0.701171875 0.3955078125 0.671875 0.4560546875
22 0.1752921875 0 0.126953125 0.0400390625 0.107909375 0.083984375 0.1298828125 0.1318359375 0.15625 0.1611328125 0.147459375 0.1904296875 0.208984375 0.2080078125 0.232421875 0.2451171875 0.241209375 0.2822265625 0.26025468749999997 0.296875 0.28369218749999997 0.310546875 0.33642500000000003 0.322265625 0.35693281250000003 0.35546875 0.3935546875 0.3486328125 0.39209062499999997 0.35546875 0.3789046875 0.3564453125 0.390625 0.3720703125 0.375978125 0.3740234375 0.38622968750000003 0.396484375 0.44482499999999997 0.3828140625 0.5180671875 0.40625 0.58545 0.404296875 0.632325 0.390625 0.7158203125 0.3486328125 0.724609375 0.3291015625 0.7055671875 0.314453125 0.673340625 0.310546875 0.670409375 0.298828125 0.6220703125 0.2919921875 0.6953125 0.2236328125 0.7099593750000001 0.1767578125 0.7421875 0.1318359375 0.765625 0.0478515625 0.7612296875 0 0.1752921875 0
22 0.000978125 0.2939453125 0.0024421875 0.498046875 0.0039046875 0.5068359375 0.0185546875 0.5126953125 0.015625 0.5361328125 0.040528125 0.56640625 0.058104687499999995 0.568359375 0.0932625 0.556640625 0.2148421875 0.4814453125 0.2763671875 0.4228515625 0.311521875 0.4091796875 0.3173828125 0.3759765625 0.2998046875 0.3232421875 0.25146562499999997 0.296875 0.20459062499999997 0.287109375 0.052245312499999995 0.275390625 0.0083 0.283203125 0.000978125 0.2939453125
22 0.134278125 0.751953125 0.000978125 0.7568359375 0.0024421875 1 0.2705078125 0.9990234375 0.2470703125 0.9755859375 0.25 0.9365234375 0.2851546875 0.9189453125 0.2998046875 0.8701171875 0.2148421875 0.7841796875 0.134278125 0.751953125
22 0.2529296875 0.9462890625 0.25439531249999997 0.98046875 0.27490312499999997 1 0.748046875 0.9990234375 0.7070296875000001 0.9521484375 0.6821296875 0.947265625 0.673340625 0.9375 0.66455 0.94140625 0.6293953125 0.92578125 0.5590828125 0.935546875 0.48877031249999997 0.916015625 0.44482499999999997 0.9140640624999999 0.34814531249999997 0.916015625 0.3320296875 0.9267578125 0.33056718749999997 0.939453125 0.30419999999999997 0.92578125 0.26318281250000003 0.9296890624999999 0.2529296875 0.9462890625
22 0.5209953125 0.5 0.5004875 0.501953125 0.5004875 0.5078140624999999 0.5122078125 0.5078140624999999 0.5356453125 0.5234390624999999 0.623534375 0.541015625 0.642578125 0.5673828125 0.6835921875000001 0.5966796875 0.6997078125 0.626953125 0.818359375 0.6337890625 0.8125 0.6181640625 0.7421875 0.5673828125 0.71875 0.5166015625 0.7055671875 0.5078140624999999 0.632325 0.49609375 0.5678703125 0.501953125 0.5649421875 0.5078140624999999 0.553221875 0.5 0.5209953125 0.5
22 0.8447281249999999 0.7138671875 0.8388671875 0.6943359375 0.8476546875000001 0.6708984375 0.8359375 0.6689453125 0.8315421875 0.658203125 0.767090625 0.640625 0.712890625 0.6455078125 0.7070296875000001 0.6611328125 0.7216796875 0.7158203125 0.7524421875 0.705078125 0.7685546875 0.7177734375 0.759765625 0.7451171875 0.7421875 0.7509765625 0.7539046875000001 0.7763671875 0.748046875 0.7900390625 0.7348625 0.796875 0.6997078125 0.783203125 0.671875 0.8193359375 0.6440421875 0.837890625 0.626465625 0.841796875 0.6088875 0.833984375 0.5942375 0.8359390624999999 0.5590828125 0.861328125 0.5151375 0.861328125 0.5151375 0.884765625 0.553221875 0.927734375 0.6381828125 0.921875 0.7041031249999999 0.9306640625 0.7773421875000001 0.8583984375 0.8125 0.8095703125 0.8125 0.7900390625 0.7978531249999999 0.7802734375 0.806640625 0.7685546875 0.7861328125 0.7548828125 0.7890625 0.7373046875 0.8286125 0.724609375 0.860840625 0.7265640624999999 0.8681656249999999 0.7177734375 0.860840625 0.69921875 0.8564453125 0.7138671875 0.8447281249999999 0.7138671875
22 0.7919921875 0.0556640625 0.765625 0.0654296875 0.7495125 0.130859375 0.8696296875 0.1484390625 0.9428703125 0.1484390625 0.9956046875 0.140625 1 0.0009765625 0.7963875 0 0.7890625 0.0048828125 0.7919921875 0.0556640625
16 0.811034375 0.345703125 0.860840625 0.330078125 0.8945296875000001 0.3095703125 0.9179671875000001 0.2783203125 0.9208968750000001 0.2509765625 0.884278125 0.212890625 0.819825 0.177734375 0.740721875 0.146484375 0.670409375 0.259765625 0.6865218750000001 0.2978515625 0.7319328125 0.330078125 0.7846671875 0.345703125 0.811034375 0.345703125
13 0.25439531249999997 0.98046875 0.27490312499999997 1 0.748046875 0.9990234375 0.6997078125 0.947265625 0.6821296875 0.947265625 0.6762703125 0.939453125 0.66455 0.94140625 0.6352546875 0.927734375 0.5590828125 0.935546875 0.48877031249999997 0.916015625 0.44482499999999997 0.9140640624999999 0.34521562499999997 0.916015625 0.32763749999999997 0.935546875 0.30419999999999997 0.92578125 0.26318281250000003 0.9296890624999999 0.2529296875 0.9482421875 0.25439531249999997 0.98046875
13 0.33642500000000003 0.3203140625 0.3466796875 0.3427734375 0.36865312499999997 0.353515625 0.41845781249999997 0.341796875 0.44775468749999997 0.3203140625 0.4609375 0.3193359375 0.455078125 0.3095703125 0.48290937500000003 0.275390625 0.501953125 0.2841796875 0.4873046875 0.2880859375 0.49169999999999997 0.294921875 0.5034171875 0.294921875 0.5034171875 0.2890640625 0.5195296875000001 0.2939453125 0.5180671875 0.310546875 0.603028125 0.30078125 0.642578125 0.2763671875 0.6953125 0.2236328125 0.7070296875000001 0.1806640625 0.7451171875 0.1279296875 0.7744156249999999 0.0009765625 0.178221875 0 0.1298828125 0.0361328125 0.107909375 0.08203125 0.1298828125 0.1318359375 0.162109375 0.1689453125 0.147459375 0.1904296875 0.1987296875 0.201171875 0.211915625 0.2099609375 0.232421875 0.2451171875 0.25 0.2470703125 0.2382796875 0.2509765625 0.24267500000000003 0.265625 0.25 0.2568359375 0.244140625 0.2822265625 0.25439531249999997 0.2890640625 0.26025468749999997 0.28125 0.2617171875 0.2919921875 0.29247968750000003 0.310546875 0.33642500000000003 0.3203140625
13 0.337890625 0.3525390625 0.25146562499999997 0.296875 0.1665046875 0.283203125 0.103515625 0.2822265625 0.1284171875 0.28125 0.1445296875 0.2724609375 0.2001953125 0.2119140625 0.154784375 0.19921875 0.1357421875 0.1865234375 0.11816562500000001 0.1162109375 0.103515625 0.0927734375 0.109375 0.0478515625 0.0493171875 0 0.000978125 0.0009765625 0.0039046875 0.2705078125 0.056640625 0.2744140625 0.0039046875 0.2861328125 0.0024421875 0.50390625 0.024415625 0.5556640625 0.087403125 0.60546875 0.12109218749999999 0.5849609375 0.12402187499999999 0.5615234375 0.1533203125 0.5400390625 0.1445296875 0.5263671875 0.2148421875 0.4814453125 0.2734375 0.4248046875 0.314453125 0.4052734375 0.30712968749999997 0.34375 0.31884687500000003 0.341796875 0.3320296875 0.3525390625 0.329103125 0.4033203125 0.33642500000000003 0.412109375 0.3466796875 0.4033203125 0.337890625 0.3525390625