6 0 0.65 0.3890625 0.65 0.3890625 0.16824375 0.3486296875 0.177296875 0.20630312499999998 0.1719484375 0.15293125000000002 0.11310625 0.0663515625 0.11845781250000001 0 0.1783078125 0 0.65
16 0 0.65 0.1511328125 0.65 0.14515781249999998 0.5901359375 0.08364374999999999 0.48516875 0.062790625 0.47263593750000005 0.035684375000000004 0.4757703125 0 0.49619843750000003 0 0.65
6 0.424384375 0 0.395125 0.0469796875 0.3890625 0.06870156250000001 0.3890625 0.5416109375 0.44295156249999995 0.5590296875 0.5321421875000001 0.5626249999999999 0.6058203125 0.5949640625 0.724740625 0.5572359375 0.7596421875 0.6219140624999999 0.8359046875 0.5787921875 0.8630515624999999 0.415296875 0.8927781250000001 0.2715640625 0.8837328125000001 0.1260328125 0.8772671875 0.0128421875 0.9871421874999999 0.027215625 0.988603125 0 0.424384375 0
11 0.43277968749999995 0 0.41057499999999997 0.0408046875 0.41057499999999997 0.1134875 0.3890625 0.09414687499999999 0.3890625 0.1433734375 0.41894687499999994 0.16291093750000002 0.3890625 0.1767484375 0.3890625 0.283303125 0.44405625000000004 0.514696875 0.4890484375 0.5394062500000001 0.5350859375 0.5306859375 0.5601984375 0.574296875 0.6020515625 0.5772046875 0.717146875 0.52778125 0.74644375 0.4958 0.751675 0.569934375 0.73911875 0.59319375 0.7621359375 0.6019140625 0.8291000000000001 0.5612125 0.8018968750000001 0.45654843749999996 0.8437515624999999 0.3547921875 0.8856031249999999 0.29955625 0.8856031249999999 0.2559453125 0.8667671875 0.21233437500000002 0.8730484374999999 0.16581875 0.8583999999999999 0.08731875 0.8259624999999999 0.048070312500000004 0.77783125 0.0567921875 0.7767875 0.0088234375 0.773778125 0 0.43277968749999995 0
7 0.32466249999999997 0.7182593749999999 0.32075 0.7177156250000001 0.317734375 0.720434375 0.31203125 0.7401109375 0.31219375 0.7469609375 0.3126015625 0.7513093750000001 0.3161875 0.7532656249999999 0.3179796875 0.7545703125000001 0.3201796875 0.7530484375000001 0.32172812500000003 0.75500625 0.3295515625 0.75805 0.33321875 0.7587015625 0.3355 0.7592453124999999 0.33875937500000003 0.76218125 0.345115625 0.76576875 0.3522875 0.768378125 0.359703125 0.7720734375 0.3616578125 0.7705515625 0.362228125 0.7716390625 0.3613328125 0.772834375 0.368340625 0.777075 0.37494062499999997 0.7788140625 0.3817046875 0.776640625 0.3858609375 0.7764234375 0.3890625 0.777440625 0.3890625 0.7554703125 0.38830624999999996 0.7551140625 0.38423124999999997 0.7469609375 0.3817046875 0.7433734375000001 0.3783640625 0.7417421875 0.3711109375 0.7393500000000001 0.32466249999999997 0.7182593749999999
2 0.223278125 0.8042453125 0.22119687500000002 0.8014687500000001 0.21703125 0.8014687500000001 0.2149484375 0.8042453125 0.21286718750000003 0.8042453125 0.211825 0.8056328125000001 0.211825 0.8084093749999999 0.20766093749999998 0.8139609374999999 0.20766093749999998 0.8167375 0.205578125 0.8195140625 0.205578125 0.8222906249999999 0.2034953125 0.8250671875 0.2034953125 0.83061875 0.2014140625 0.8333953125000001 0.2014140625 0.836171875 0.1972484375 0.841725 0.1972484375 0.8445 0.1951671875 0.8472765624999999 0.1951671875 0.863934375 0.1962078125 0.8653234375000001 0.21286718750000003 0.8653234375000001 0.2149484375 0.8680984374999999 0.2191140625 0.8680984374999999 0.2201546875 0.8667109375000001 0.2222375 0.863934375 0.2222375 0.8528296875000001 0.2243203125 0.850053125 0.2243203125 0.841725 0.2264015625 0.8389484375 0.2264015625 0.836171875 0.228484375 0.8333953125000001 0.228484375 0.83061875 0.2305671875 0.8278437500000001 0.2305671875 0.8250671875 0.23264999999999997 0.8222906249999999 0.23264999999999997 0.8111859375 0.22744375 0.8042453125 0.223278125 0.8042453125
17 0.211825 0.9583281250000001 0.211825 0.9555515625 0.21390781250000002 0.9527765625000001 0.21390781250000002 0.944446875 0.21286718750000003 0.943059375 0.21078437499999997 0.943059375 0.2087015625 0.9402828124999999 0.2066203125 0.9402828124999999 0.2034953125 0.944446875 0.2034953125 0.95 0.205578125 0.9527765625000001 0.205578125 0.9555515625 0.2087015625 0.9597171875000001 0.21078437499999997 0.9597171875000001 0.211825 0.9583281250000001
6 0.3890625 1 0.3890625 0.65 0 0.65 0 1 0.3890625 1
13 0 0.9563203124999999 0.00046406249999999996 0.956940625 0.006712500000000001 0.956940625 0.00879375 0.9541640625 0.01920625 0.9541640625 0.0212890625 0.956940625 0.0233703125 0.956940625 0.0244125 0.9555515625 0.0244125 0.9472234374999999 0.0212890625 0.943059375 0.01920625 0.9458343749999999 0.00879375 0.9458343749999999 0.0046296875 0.9513875 0.0025468749999999997 0.9513875 0 0.9547828125000001 0 0.9563203124999999
13 0 0.9985843750000001 0.00046406249999999996 0.9985843750000001 0.00150625 0.997196875 0.0025468749999999997 0.9958078125000001 0.0046296875 0.9958078125000001 0.006712500000000001 0.9930312499999999 0.017123437499999998 0.9930312499999999 0.0244125 0.983315625 0.0244125 0.9805390624999999 0.025453125 0.97915 0.027535937500000003 0.97915 0.030659375 0.9749859375 0.030659375 0.972209375 0.0327421875 0.9694328125 0.0327421875 0.9666578124999999 0.0317 0.9652687500000001 0.029617187499999996 0.9652687500000001 0.028576562500000003 0.96388125 0.028576562500000003 0.9611046875 0.027535937500000003 0.9597171875000001 0.025453125 0.9597171875000001 0.0244125 0.9611046875 0.0244125 0.96388125 0.0212890625 0.9680453124999999 0.01920625 0.9680453124999999 0.015040624999999998 0.9735984375 0.00879375 0.9735984375 0.006712500000000001 0.9763734375 0.0046296875 0.9763734375 0.00046406249999999996 0.9819265625 0 0.9819265625 0 0.9985843750000001
13 0 0.959096875 0.00046406249999999996 0.9597171875000001 0.0025468749999999997 0.9597171875000001 0.0035890625000000002 0.9583281250000001 0.0046296875 0.956940625 0.00879375 0.956940625 0.0108765625 0.9541640625 0.017123437499999998 0.9541640625 0.018165624999999998 0.9527765625000001 0.018165624999999998 0.95 0.01920625 0.9486109375 0.0233703125 0.9486109375 0.0244125 0.9472234374999999 0.0244125 0.944446875 0.0233703125 0.943059375 0.01920625 0.943059375 0.017123437499999998 0.9458343749999999 0.006712500000000001 0.9458343749999999 0 0.9547828125000001 0 0.959096875
13 0 0.9985843750000001 0.00046406249999999996 0.9985843750000001 0.00150625 0.997196875 0.0025468749999999997 0.9958078125000001 0.0046296875 0.9958078125000001 0.006712500000000001 0.9930312499999999 0.015040624999999998 0.9930312499999999 0.017123437499999998 0.9902562500000001 0.01920625 0.9902562500000001 0.0244125 0.983315625 0.0244125 0.9805390624999999 0.025453125 0.97915 0.027535937500000003 0.97915 0.0327421875 0.972209375 0.0327421875 0.9694328125 0.033782812499999995 0.9680453124999999 0.035865625 0.9680453124999999 0.0400296875 0.9735984375 0.043153125 0.9694328125 0.043153125 0.96388125 0.0400296875 0.9597171875000001 0.037946875000000005 0.9597171875000001 0.035865625 0.956940625 0.029617187499999996 0.956940625 0.0233703125 0.9652687500000001 0.0212890625 0.9652687500000001 0.015040624999999998 0.9735984375 0.00879375 0.9735984375 0.006712500000000001 0.9763734375 0.0046296875 0.9763734375 0 0.982546875 0 0.9985843750000001
3 0.3107375 0.956940625 0.30865624999999997 0.9597171875000001 0.304490625 0.9597171875000001 0.297203125 0.9694328125 0.297203125 0.972209375 0.3003265625 0.9763734375 0.3013671875 0.9749859375 0.3013671875 0.972209375 0.30345 0.9694328125 0.30345 0.9666578124999999 0.304490625 0.9652687500000001 0.3107375 0.9652687500000001 0.31177968749999996 0.9666578124999999 0.31177968749999996 0.9694328125 0.314903125 0.9735984375 0.31594375 0.972209375 0.31594375 0.9694328125 0.31386250000000004 0.9666578124999999 0.31386250000000004 0.9583281250000001 0.31282031250000003 0.956940625 0.3107375 0.956940625
3 0.3065734375 0.9347296875 0.304490625 0.931953125 0.29824375000000003 0.931953125 0.2961609375 0.9347296875 0.2940796875 0.9347296875 0.284709375 0.9472234374999999 0.284709375 0.9583281250000001 0.2878328125 0.9624921875 0.28991406249999996 0.9624921875 0.29095624999999997 0.9611046875 0.291996875 0.9597171875000001 0.2940796875 0.9597171875000001 0.29824375000000003 0.9541640625 0.3003265625 0.9541640625 0.30865624999999997 0.943059375 0.3190671875 0.943059375 0.32115 0.9458343749999999 0.322190625 0.944446875 0.322190625 0.9388937500000001 0.3190671875 0.9347296875 0.31698593750000004 0.9347296875 0.314903125 0.931953125 0.30865624999999997 0.931953125 0.3065734375 0.9347296875
17 0.2534734375 0.7639890625 0.2534734375 0.7612125 0.25034999999999996 0.7570484375000001 0.24618437499999998 0.7570484375000001 0.2430609375 0.7612125 0.24618437499999998 0.7653765625 0.25243125 0.7653765625 0.2534734375 0.7639890625
17 0.2305671875 0.7834218749999999 0.2305671875 0.788975 0.2316078125 0.7903625 0.233690625 0.7903625 0.23577343750000002 0.7931390625 0.2482671875 0.7931390625 0.24930781249999998 0.7917515625 0.25034999999999996 0.7903625 0.25243125 0.7903625 0.2534734375 0.788975 0.2534734375 0.7778703124999999 0.251390625 0.77509375 0.251390625 0.7723171875 0.25034999999999996 0.7709296875 0.2482671875 0.77370625 0.2420203125 0.77370625 0.2399375 0.7709296875 0.2378546875 0.7709296875 0.23264999999999997 0.7778703124999999 0.23264999999999997 0.780646875 0.2305671875 0.7834218749999999
6 1 0.8855281250000001 0.9949828125 0.8855281250000001 0.992728125 0.8844859375 0.992728125 0.8803203125 0.9882171874999999 0.8782375 0.9882171874999999 0.8740718749999999 0.9679171875 0.8647 0.9634046875 0.8647 0.949871875 0.8584515625 0.9453609374999999 0.8584515625 0.931828125 0.852203125 0.9228046875 0.852203125 0.90025 0.8626171875 0.8957390625 0.860534375 0.8912281249999999 0.860534375 0.888971875 0.8594921875000001 0.888971875 0.8574093749999999 0.8822046875 0.8542859375 0.87769375 0.8542859375 0.8754390624999999 0.8532437500000001 0.8754390624999999 0.8511609375000001 0.87995 0.8490781249999999 0.87995 0.8469953125 0.8934828125 0.840746875 0.8934828125 0.8386640625 0.89799375 0.83658125 0.89799375 0.8344984375 0.9025046874999999 0.832415625 0.9025046874999999 0.82825 0.9070171874999999 0.8261671875 0.9070171874999999 0.8178359374999999 0.9025046874999999 0.815753125 0.9025046874999999 0.8136703125 0.89799375 0.8115875000000001 0.89799375 0.807421875 0.8934828125 0.8053390625000001 0.8934828125 0.801171875 0.888971875 0.7990890625 0.888971875 0.792840625 0.8844609374999999 0.7907578125 0.8844609374999999 0.788675 0.87995 0.7865921874999999 0.87995 0.7824265625 0.870928125 0.7782609375 0.870928125 0.776178125 0.8619046875 0.7720125 0.8619046875 0.7699296875 0.8528828125000001 0.7657640625 0.8528828125000001 0.76368125 0.8438609375 0.7595156249999999 0.8438609375 0.7574328125 0.8348390625000001 0.7532671875 0.8348390625000001 0.751184375 0.7739390625 0.723065625 0.769428125 0.723065625 0.746871875 0.7126515625 0.7423609375 0.7126515625 0.7333390625 0.7084859375 0.7288281249999999 0.7084859375 0.7152937500000001 0.7022375000000001 0.69725 0.7022375000000001 0.6927390625000001 0.7043203124999999 0.688228125 0.7043203124999999 0.6792046875 0.7084859375 0.67469375 0.7084859375 0.6701828125 0.71056875 0.6656718749999999 0.71056875 0.6611609374999999 0.7126515625 0.65665 0.7126515625 0.647628125 0.7168171875 0.643115625 0.7168171875 0.6295828125 0.723065625 0.6250718749999999 0.723065625 0.61605 0.72723125 0.6115390625 0.72723125 0.5980046875 0.7334796875 0.59349375 0.7334796875 0.57545 0.7418109375 0.5709390625 0.7418109375 0.5393609374999999 0.756390625 0.5348499999999999 0.756390625 0.521315625 0.7626390625 0.5168046875 0.7626390625 0.5077828125 0.7668062499999999 0.503271875 0.7668062499999999 0.4987609375 0.7688890625 0.49424999999999997 0.7688890625 0.4852265625 0.7730546875 0.48071562500000004 0.7730546875 0.47169375 0.7772203125 0.46718281250000004 0.7772203125 0.462671875 0.779303125 0.45816093750000003 0.779303125 0.45365 0.7813859375 0.41756093749999995 0.7813859375 0.41305 0.78346875 0.4040265625 0.78346875 0.399515625 0.7855515625 0.39049375 0.7855515625 0.3890625 0.7862125 0.3890625 1 1 1 1 0.8855281250000001
12 0.8414203125 1 0.8393499999999999 0.99904375 0.8393499999999999 0.994878125 0.8348390625000001 0.9927953125 0.8348390625000001 0.9907125000000001 0.830328125 0.9886296874999999 0.830328125 0.9844640625000001 0.848371875 0.9761328125000001 0.848371875 0.9740500000000001 0.8528828125000001 0.9719671875 0.8528828125000001 0.9678015625 0.85739375 0.96571875 0.85739375 0.9615515625000001 0.8619046875 0.9594687499999999 0.8619046875 0.9573859375 0.8664156249999999 0.955303125 0.8664156249999999 0.9532203125 0.870928125 0.9511375 0.870928125 0.9490546875 0.8686718750000001 0.9480140625000001 0.8641609375 0.9480140625000001 0.85965 0.9459312499999999 0.8506281250000001 0.9459312499999999 0.8416046875 0.941765625 0.83709375 0.941765625 0.8325828124999999 0.9396828125000001 0.828071875 0.9396828125000001 0.8213046875 0.9365578125 0.8213046875 0.9323921875 0.8167937500000001 0.930309375 0.8167937500000001 0.9219781250000001 0.8122828125 0.9198953124999999 0.8122828125 0.9136468750000001 0.8167937500000001 0.9115640624999999 0.8167937500000001 0.9073984375 0.8122828125 0.9053156250000001 0.8122828125 0.9032328125 0.807771875 0.90115 0.8122828125 0.8990671875 0.8122828125 0.8969843750000001 0.8235609374999999 0.8917765624999999 0.828071875 0.8917765624999999 0.8325828124999999 0.88969375 0.8416046875 0.88969375 0.846115625 0.8876109375000001 0.8641609375 0.8876109375000001 0.888971875 0.8761546875 0.888971875 0.8740718749999999 0.8934828125 0.8719890625 0.8934828125 0.861575 0.8822046875 0.85636875 0.87769375 0.85636875 0.8731828125 0.8542859375 0.8641609375 0.8542859375 0.85965 0.852203125 0.8506281250000001 0.852203125 0.846115625 0.8501203125 0.83709375 0.8501203125 0.8325828124999999 0.8480375 0.79649375 0.8480375 0.7919828125 0.8501203125 0.7784500000000001 0.8501203125 0.7739390625 0.852203125 0.7604046875 0.852203125 0.75589375 0.8542859375 0.7513828124999999 0.8542859375 0.746871875 0.85636875 0.7423609375 0.85636875 0.7333390625 0.860534375 0.7288281249999999 0.860534375 0.7152937500000001 0.8667828125 0.7107828125 0.8667828125 0.704015625 0.86990625 0.704015625 0.8719890625 0.685971875 0.8803203125 0.685971875 0.8824031250000001 0.6769499999999999 0.8865703125 0.6769499999999999 0.888653125 0.6724390625 0.8907359375 0.6724390625 0.89281875 0.6634156250000001 0.8969843750000001 0.6634156250000001 0.8990671875 0.6589046875 0.90115 0.6589046875 0.9032328125 0.65439375 0.9053156250000001 0.65439375 0.90948125 0.6498828125 0.9115640624999999 0.6498828125 0.9157296875000001 0.645371875 0.9178124999999999 0.645371875 0.9261437499999999 0.6408609375000001 0.9282265625000001 0.6408609375000001 0.934475 0.63635 0.9365578125 0.63635 0.946971875 0.6318390625 0.9490546875 0.6318390625 0.9532203125 0.627328125 0.955303125 0.627328125 0.9615515625000001 0.622815625 0.963634375 0.622815625 1 0.8414203125 1