6 0 0 0 0.51325625 0.0857671875 0.5304171875 0.2455828125 0.5460140625000001 0.39565625 0.5694140625 0.5296875 0.5488875 0.5296875 0 0.36963124999999997 0 0.30015625 0.052689062499999995 0.291796875 0 0 0
6 0.5296875 0 0.5296875 0.71875 0.9587890625 0.71875 1 0.6507984375 1 0.33429375 0.968778125 0.3497375 0.923865625 0.4250421875 0.8768625 0.39520468750000004 0.9050640624999999 0.2858 0.86850625 0.2303859375 0.8058375 0.2318078125 0.6909421874999999 0.3156375 0.69303125 0.2445953125 0.7379453125000001 0.16360625 0.696165625 0.1238234375 0.6199171875 0.07409375 0.57918125 0.0201015625 0.54685625 0 0.5296875 0
3 0.7280828125000001 0.71875 0.7995828125 0.71875 0.7638390625 0.6987281249999999 0.752703125 0.683578125 0.7437953125 0.683578125 0.733771875 0.6941828125 0.733771875 0.7032734375 0.7280828125000001 0.71875
3 0.8518156250000001 0.68509375 0.8584984375 0.6608546875 0.8562703125000001 0.636615625 0.8507031250000001 0.6260109375 0.8150671875000001 0.6351 0.8061578125000001 0.6351 0.7972484375 0.6260109375 0.7849984375 0.6305546875 0.7849984375 0.6517640625000001 0.795021875 0.6744890625 0.8217484374999999 0.686609375 0.8351109375 0.7017578125 0.8429078125 0.70024375 0.8518156250000001 0.68509375
3 0.7014765625 0.3290796875 0.69368125 0.3366546875 0.68031875 0.409371875 0.7081578125 0.43209687499999994 0.7137265625 0.43058125 0.7315453125 0.40634218750000006 0.7248625 0.3730140625 0.7248625 0.339684375 0.7170671875 0.3290796875 0.7014765625 0.3290796875
3 0.7616125 0.4290671875 0.7694078125 0.4275515625 0.7671812499999999 0.41240156250000004 0.7638390625 0.40785781249999997 0.7437953125 0.40785781249999997 0.72375 0.416946875 0.7159546875 0.436640625 0.71818125 0.451790625 0.7259765625 0.4623953125 0.7460218750000001 0.474515625 0.7604984375 0.47300000000000003 0.7582718749999999 0.436640625 0.7616125 0.4290671875
3 0.5296875 0 0.5296875 0.063153125 0.5422281250000001 0.057903125 0.5400015625 0.0397234375 0.5422281250000001 0.0245734375 0.5333203125 0.006393749999999999 0.5327968750000001 0 0.5296875 0
16 0.739340625 0.3775578125 0.7538171874999999 0.37604375 0.7660671875 0.3714984375 0.8317703125 0.30332499999999996 0.845134375 0.26696718750000004 0.8562703125000001 0.25181718750000004 0.8529296875 0.2381828125 0.8440203125 0.235153125 0.8373390625000001 0.2381828125 0.8351109375 0.24424218749999999 0.8083843749999999 0.24727187499999997 0.7905671875 0.26848125 0.7293171875 0.324534375 0.727090625 0.3518046875 0.733771875 0.3699828125 0.739340625 0.3775578125
17 0.64468125 0.5184484375 0.6313187499999999 0.4911796875 0.6268640624999999 0.4639109375 0.6079328125 0.444215625 0.578978125 0.4260359375 0.5722968749999999 0.4260359375 0.5622734375 0.451790625 0.560046875 0.4851203125 0.5834328125 0.5048140625 0.641340625 0.5411734375 0.64468125 0.5396578125 0.6424546875 0.5335984375 0.64468125 0.5184484375
17 0.925315625 0.4639109375 0.9197468750000001 0.45936562500000006 0.8841109375 0.45936562500000006 0.8417937500000001 0.474515625 0.807271875 0.49420937499999995 0.8028171875 0.5184484375 0.811725 0.5426875 0.8184078124999999 0.5820765625 0.8317703125 0.6123765624999999 0.8406796875 0.6184359374999999 0.857384375 0.613890625 0.872975 0.5957109375 0.888565625 0.6048015625 0.9086109375 0.6048015625 0.9152921875000001 0.5957109375 0.9375656250000001 0.5987421875 0.9409062499999999 0.594196875 0.9431328125 0.58510625 0.9431328125 0.563896875 0.938678125 0.5548078125 0.9409062499999999 0.479059375 0.9375656250000001 0.474515625 0.9264281249999999 0.47754531250000004 0.925315625 0.4639109375
17 1 0.5230921875 0.9954734375 0.5169343750000001 0.975428125 0.5169343750000001 0.9576109374999999 0.5108734375 0.9464734375000001 0.5108734375 0.9431328125 0.51541875 0.938678125 0.5275390625 0.938678125 0.5487484375 0.9453609374999999 0.566928125 0.9431328125 0.579046875 0.9464734375000001 0.5835921875000001 1 0.5850203125 1 0.553390625 0.9988140624999999 0.551778125 1 0.5372625 1 0.5230921875
17 1 0.34725937500000004 0.9977015625 0.34725937500000004 0.9899046874999999 0.3730140625 0.9843375 0.3775578125 0.9798828125 0.3714984375 0.9698609375 0.3881625 0.9609515625 0.41240156250000004 0.9587234375 0.43058125 0.9732015625000001 0.444215625 0.993246875 0.45027656250000003 1 0.45445156249999996 1 0.43452343750000005 0.9988140624999999 0.4336109375 1 0.422321875 1 0.34725937500000004
17 0.7204078125 0.17909999999999998 0.6881140625 0.1381953125 0.6335453125 0.17606875 0.6335453125 0.1821296875 0.6480234375 0.2018234375 0.665840625 0.220003125 0.6736359375000001 0.2215171875 0.6814312499999999 0.204853125 0.7037046874999999 0.19879375 0.7204078125 0.185159375 0.7204078125 0.17909999999999998
17 0.58231875 0.100321875 0.5767515624999999 0.050328125 0.5589328124999999 0.062448437499999995 0.5344328125 0.062448437499999995 0.5296875 0.0650296875 0.5296875 0.16294375 0.529978125 0.162434375 0.5388875 0.156375 0.5767515624999999 0.150315625 0.584546875 0.13971093750000002 0.5890015625 0.112440625 0.58231875 0.100321875
3 0.6313187499999999 0.563896875 0.6190687500000001 0.5563234375 0.5901140625 0.5532921875000001 0.584546875 0.563896875 0.5867734375 0.6396453125 0.596796875 0.6472203125 0.6201828125 0.6457046875 0.6224093749999999 0.642675 0.6201828125 0.61540625 0.6313187499999999 0.5760171875 0.6313187499999999 0.563896875
17 0.6914546875 0.6608546875 0.6914546875 0.679034375 0.6981359375 0.6820640625000001 0.7571578125 0.6654 0.7738625 0.6547953125 0.7738625 0.6396453125 0.782771875 0.627525 0.7783171875 0.6093468750000001 0.7783171875 0.5608671875 0.7727484375 0.5532921875000001 0.7671812499999999 0.5578375 0.764953125 0.5760171875 0.7593859375 0.5835921875000001 0.7371125000000001 0.5987421875 0.73043125 0.6108609375 0.7048171875 0.6305546875 0.6914546875 0.6608546875
17 0.687 0.482090625 0.684771875 0.49420937499999995 0.7048171875 0.49420937499999995 0.7115 0.4911796875 0.7159546875 0.47602968749999997 0.6992499999999999 0.4623953125 0.6925671875 0.4623953125 0.684771875 0.47300000000000003 0.687 0.482090625
17 0.6780906250000001 0.0882015625 0.6881140625 0.08971718749999999 0.6947953124999999 0.107896875 0.7115 0.10638125000000001 0.7404531249999999 0.085171875 0.7259765625 0.0806265625 0.7126125 0.065478125 0.7081578125 0.065478125 0.7003625 0.042753124999999996 0.6903406249999999 0.0321484375 0.6769765624999999 0.02911875 0.646909375 0.073053125 0.646909375 0.08214218749999999 0.6547046875 0.0866875 0.665840625 0.0866875 0.67475 0.07456718749999999 0.68031875 0.08214218749999999 0.6780906250000001 0.0882015625
16 0.6758640625 0.22757812500000002 0.65025 0.204853125 0.6402281249999999 0.2215171875 0.6357734374999999 0.2457578125 0.638 0.2578765625 0.6246375 0.3093859375 0.6246375 0.3215046875 0.6302046875 0.33513906250000003 0.6491359375 0.339684375 0.6691812500000001 0.30029531249999997 0.6780906250000001 0.25181718750000004 0.6758640625 0.22757812500000002
13 0.566728125 0.4972390625 0.55781875 0.4851203125 0.55781875 0.479059375 0.566728125 0.4275515625 0.5711828125 0.41846249999999996 0.5711828125 0.4033125 0.5800921875 0.3911921875 0.5812046875 0.3714984375 0.55670625 0.3775578125 0.5296875 0.3775578125 0.5296875 0.510584375 0.53220625 0.5078437499999999 0.5310921875 0.5245093749999999 0.535546875 0.5245093749999999 0.55670625 0.5199640624999999 0.5645015625 0.5063296875 0.566728125 0.4972390625
6 0.5296875 0.71875 0.0837765625 0.71875 0.0854671875 0.726765625 0.365703125 0.8103671875 0.503646875 0.8278640625 0.5296875 0.8177953125 0.5296875 0.71875
6 1 0.9376421875000001 0.98270625 0.943428125 0.9525859375 0.8040328125 0.94155 0.71875 0.9204921875000001 0.71875 0.91911875 0.730134375 0.9358515625000001 0.8863265625000001 0.8387968750000001 0.7872359375 0.841028125 0.8241875000000001 0.867803125 0.8779281250000001 0.8488374999999999 0.896403125 0.82875625 0.8997609375 0.8231796875 0.9316734375 0.8332203125 0.9501453124999999 0.844375 0.9501453124999999 0.8577625 0.9333515625000001 0.886765625 0.9736593750000001 0.8510687499999999 0.9904531249999999 0.71943125 0.9098375000000001 0.6703484375000001 0.923275 0.6357640625000001 0.9619015624999999 0.6346484375 0.9770171875000001 0.665884375 0.9501453124999999 0.694890625 0.943428125 0.7395125 0.9635828125 0.786365625 0.9938125 0.7917156249999999 1 1 1 1 0.9376421875000001