6 0 0 0 0.5 0.596609375 0.5 0.628921875 0.43714375 0.6296875 0.43378281249999995 0.6296875 0 0 0
22 0.40699218750000005 0.5 0.40274374999999996 0.4595515625 0.318984375 0.3819296875 0.1769078125 0.3705671875 0.16312500000000002 0.40275625000000004 0.1500546875 0.5 0.40699218750000005 0.5
22 0.1185921875 0.38003125 0.089309375 0.5 0.1494515625 0.5 0.1673671875 0.3838234375 0.15477812500000002 0.41758281249999996 0.14881875 0.40692500000000004 0.1349078125 0.396271875 0.12894375 0.38384375 0.1185921875 0.38003125
16 0.1514890625 0.5 0.4117078125 0.5 0.4048671875 0.46334375000000005 0.318984375 0.3819296875 0.21083593750000001 0.36678125 0.18115 0.36678125 0.17054687500000001 0.37813906249999996 0.1514890625 0.5
9 0.18645 0.24750156250000002 0.185390625 0.22667500000000002 0.142978125 0.24939375 0.1291953125 0.266434375 0.127075 0.31565937499999996 0.11647343750000001 0.3951796875 0.0896390625 0.5 0.15014375 0.5 0.1673671875 0.3838234375 0.1832703125 0.3592046875 0.1949328125 0.35352656250000003 0.1779703125 0.3005171875 0.180090625 0.2702203125 0.18645 0.24750156250000002
6 0.6296875 0 0.6296875 0.5 1 0.5 1 0 0.6296875 0
13 0.6296875 0.13859531249999998 0.6296875 0.2079140625 0.64278125 0.2183796875 0.6597890625 0.20818281249999998 0.6767984375 0.23877500000000002 0.6778609375 0.22092968750000003 0.6342765625 0.14189687499999998 0.6296875 0.13859531249999998
6 0.6296875 1 0.6296875 0.5 0 0.5 0 1 0.6296875 1
3 0 0.801575 0.0468 0.8378 0.049059375 0.7971109375000001 0.13153125000000002 0.7581156250000001 0.10667656249999999 0.7123390625 0.06939375 0.7055578125 0 0.6526468750000001 0 0.801575
13 0.397965625 0.8547546875 0.426209375 0.8700125 0.45219375 0.88188125 0.4454140625 0.7920234374999999 0.3855375 0.714034375 0.43750625000000004 0.64113125 0.4668796875 0.64621875 0.4906046875 0.6767359374999999 0.5132 0.6140046875 0.558390625 0.6479125 0.6024515625 0.6394359374999999 0.5956718750000001 0.5563609375 0.5437046875 0.5088890625 0.5489437500000001 0.5 0.44546093750000004 0.5 0.307584375 0.663171875 0.24996718750000002 0.698775 0.3380875 0.7462484375 0.33356875 0.8055875 0.378759375 0.8971406249999999 0.397965625 0.8547546875
13 0.139265625 0.5152812499999999 0.12973125000000002 0.5232249999999999 0.1276125 0.539115625 0.141384375 0.56930625 0.15197812500000002 0.5724843749999999 0.16045156249999998 0.566128125 0.1731640625 0.566128125 0.1752828125 0.56930625 0.1816390625 0.566128125 0.2113 0.5851953125 0.2208328125 0.59631875 0.212359375 0.6153859374999999 0.206003125 0.6217421875 0.20388437499999998 0.6344546875 0.193290625 0.653521875 0.193290625 0.659878125 0.186934375 0.672590625 0.186934375 0.6821234375 0.1774015625 0.693246875 0.16045156249999998 0.7059593750000001 0.1562140625 0.7059593750000001 0.15091875 0.71708125 0.1540953125 0.7250265625 0.1668078125 0.7313828124999999 0.197528125 0.72979375 0.2430796875 0.7154921875 0.25684999999999997 0.6884796875 0.270621875 0.6710015625 0.2833328125 0.6678234375 0.2854515625 0.6646453125 0.31299375 0.6646453125 0.3415953125 0.6249203125 0.34371406250000003 0.6185640625 0.34371406250000003 0.59631875 0.33947812499999996 0.58360625 0.33947812499999996 0.5740734375 0.3490109375 0.5629500000000001 0.3553671875 0.5629500000000001 0.3659609375 0.553415625 0.37549375 0.539115625 0.37973124999999996 0.5264031250000001 0.37875312499999997 0.5 0.2548953125 0.5 0.253671875 0.50256875 0.241684375 0.5 0.1968171875 0.5 0.1901125 0.505746875 0.1837578125 0.505746875 0.1816390625 0.508925 0.16045156249999998 0.508925 0.1583328125 0.512103125 0.139265625 0.5152812499999999
6 1 0.5 0.6296875 0.5 0.6296875 1 1 1 1 0.5