6 0.376309375 0 0.2208453125 0.0906890625 0.2063671875 0.10961875000000001 0.2119328125 0.1775484375 0.19523125 0.10961875000000001 0.08498125 0.046140625000000005 0 0.0577296875 0 0.4890625 0.46740624999999997 0.4890625 0.46806875000000003 0.47822812499999995 0.46875 0.48078125 0.46875 0.3376375 0.4591609375 0.3379125 0.4379984375 0.35684218749999996 0.4513625 0.367978125 0.43911249999999996 0.409184375 0.4324328125 0.3891359375 0.41238437499999997 0.3913640625 0.3322046875 0.4626359375 0.33331875 0.4036140625 0.301025 0.36241249999999997 0.249796875 0.3379125 0.213046875 0.352390625 0.2330953125 0.3323421875 0.20859531250000002 0.209846875 0.213046875 0.18311875 0.2464546875 0.1719828125 0.22195937500000001 0.1675265625 0.22195937500000001 0.1207546875 0.2364328125 0.1374609375 0.252025 0.11964062499999999 0.2553671875 0.14525468749999998 0.278753125 0.14636875 0.2731828125 0.16307031249999998 0.288775 0.1652984375 0.2731828125 0.180890625 0.288775 0.185346875 0.22195937500000001 0.1875703125 0.2308671875 0.28111875 0.252025 0.30450468750000004 0.2709546875 0.29670625 0.2587046875 0.2889125 0.28543281249999997 0.2889125 0.266503125 0.318978125 0.3021390625 0.3390265625 0.303253125 0.360184375 0.3366609375 0.35795625000000003 0.343340625 0.3757765625 0.355590625 0.3145265625 0.29434062499999997 0.31118437499999996 0.29323125 0.2900265625 0.3143890625 0.306728125 0.35893281250000003 0.306728125 0.3611609375 0.3267765625 0.374525 0.306728125 0.38231875 0.34125 0.3956828125 0.3345703125 0.3912265625 0.3857984375 0.4034765625 0.3913640625 0.46875 0.3196765625 0.46875 0 0.376309375 0
6 0.46875 0 0.46875 0.4890625 1 0.4890625 1 0.050859375 0.9608874999999999 0.0289078125 0.968825 0.0155453125 0.984696875 0.0066359374999999995 0.984696875 0 0.8876984374999999 0 0.9033484375 0.00775 0.9231890625 0.00775 0.9271578125 0.0211125 0.843825 0.014431250000000001 0.8001734375 0.02779375 0.768428125 0.030021874999999996 0.7505703125000001 0.022226562499999998 0.75850625 0.011090625 0.738746875 0 0.46875 0
13 1 0.41286093749999997 0.988665625 0.4008453125 0.9648562500000001 0.3518484375 0.9390625 0.33959843749999996 0.9112843749999999 0.33959843749999996 0.893428125 0.34962031250000003 0.8815234375 0.3785734375 0.9053328125 0.4097546875 0.9093 0.44761562499999996 0.9045359375 0.4890625 1 0.4890625 1 0.41286093749999997
13 0.7723953125 0.41086718749999995 0.7862843749999999 0.4097546875 0.8537453125000001 0.36075625 0.8735859375 0.33625781250000003 0.8735859375 0.325121875 0.7922374999999999 0.299509375 0.7565234375000001 0.292828125 0.7009671875000001 0.2906 0.68509375 0.306190625 0.61565 0.3295765625 0.61961875 0.34516562500000003 0.6454109375 0.364096875 0.760490625 0.37300625 0.76644375 0.37634687499999997 0.76644375 0.4053 0.7723953125 0.41086718749999995
13 0.6473953125 0.2894875 0.613665625 0.261646875 0.5858875 0.25942031249999997 0.56803125 0.26944218750000004 0.5640625 0.280578125 0.5442218750000001 0.29616875 0.5442218750000001 0.30953125 0.566046875 0.3173265625 0.61565 0.3228953125 0.6533484374999999 0.3151 0.6672374999999999 0.293940625 0.6473953125 0.2894875
13 0.6989828124999999 0.27389687500000004 0.7287453125 0.292828125 0.7981890625 0.2983953125 0.8061265625 0.293940625 0.8061265625 0.2761234375 0.7247765625 0.234921875 0.6692218750000001 0.21933125000000003 0.570015625 0.21933125000000003 0.51644375 0.2538515625 0.5204109375 0.267215625 0.5382687500000001 0.27723749999999997 0.5501734375 0.27723749999999997 0.5858875 0.25942031249999997 0.6057296875 0.25942031249999997 0.637475 0.2750109375 0.69303125 0.261646875 0.6989828124999999 0.27389687500000004
13 1 0.2759 0.9350937500000001 0.25719375 0.8716015625000001 0.24828437499999997 0.8477921875 0.2505109375 0.8259671875000001 0.267215625 0.8219984374999999 0.2850328125 0.8458078125 0.3139859375 0.8775546875 0.325121875 0.8735859375 0.3429390625 0.89144375 0.3462796875 0.9152531249999999 0.337371875 0.9549359374999999 0.33959843749999996 0.9767609374999999 0.3563015625 0.984696875 0.37634687499999997 0.9966015625000001 0.3785734375 1 0.3766671875 1 0.2759
13 0.46875 0.2461203125 0.46875 0.322103125 0.4985859375 0.3106453125 0.518428125 0.30841875 0.5283484374999999 0.30285 0.5362843749999999 0.28280625000000004 0.49065000000000003 0.2527390625 0.46875 0.2461203125
13 0.48072968749999995 0.2471703125 0.4985859375 0.254965625 0.512475 0.2538515625 0.5561265625 0.2271265625 0.5561265625 0.2182171875 0.5382687500000001 0.21042187499999998 0.5025546875 0.21042187499999998 0.47676093750000004 0.2248984375 0.48072968749999995 0.2471703125
13 0.5929031250000001 0.177015625 0.559171875 0.1870375 0.5552046875000001 0.209309375 0.565125 0.2171046875 0.6425062500000001 0.2182171875 0.6603625 0.2171046875 0.670284375 0.21153593750000002 0.670284375 0.1981734375 0.6484578125 0.1792421875 0.5929031250000001 0.177015625
13 0.6751734375 0.2048546875 0.74065 0.21933125000000003 0.75850625 0.2182171875 0.762475 0.20708125000000002 0.7466015625 0.1825828125 0.712871875 0.16587968749999998 0.6811265625 0.16810624999999998 0.6632687500000001 0.184809375 0.6751734375 0.2048546875
13 0.5997765625 0.1669921875 0.5779515625 0.15474375 0.558109375 0.152515625 0.47874531249999996 0.17256093749999998 0.46875 0.17181249999999998 0.46875 0.22076875 0.47279218749999996 0.22044531250000002 0.5065234375000001 0.2081953125 0.5422374999999999 0.2081953125 0.5640625 0.1825828125 0.5977921875 0.1747875 0.5997765625 0.1669921875
13 0.7327140625 0.2371484375 0.7803328125 0.26387499999999997 0.81803125 0.26944218750000004 0.8517609374999999 0.24828437499999997 0.937078125 0.2560796875 0.9291421874999999 0.23158125 0.8954109375 0.203740625 0.8517609374999999 0.19260468749999998 0.8081093750000001 0.190378125 0.7743796875 0.1981734375 0.760490625 0.2215578125 0.7247765625 0.2171046875 0.6969984375 0.2081953125 0.683109375 0.209309375 0.6791421875 0.2182171875 0.69303125 0.2260125 0.7327140625 0.2371484375
13 0.887475 0.18146875 0.9093 0.18035625 0.9350937500000001 0.177015625 0.9450156249999999 0.1669921875 0.9291421874999999 0.1536296875 0.9212046875000001 0.12913125 0.9053328125 0.1113140625 0.8795390624999999 0.101290625 0.816046875 0.10797187500000001 0.7862843749999999 0.12913125 0.7862843749999999 0.1380390625 0.8200156249999999 0.1369265625 0.863665625 0.15028906250000001 0.8854906250000001 0.164765625 0.8815234375 0.178128125 0.887475 0.18146875
13 1 0.053087499999999996 0.9747765625 0.0389296875 0.9271578125 0.0411578125 0.9172375 0.0578609375 0.893428125 0.0734515625 0.8973953124999999 0.100178125 0.962871875 0.1191078125 1 0.12020468749999999 1 0.053087499999999996
13 1 0.051992187499999995 0.9747765625 0.036703124999999996 0.9152531249999999 0.0211125 0.863665625 0.0211125 0.86168125 0.02668125 0.8358874999999999 0.0389296875 0.8100937500000001 0.04004375 0.843825 0.043384374999999996 0.8497765625 0.05340625 0.8041421874999999 0.0678828125 0.7942218750000001 0.0734515625 0.7962046875000001 0.07901875 0.8358874999999999 0.0834734375 0.867634375 0.09906406250000001 0.8954109375 0.09906406250000001 0.9350937500000001 0.11688125 1 0.11756875 1 0.051992187499999995
13 0.51644375 0.11354062499999999 0.46875 0.0978484375 0.46875 0.129203125 0.5025546875 0.12356249999999999 0.51644375 0.11354062499999999
13 0.46875 0 0.46875 0.0333203125 0.47080781250000003 0.0344765625 0.47676093750000004 0.0333625 0.512475 0.02 0.51644375 0.0088640625 0.5006515625 0 0.46875 0
13 0.5977921875 0.3752328125 0.5481890625 0.414209375 0.5283484374999999 0.42311718750000005 0.5323171875 0.4453890625 0.5204109375 0.44984375 0.5243796875 0.45652499999999996 0.512475 0.4676609375 0.56009375 0.48547812500000004 0.56009375 0.4890625 0.7301484375 0.4890625 0.734696875 0.46097968749999996 0.76644375 0.42534375 0.762475 0.37634687499999997 0.73668125 0.370778125 0.6295390624999999 0.366325 0.5977921875 0.3752328125
13 0.5481890625 0.38080156249999997 0.5719984375 0.3674375 0.5719984375 0.36075625 0.5303328125 0.34405312499999996 0.4966015625 0.36075625 0.4966015625 0.369665625 0.5263640625 0.38191406250000004 0.5481890625 0.38080156249999997
13 0.7743796875 0.4164359375 0.7505703125000001 0.440934375 0.738665625 0.4587515625 0.738665625 0.4890625 0.9030453125 0.4890625 0.9053328125 0.478796875 0.9053328125 0.41198125 0.8398562500000001 0.38636875000000004 0.7981890625 0.4008453125 0.7942218750000001 0.41198125 0.7743796875 0.4164359375
13 1 0.2112265625 0.9509671875000001 0.20151406249999998 0.9311265625 0.1992859375 0.9251734375 0.202628125 0.9251734375 0.209309375 0.937078125 0.21599062500000002 0.9331093750000001 0.222671875 0.941046875 0.23603437500000002 0.9549359374999999 0.24382968749999998 1 0.24470156250000002 1 0.2112265625
6 0.46875 1 0.46875 0.6450390625 0.3382203125 0.624140625 0 0.653184375 0 1 0.46875 1
0 1 0.4890625 0.46875 0.4890625 0.46875 1 1 1 1 0.4890625
1 0.7233140625 0.6789171875 0.7255390625 0.6818859374999999 0.7255390625 0.687821875 0.727765625 0.6907890625 0.727765625 0.6937578125 0.728878125 0.6952406250000001 0.73333125 0.6952406250000001 0.73444375 0.6937578125 0.73444375 0.684853125 0.7322171875000001 0.6818859374999999 0.7322171875000001 0.6789171875 0.7299921875 0.67595 0.7299921875 0.6700140625000001 0.727765625 0.667046875 0.727765625 0.664078125 0.7244265624999999 0.6596265625 0.7222000000000001 0.6596265625 0.7188609375 0.664078125 0.7210875 0.667046875 0.7210875 0.6729828125 0.7233140625 0.67595 0.7233140625 0.6789171875