6 0.292621875 0 0.2979359375 0.0168265625 0.23496875 0.07573437499999999 0.23293593750000002 0.1813578125 0.31520468749999997 0.2839390625 0.39645312499999996 0.3306546875 0.43403281250000003 0.3316703125 0.5890625 0.252828125 0.5890625 0 0.292621875 0
6 0 0.4796875 0.5890625 0.4796875 0.5890625 0.31068125 0.5691078125 0.3083140625 0.58028125 0.3296421875 0.538640625 0.3570625 0.538640625 0.3408140625 0.516296875 0.3408140625 0.5132484374999999 0.3540140625 0.5295 0.356046875 0.5142640625 0.3712828125 0.4878609375 0.3733140625 0.4848125 0.3601109375 0.5091890625 0.34385781249999997 0.5010640625 0.33573437500000003 0.5102046875 0.3204984375 0.5173125 0.3316703125 0.5305171875 0.2920625 0.451296875 0.34690625 0.3741078125 0.344875 0.3873125 0.33573437500000003 0.3091078125 0.2920625 0.23801718749999998 0.20471875 0.16082812500000002 0.2270625 0.15473281249999998 0.2412828125 0.1100484375 0.2351859375 0.008484374999999999 0.26971875 0 0.2627765625 0 0.4796875
0 0.5890625 0 0.5890625 0.4796875 1 0.4796875 1 0 0.5890625 0
1 0.6755703125 0.3071875 0.6775953125 0.3098875 0.6775953125 0.3152890625 0.6796203125 0.317990625 0.6796203125 0.320690625 0.680634375 0.32204062499999997 0.684684375 0.32204062499999997 0.685696875 0.320690625 0.685696875 0.31258906249999996 0.683671875 0.3098875 0.683671875 0.3071875 0.681646875 0.3044859375 0.681646875 0.29908437499999996 0.6796203125 0.29638437500000003 0.6796203125 0.293684375 0.6765828125 0.2896328125 0.6745578125 0.2896328125 0.6715187499999999 0.293684375 0.6735453125 0.29638437500000003 0.6735453125 0.3017859375 0.6755703125 0.3044859375 0.6755703125 0.3071875
17 0.9874812500000001 0.088428125 0.98950625 0.0857265625 0.98950625 0.08032500000000001 0.98646875 0.07627500000000001 0.9803921875 0.07627500000000001 0.9773546874999999 0.08032500000000001 0.9793796875 0.0830265625 0.9793796875 0.0857265625 0.9814046875000001 0.088428125 0.9814046875000001 0.091128125 0.9824171875 0.09247968749999999 0.98646875 0.09247968749999999 0.9874812500000001 0.091128125 0.9874812500000001 0.088428125
22 0.22805781249999998 0.6963859375 0.20431249999999998 0.7587312500000001 0.1963953125 0.80949375 0.2143875 0.874509375 0.233815625 0.9261640625 0.272228125 0.9309390625 0.3252078125 0.78366875 0.3050609375 0.708853125 0.2834703125 0.6643234375 0.2453296875 0.6669937499999999 0.22805781249999998 0.6963859375
6 0.37951562499999997 1 0.413446875 0.9376093750000001 0.423309375 0.83475 0.374003125 0.7510640625 0.32610625 0.6795828125 0.265534375 0.6185609375000001 0.062678125 0.6621453125000001 0 0.650865625 0 1 0.37951562499999997 1
13 0.19535 1 0.1929171875 0.9935046875 0.19088125 0.8827390625 0.1664625 0.7795265625 0.132884375 0.7430265625 0.0474140625 0.7304390625 0 0.8115921875 0 1 0.19535 1
13 0.3670484375 1 0.37403125 0.9784015625 0.36589218749999997 0.950709375 0.41473125 0.89029375 0.34859375 0.81603125 0.316034375 0.8261015625000001 0.30280625 0.8449796875000001 0.2590546875 0.967071875 0.2590546875 0.946934375 0.22853125 0.946934375 0.220390625 0.924275 0.199021875 0.96833125 0.199021875 1 0.3670484375 1
26 0.498046875 1 0.5124109375 0.9154640625000001 0.514446875 0.8223234375 0.494096875 0.641071875 0.477815625 0.5957609374999999 0.4137140625 0.5038796875 0.377084375 0.50639375 0.2834734375 0.551709375 0.2631234375 0.546671875 0.25396718749999997 0.5152046875 0.27635156250000004 0.4824796875 0.27653906250000004 0.4796875 0.14403593750000002 0.4796875 0.1043953125 0.49884218750000003 0 0.5037171875 0 1 0.498046875 1
13 0.19847187500000002 1 0.19088125 0.9784015625 0.19088125 0.8802234375 0.1725671875 0.79715 0.132884375 0.7430265625 0.04945 0.7304390625 0 0.8128187499999999 0 1 0.19847187500000002 1