6 0 0 0 0.409375 0.459375 0.409375 0.459375 0 0 0
6 0.459375 1 0.459375 0.409375 0 0.409375 0 1 0.459375 1
6 0.7523125 0.655346875 0.7546328124999999 0.65883125 0.7731859375 0.65883125 0.7824625000000001 0.6658000000000001 0.8021750000000001 0.6640578125000001 0.8091328125 0.6605734375 0.8091328125 0.6431515625 0.8021750000000001 0.6083078125 0.80449375 0.5699796874999999 0.7940578125 0.5543 0.7801421875 0.5543 0.7592703125 0.582175 0.7523125 0.582175 0.74535625 0.5961125 0.7256437499999999 0.6152765625 0.7210046875 0.6361828125 0.7163671875000001 0.6396671875 0.7175265625 0.65883125 0.7523125 0.655346875
6 0.71056875 0.6658000000000001 0.6804203125 0.6658000000000001 0.6769406250000001 0.6605734375 0.6792609374999999 0.6466359374999999 0.69549375 0.6152765625 0.7059296875000001 0.606565625 0.73028125 0.5630109375 0.7395578125 0.538621875 0.733759375 0.5299109375 0.7244828125 0.5333953124999999 0.7186859375 0.54210625 0.7128875 0.564753125 0.69549375 0.54210625 0.692015625 0.5229421875 0.6665046875 0.5333953124999999 0.6502703125 0.550815625 0.6433140625 0.550815625 0.63635625 0.5368796875 0.6224406250000001 0.550815625 0.60156875 0.550815625 0.580696875 0.5229421875 0.5714203125 0.5229421875 0.5621437499999999 0.5124890625 0.5319953125 0.5124890625 0.5099625 0.531653125 0.5006859375 0.5595265625 0.5006859375 0.5908859375 0.4960484375 0.6117921875000001 0.4937296875 0.792978125 0.4995265625 0.8051734375 0.506484375 0.8051734375 0.5111234375 0.8121421874999999 0.5551859375 0.8156265625 0.5644625 0.8225953125000001 0.6154843750000001 0.8225953125000001 0.6189625000000001 0.81736875 0.6120046875 0.7999468750000001 0.6096859375 0.77555625 0.6201218749999999 0.7598765625 0.6340375 0.7598765625 0.63635625 0.7633609375 0.659546875 0.7633609375 0.6734625000000001 0.7772984375 0.6873765625 0.7842671875 0.7047703125 0.813884375 0.7047703125 0.820853125 0.7175265625 0.833046875 0.7720265625 0.8347890625 0.7963765625 0.833046875 0.80449375 0.820853125 0.80449375 0.813884375 0.79985625 0.806915625 0.79985625 0.792978125 0.80449375 0.786009375 0.80449375 0.716321875 0.7963765625 0.7041265625 0.7755046875 0.6936734375 0.7523125 0.6971578125 0.7430359375 0.7076109374999999 0.7244828125 0.7076109374999999 0.714046875 0.695415625 0.71056875 0.6658000000000001
13 0.7244828125 0.7494234375 0.7036109374999999 0.7633609375 0.692015625 0.7633609375 0.6804203125 0.7424546875 0.6630265625 0.76161875 0.6665046875 0.7703296875000001 0.696653125 0.7947203125 0.714046875 0.820853125 0.7175265625 0.833046875 0.7766640625 0.8347890625 0.7986953125 0.833046875 0.8021750000000001 0.827821875 0.79985625 0.8243375000000001 0.79985625 0.792978125 0.80449375 0.77555625 0.80449375 0.716321875 0.7894187500000001 0.7006421875 0.7801421875 0.6971578125 0.766228125 0.7041265625 0.74999375 0.7041265625 0.7430359375 0.7145796875 0.73028125 0.723290625 0.73028125 0.73374375 0.7244828125 0.7494234375
13 0.5667828125 0.7006421875 0.583015625 0.7041265625 0.60156875 0.7354859375 0.6201218749999999 0.7529078124999999 0.6293984375 0.7598765625 0.65143125 0.76161875 0.6711437499999999 0.7529078124999999 0.6769406250000001 0.7407125 0.6769406250000001 0.716321875 0.6699843750000001 0.6814796875 0.659546875 0.662315625 0.65143125 0.6570890625 0.65606875 0.6431515625 0.6433140625 0.63095625 0.6062078125 0.63095625 0.5922921875 0.613534375 0.5691015625 0.613534375 0.5540265625 0.6431515625 0.560984375 0.69193125 0.5667828125 0.7006421875
13 0.707090625 0.827821875 0.7024515625000001 0.81736875 0.7024515625000001 0.806915625 0.6850578125 0.7842671875 0.6618671875000001 0.7668453125 0.6433140625 0.7598765625 0.6224406250000001 0.7598765625 0.6096859375 0.77555625 0.6096859375 0.7964625 0.6293984375 0.8260796875 0.6827390624999999 0.8295640625 0.6850578125 0.833046875 0.7047703125 0.8313046875 0.707090625 0.827821875
13 0.54475 0.786009375 0.54475 0.7685875 0.5331546875 0.737228125 0.5250375 0.7285171874999999 0.4995265625 0.7250328125000001 0.4937296875 0.73374375 0.4937296875 0.772071875 0.50300625 0.786009375 0.50300625 0.7964625 0.506484375 0.8016890625 0.5146015625 0.7999468750000001 0.538953125 0.7947203125 0.54475 0.786009375
13 0.5296765625 0.7320015625 0.54475 0.7685875 0.54243125 0.792978125 0.5296765625 0.7947203125 0.52271875 0.8016890625 0.504165625 0.8016890625 0.50300625 0.78949375 0.4937296875 0.786009375 0.4995265625 0.8051734375 0.508803125 0.8121421874999999 0.5111234375 0.8086578125000001 0.521559375 0.8103999999999999 0.5528671875 0.8051734375 0.5644625 0.7703296875000001 0.6073671875 0.7407125 0.5922921875 0.7180640625 0.576059375 0.7285171874999999 0.55750625 0.7285171874999999 0.5551859375 0.7320015625 0.538953125 0.7285171874999999 0.5296765625 0.7180640625 0.5157609375 0.7110953125 0.4995265625 0.7180640625 0.501846875 0.7250328125000001 0.5180796875 0.7250328125000001 0.5296765625 0.7320015625
13 0.504165625 0.5891437500000001 0.5180796875 0.5682375000000001 0.538953125 0.5543 0.5482296875 0.5543 0.5621437499999999 0.56126875 0.5714203125 0.57520625 0.585334375 0.585659375 0.5934515625000001 0.5978546875 0.5946109374999999 0.606565625 0.602728125 0.6048234375 0.6154843750000001 0.585659375 0.6201218749999999 0.5891437500000001 0.63635625 0.585659375 0.65143125 0.5595265625 0.638675 0.5403640625 0.6317171874999999 0.5403640625 0.6270796875 0.550815625 0.60156875 0.5543 0.5899734375000001 0.5333953124999999 0.5621437499999999 0.5124890625 0.5250375 0.5159734375 0.50300625 0.5490734374999999 0.5006859375 0.5839171875 0.504165625 0.5891437500000001
13 0.4983671875 0.6048234375 0.4983671875 0.6640578125000001 0.5006859375 0.6640578125000001 0.505325 0.6431515625 0.5134421875 0.63095625 0.52735625 0.620503125 0.538953125 0.613534375 0.5551859375 0.620503125 0.5691015625 0.61005 0.583015625 0.613534375 0.595771875 0.6048234375 0.5899734375000001 0.5891437500000001 0.5714203125 0.57520625 0.559825 0.557784375 0.5343140625 0.5543 0.5111234375 0.57520625 0.4983671875 0.6048234375
13 0.5366328125 0.7250328125000001 0.54706875 0.723290625 0.54706875 0.716321875 0.560984375 0.6814796875 0.5540265625 0.6536046875 0.5517078125 0.6222453125 0.543590625 0.613534375 0.5366328125 0.613534375 0.5319953125 0.620503125 0.5134421875 0.63095625 0.505325 0.6431515625 0.4983671875 0.6710265625 0.4960484375 0.709353125 0.4995265625 0.7145796875 0.5180796875 0.7110953125 0.5366328125 0.7250328125000001
13 0.652590625 0.634440625 0.659546875 0.6518625 0.672303125 0.6501203125 0.693175 0.6222453125 0.7117281249999999 0.5804328125 0.709409375 0.5630109375 0.689696875 0.5299109375 0.6641859375 0.5333953124999999 0.6479515625000001 0.5473312499999999 0.6467921875 0.5525578125 0.65143125 0.5595265625 0.65143125 0.5664953125000001 0.632878125 0.5908859375 0.632878125 0.6013390625 0.6398343750000001 0.6048234375 0.637515625 0.6187609375 0.652590625 0.634440625
13 0.7824625000000001 0.6658000000000001 0.8091328125 0.6640578125000001 0.8114515625 0.6501203125 0.8068125 0.6361828125 0.8068125 0.6187609375 0.79985625 0.6048234375 0.8091328125 0.5874015625 0.8056531250000001 0.578690625 0.801015625 0.578690625 0.7871 0.599596875 0.770865625 0.5961125 0.76275 0.6048234375 0.76275 0.6117921875000001 0.7720265625 0.6187609375 0.7755046875 0.662315625 0.7824625000000001 0.6658000000000001
13 0.7418765625 0.5351375 0.7383984375 0.5299109375 0.733759375 0.5264265625 0.7244828125 0.5299109375 0.7117281249999999 0.5560421875 0.7117281249999999 0.5804328125 0.707090625 0.5908859375 0.707090625 0.6013390625 0.709409375 0.6013390625 0.7233234375 0.5804328125 0.7395578125 0.5455890625 0.7418765625 0.5351375
13 0.7233234375 0.6222453125 0.7186859375 0.6466359374999999 0.7186859375 0.6536046875 0.7244828125 0.65883125 0.7291218749999999 0.655346875 0.7673875 0.6570890625 0.7743453125 0.6501203125 0.7743453125 0.6326984375 0.7720265625 0.6222453125 0.76275 0.6117921875000001 0.76275 0.6048234375 0.770865625 0.5961125 0.78478125 0.599596875 0.80449375 0.5734640625 0.801015625 0.56126875 0.78478125 0.550815625 0.7801421875 0.550815625 0.763909375 0.57520625 0.7383984375 0.599596875 0.7233234375 0.6222453125
12 0.7175265625 0.7529078124999999 0.7279625000000001 0.737228125 0.7279625000000001 0.7267750000000001 0.6989734375000001 0.6658000000000001 0.692015625 0.67276875 0.6873765625 0.67276875 0.6827390624999999 0.6658000000000001 0.6815796875 0.6779953125 0.672303125 0.69193125 0.6746218749999999 0.7058687499999999 0.6885375 0.758134375 0.692015625 0.7633609375 0.7024515625000001 0.76161875 0.7175265625 0.7529078124999999