6 0.074578125 0 0 0.47130312500000004 0 0.9243578125 0.4775890625 0.9972218749999999 0.9270406250000001 0.99460625 1 0.5335328125000001 1 0.06714218749999999 0.5599171875 0 0.074578125 0
22 1 0.18863749999999999 0.87555625 0.14010781249999998 0.75318125 0.0769453125 0.71653125 0.07135312499999999 0.6237625 0.09575937500000001 0.391528125 0.0277015625 0.368390625 0.055315625 0.357753125 0.1100515625 0.361525 0.12990625 0.578903125 0.2668890625 0.6204468750000001 0.34145 0.6457171875000001 0.36903437499999997 0.982975 0.5287546875 1 0.5185046875 1 0.18863749999999999
22 0.07289218750000001 0 0.0263984375 0.2938265625 0.05230625 0.3111296875 0.06554375 0.3398453125 0.09374375 0.34266406250000003 0.1194625 0.3362046875 0.1592265625 0.3096421875 0.2137640625 0.23342812500000001 0.2245921875 0.20245000000000002 0.2336640625 0.1326453125 0.2213203125 0.03584375 0.24997031249999999 0.004621875 0.2488828125 0 0.07289218750000001 0
12 0.5624796875 0.3207421875 0.54714375 0.330265625 0.22600781250000002 0.586790625 0.23180625 0.618821875 0.24053437500000002 0.6260859375 0.373971875 0.5381765625 0.46442656250000003 0.4659578125 0.5506484375 0.3767765625 0.56680625 0.3495796875 0.5700140625000001 0.32930625 0.5624796875 0.3207421875
12 0.3104078125 0.8087843749999999 0.3143703125 0.8524015625000001 0.342571875 0.8552203125 0.3517484375 0.828440625 0.38830624999999996 0.8221515625 0.41274375 0.8362640625 0.398015625 0.7420640625 0.40397343750000003 0.7044109375 0.397621875 0.6633984374999999 0.37088125 0.6326234375 0.3370734375 0.6215328125 0.290871875 0.62635 0.23980937500000002 0.6556359375 0.24735468749999998 0.6953484375000001 0.2683078125 0.7252421874999999 0.2636390625 0.773471875 0.282834375 0.764534375 0.29395 0.769196875 0.3104078125 0.8087843749999999
12 0.6313078125 0.4039125 0.6125609375 0.37880625 0.5820578125 0.359321875 0.5646953124999999 0.35667343749999997 0.4699359375 0.46234843750000004 0.45170000000000005 0.590078125 0.407084375 0.672259375 0.4072765625 0.6960171875000001 0.429978125 0.7335906249999999 0.49897656250000005 0.7782312499999999 0.517990625 0.77668125 0.52919375 0.762078125 0.5369843750000001 0.712840625 0.5192484375 0.693821875 0.5150171875 0.676859375 0.5353109375 0.6547421875 0.568190625 0.6404796875 0.5737859375000001 0.617603125 0.562840625 0.5744078125 0.5887390625 0.5605625 0.5898265625 0.5162328125 0.597725 0.5100234375 0.6070078125 0.5262703125 0.619678125 0.51485625 0.6267453125 0.49517187500000004 0.6313078125 0.4039125
12 1 0.5289921875 0.9013359375000001 0.588971875 0.5559765624999999 0.6489984375 0.5372390625000001 0.6550374999999999 0.519334375 0.6745515625 0.5284359375000001 0.6981875 0.5450625 0.6992406250000001 0.9886015625000001 0.599321875 0.9899765625000001 0.59063125 0.96269375 0.58201875 0.9966703125 0.5545734375 1 0.5335328125000001 1 0.5289921875
12 0.073684375 0 0.0263984375 0.2938265625 0.05570625 0.3146140625 0.0636140625 0.33955156249999996 0.09374375 0.34266406250000003 0.156840625 0.3122453125 0.20761406249999997 0.24731874999999998 0.22505000000000003 0.199553125 0.23238281249999998 0.1532125 0.22416718750000003 0.030346875000000002 0.2447375 0.0127203125 0.24800781249999998 0 0.073684375 0
7 1 0.1889671875 0.87555625 0.14010781249999998 0.7551109375 0.0772390625 0.7146015625000001 0.07105937500000001 0.6319375 0.0940421875 0.45482500000000003 0.05218906250000001 0.3973140625 0.028584375000000002 0.38528281249999996 0.029715625000000002 0.37169375 0.046921875 0.357753125 0.1100515625 0.361525 0.12990625 0.578903125 0.2668890625 0.6204468750000001 0.34145 0.6457171875000001 0.36903437499999997 0.9742468750000001 0.5214921875 1 0.5199499999999999 1 0.1889671875
12 0 0.9199703124999999 0.02358125 0.9296484375 0.4744296875 0.9972406250000001 0.586834375 0.9965859375000001 0.5673781250000001 0.9577406249999999 0.5622203125 0.9154249999999999 0.53373125 0.87696875 0.4966203125 0.8742734375 0.4539890625 0.8440390624999999 0.4106328125 0.8433578125000001 0.396575 0.8323140625000001 0.37058125 0.8342812500000001 0.3404609375 0.8623125 0.2405125 0.8322328125 0.29452656250000003 0.8404734375 0.3062828125 0.8348515624999999 0.3085734375 0.8203703125 0.30305312500000003 0.7928328125 0.28770625 0.7712109375 0.25473124999999996 0.7735937500000001 0.2644515625 0.724653125 0.24790937500000002 0.70433125 0.22987656250000002 0.6185265625 0.202390625 0.5550078125 0.2012609375 0.47474999999999995 0.1747015625 0.43658437499999997 0.1500828125 0.42986250000000004 0.0962390625 0.38308749999999997 0.0245640625 0.3054140625 0 0.4622625 0 0.9102265624999999 0.1614421875 0.882459375 0.1693375 0.87625 0.17245 0.8440953125 0.18319375 0.8323875 0.17346250000000002 0.8501828124999999 0.168240625 0.8894296875000001 0 0.917 0 0.9199703124999999
7 0.5697281249999999 0.0252265625 0.5047046875000001 0.0553484375 0.5822406250000001 0.08349375 0.633590625 0.0898453125 0.703025 0.0692921875 0.7724734375 0.0798875 0.779625 0.040935937500000005 0.7778765625 0.033253125 0.6293390624999999 0.010590625 0.5697281249999999 0.0252265625
7 0.20936249999999998 0.255003125 0.14921875 0.3229484375 0.11349374999999999 0.34271093750000003 0.12232812500000001 0.39300156249999996 0.145296875 0.40391875 0.2036171875 0.37870781249999996 0.267084375 0.3646609375 0.2892109375 0.3309578125 0.31472656250000003 0.26959374999999997 0.33979375 0.24227343750000002 0.3719375 0.2264140625 0.4109765625 0.229403125 0.440009375 0.24569843750000003 0.46335156250000004 0.2729890625 0.489365625 0.3333171875 0.5723906249999999 0.2955578125 0.58359375 0.2809515625 0.478665625 0.2011703125 0.4118734375 0.1613171875 0.3824796875 0.1598 0.20936249999999998 0.255003125
7 0.7758734375 0.08337343750000001 0.7805421875 0.03514375 0.615834375 0.00853125 0.5008453125 0.054760937499999995 0.5556921874999999 0.0764765625 0.6355203125 0.0901390625 0.7150593749999999 0.0681625 0.7758734375 0.08337343750000001