6 0 0 0 0.3398734375 0.057835937500000004 0.393259375 0.14046875 0.40077187500000006 0.181784375 0.30499375 0.1930515625 0.299359375 0.24438437500000001 0.3425546875 0.21433593750000002 0.38386875 0.21057968749999997 0.41579531249999996 0.26316562499999996 0.42330781249999994 0.2806921875 0.389503125 0.288203125 0.4308203125 0.4672421875 0.462746875 0.47850937499999996 0.4383296875 0.48602187499999994 0.44960000000000006 0.48852343749999994 0.43457656250000004 0.51875 0.42324062500000004 0.51875 0 0 0
6 0.9579187499999999 0 0.896678125 0.015021875 0.8501687499999999 0.11431875 0.7898359375 0.1444875 0.7860640625 0.18596718750000002 0.78480625 0.11180937500000002 0.75966875 0.1067796875 0.7747531249999999 0.1394625 0.757153125 0.1997953125 0.7747531249999999 0.2349875 0.739559375 0.24504687500000003 0.78480625 0.2727 0.78480625 0.385825 0.8149749999999999 0.4034234375 0.8375984375 0.4813546875 0.8341031250000001 0.5 1 0.5 1 0 0.9579187499999999 0
6 0 0.9463140624999999 0.23782031250000002 0.9835421875 0.41281249999999997 0.88910625 0.51875 0.7145765625 0.51875 0.5 0 0.5 0 0.9463140624999999
3 0.22312812499999998 0.899309375 0.2056 0.8925015625 0.195584375 0.899309375 0.1818125 0.92143125 0.1768046875 0.9486609375 0.1818125 0.9656781249999999 0.1905765625 0.977590625 0.2005921875 0.9843984375 0.2218765625 0.982696875 0.2394046875 0.962275 0.2394046875 0.9316421874999999 0.22312812499999998 0.899309375
3 0.24316093749999998 0.8448515625 0.2682 0.8550625000000001 0.28698125 0.8533609375 0.2944921875 0.839746875 0.296996875 0.822728125 0.296996875 0.8125171874999999 0.2907359375 0.8006046874999999 0.24816875 0.7767796875 0.2356484375 0.7597625 0.2256328125 0.7597625 0.2143640625 0.771675 0.2143640625 0.7818859375 0.20434843749999998 0.8091140625 0.20434843749999998 0.8261328125 0.21311249999999998 0.8448515625 0.21812031250000002 0.8482546875000001 0.24316093749999998 0.8448515625
3 0.1167078125 0.8329390625 0.1167078125 0.839746875 0.10168437500000001 0.8533609375 0.10669218750000001 0.8805890625 0.12296875 0.9095187499999999 0.129228125 0.9078171875000001 0.1379921875 0.9027125 0.15301562500000002 0.8822906250000001 0.1905765625 0.858465625 0.1968359375 0.8499578124999999 0.1968359375 0.8295359375 0.188071875 0.804009375 0.175553125 0.8006046874999999 0.129228125 0.822728125 0.15301562500000002 0.8414484375000001 0.160528125 0.8550625000000001 0.1104484375 0.8210265625 0.10418750000000002 0.822728125 0.105440625 0.8312375 0.1167078125 0.8329390625
3 0.34707656249999996 0.7614640625 0.3545890625 0.7342359375 0.352084375 0.7070078125 0.345825 0.6950953125 0.3057609375 0.7053046875 0.29574531249999997 0.7053046875 0.285728125 0.6950953125 0.27195625 0.7001999999999999 0.27195625 0.7240249999999999 0.283225 0.7495515625 0.31327343750000003 0.763165625 0.32829687500000004 0.7801843749999999 0.3370609375 0.7784828125 0.34707656249999996 0.7614640625
3 0.2056 0.5113015625 0.2281359375 0.524915625 0.2444125 0.5232140625 0.24298906250000002 0.5 0.1972859375 0.5 0.2056 0.5113015625
17 0.11420468749999999 0.57426875 0.0991796875 0.5436359375 0.094171875 0.513003125 0.0816625 0.5 0.021515625 0.5 0.0190515625 0.536828125 0.04534375 0.5589515625 0.1104484375 0.5997953125000001 0.11420468749999999 0.5980921875 0.1117 0.5912859375 0.11420468749999999 0.57426875
17 0.429709375 0.513003125 0.4234484375 0.5078984375 0.383384375 0.5078984375 0.335809375 0.524915625 0.296996875 0.5470390625 0.2919890625 0.57426875 0.3020046875 0.601496875 0.3095171875 0.6457421875 0.32454062499999997 0.679778125 0.33455625 0.6865859375000001 0.35333749999999997 0.6814796875 0.37086562500000003 0.661059375 0.3883921875 0.6712703125 0.41092968750000003 0.6712703125 0.418440625 0.661059375 0.44348124999999994 0.6644625 0.44723750000000007 0.6593578124999999 0.449740625 0.649146875 0.449740625 0.625321875 0.4447328125 0.6151109375 0.44723750000000007 0.530021875 0.44348124999999994 0.524915625 0.4309609375 0.5283203125 0.429709375 0.513003125
17 0.48604843750000004 0.572565625 0.4660171875 0.5657593750000001 0.453496875 0.5657593750000001 0.449740625 0.5708640625 0.4447328125 0.584478125 0.4447328125 0.6083031250000001 0.4522453125 0.628725 0.449740625 0.6423390625 0.453496875 0.6474453125 0.51735 0.649146875 0.51875 0.6481953125000001 0.51875 0.628725 0.51735 0.628725 0.51735 0.6185140625 0.512340625 0.6117078125 0.5148453125 0.581075 0.5085859375 0.572565625 0.48604843750000004 0.572565625
3 0.0991796875 0.625321875 0.0854078125 0.6168125 0.05285625000000001 0.613409375 0.0465953125 0.625321875 0.0491 0.7104109375000001 0.060368750000000006 0.7189203125 0.08666093750000001 0.7172171875 0.0891640625 0.7138140625 0.08666093750000001 0.6831828125 0.0991796875 0.6389359375 0.0991796875 0.625321875
17 0.1667890625 0.7342359375 0.1667890625 0.7546578125 0.1743 0.7580609375 0.24065625000000002 0.739340625 0.2594359375 0.727428125 0.2594359375 0.7104109375000001 0.26945312499999996 0.696796875 0.26444531250000003 0.676375 0.26444531250000003 0.6219171875 0.258184375 0.613409375 0.251925 0.6185140625 0.2494203125 0.6389359375 0.24316093749999998 0.6474453125 0.21812031250000002 0.6644625 0.2106078125 0.6780765625 0.1818125 0.7001999999999999 0.1667890625 0.7342359375
17 0.1617796875 0.533425 0.1592765625 0.5470390625 0.1818125 0.5470390625 0.18932500000000002 0.5436359375 0.1943328125 0.52661875 0.175553125 0.5113015625 0.168040625 0.5113015625 0.1592765625 0.5232140625 0.1617796875 0.533425
6 1 0.922615625 0.9701203125 0.8815109375000001 0.8578749999999999 0.84264375 0.731790625 0.9441296875 0.7205671875 1 1 1 1 0.922615625
26 1 0.5 0.6342015625 0.5 0.546240625 0.620565625 0.51875 0.7069296875 0.51875 1 1 1 1 0.5