6 0 0 0 0.5890625 0.3890625 0.5890625 0.3890625 0 0 0
22 0 0.5890625 0.3890625 0.5890625 0.3890625 0.360665625 0.3111765625 0.16499999999999998 0.11610625000000001 0.0788984375 0 0.035015625 0 0.5890625
6 0.717603125 0 0.7065578125 0.0661609375 0.7001968749999999 0.0725109375 0.7012562499999999 0.14395 0.8528609375 0.1804640625 0.945096875 0.147125 0.9631187499999999 0.12013750000000001 0.9609984375 0.0883859375 0.98644375 0.021709375 0.9843234375 0.002659375 0.9807703125 0 0.717603125 0
6 0.6938359375 0.33604218750000003 0.7001968749999999 0.2915921875 0.6938359375 0.1137875 0.6885343749999999 0.10585 0.6630906249999999 0.109025 0.6355265625000001 0.1630015625 0.6312859375000001 0.14395 0.5782765624999999 0.140775 0.5613140624999999 0.128075 0.5602546875 0.1137875 0.5687359375 0.09791093749999999 0.563434375 0.0899734375 0.40758906250000004 0.269365625 0.418190625 0.3138171875 0.3948671875 0.35191875 0.40758906250000004 0.38684375000000004 0.3890625 0.42845781250000003 0.3890625 0.5890625 0.7023171875 0.5890625 0.7023171875 0.529721875 0.683234375 0.517021875 0.6980765625 0.494796875 0.7023171875 0.44717031250000006 0.6938359375 0.33604218750000003
21 0.674753125 0.5868734375 0.6762140624999999 0.5890625 0.7023171875 0.5890625 0.7023171875 0.526546875 0.6970156249999999 0.518609375 0.6715718749999999 0.521784375 0.6641515625000001 0.5455984375 0.691715625 0.5678234375 0.674753125 0.5868734375
3 0.6611671875 0.5890625 0.6821734375 0.5725859375 0.6842937499999999 0.5567109375 0.605840625 0.521784375 0.5623750000000001 0.5392484375000001 0.5774953125 0.5890625 0.6611671875 0.5890625
13 0.588878125 0.35985625 0.592059375 0.36779375000000003 0.5708562500000001 0.42494531249999995 0.5750968750000001 0.47257187500000003 0.6037203124999999 0.493209375 0.634465625 0.491621875 0.6493078125 0.41859531250000004 0.6620296875 0.39001874999999997 0.6450671875 0.33604218750000003 0.6620296875 0.272540625 0.6567296875 0.255078125 0.6461281249999999 0.25825312500000003 0.6016 0.33445468749999996 0.563434375 0.35668125 0.5411703125 0.39319375 0.5528328124999999 0.39795625 0.5613140624999999 0.37890625 0.567675 0.38208125000000004 0.5782765624999999 0.36303125 0.588878125 0.35985625
21 0.6281046875 0.2884171875 0.634465625 0.278890625 0.629165625 0.24872812500000002 0.605840625 0.24555312499999998 0.580396875 0.22650312499999997 0.5687359375 0.234440625 0.5740359374999999 0.274128125 0.6281046875 0.2884171875
3 0.5581328125 0.2947671875 0.567675 0.3122296875 0.609021875 0.3201671875 0.6238640625 0.30429218750000003 0.624925 0.2900046875 0.571915625 0.270953125 0.55919375 0.280478125 0.5560125 0.269365625 0.5581328125 0.2947671875
18 0.85535625 0 0.8465 0.005834375 0.8602828125 0.020121875 0.8825468750000001 0.024884375 0.9026890625 0.013771875 0.9196515625 0.020121875 0.9220234375 0 0.85535625 0
16 0.8221171875 0.035996875 0.819996875 0.039173437500000005 0.8093937499999999 0.039173437500000005 0.799853125 0.05346093750000001 0.799853125 0.0566359375 0.7977328124999999 0.05981093750000001 0.7977328124999999 0.0661609375 0.7956125000000001 0.0693359375 0.7956125000000001 0.07886093749999999 0.7934921875 0.0820359375 0.7934921875 0.0883859375 0.7913718750000001 0.0915609375 0.7913718750000001 0.1010875 0.7892515625 0.1042625 0.7903109374999999 0.109025 0.796671875 0.109025 0.7987921874999999 0.11220000000000001 0.8178750000000001 0.11220000000000001 0.8189359375 0.1106125 0.8231765624999999 0.1042625 0.8231765624999999 0.09791093749999999 0.825296875 0.0947359375 0.825296875 0.0883859375 0.8274171875 0.0852109375 0.8274171875 0.0725109375 0.8295375 0.0693359375 0.8295375 0.0629859375 0.8316578124999999 0.05981093750000001 0.8316578124999999 0.05346093750000001 0.833778125 0.0502859375 0.8305984375 0.0423484375 0.828478125 0.0423484375 0.8221171875 0.035996875
6 1 0.5890625 0.3890625 0.5890625 0.3890625 0.899096875 0.4441921875 0.9244390625 0.6215671875 0.9599296875000001 0.7746671875 0.974871875 0.9184359375 0.9972875 1 0.984796875 1 0.5890625