6 0.7845359375000001 0.4964578125 0.4334828125 0.244715625 0.37238125 0.409765625 0.28128593749999997 0.5764796875 0.6278953125 0.8048828125 0.7691671875 0.5349999999999999 0.7845359375000001 0.4964578125
22 0.4601453125 0.338078125 0.51458125 0.41476562499999997 0.5538890624999999 0.36 0.55901875 0.341409375 0.481253125 0.279725 0.4601453125 0.338078125
22 0.44459375 0.624828125 0.47792031250000006 0.676509375 0.542353125 0.6565046875 0.5756812499999999 0.5831500000000001 0.5356890625 0.5398031249999999 0.44459375 0.624828125
14 0.5625 0.5825203125 0.5458984375 0.5546875 0.53125 0.5502921875 0.447265625 0.603028125 0.44921875 0.632325 0.4736328125 0.671875 0.5361328125 0.6601546875000001 0.55078125 0.6440421875 0.5625 0.5825203125
3 0.4853515625 0.42577968750000006 0.4970703125 0.443359375 0.50390625 0.43603437500000003 0.509765625 0.41552812499999997 0.484375 0.40087968749999997 0.396484375 0.44775468749999997 0.38671875 0.49462968749999997 0.392578125 0.506346875 0.390625 0.5268546875 0.4189453125 0.6044921875 0.4521484375 0.5986328125 0.5029296875 0.572265625 0.533203125 0.5415046875 0.4931640625 0.4609375 0.4501953125 0.5078125 0.4384765625 0.5078125 0.42968593750000006 0.49169999999999997 0.4345703125 0.45214687500000006 0.4853515625 0.42577968750000006
3 0.5126953125 0.4111328125 0.544921875 0.36279218750000003 0.55078125 0.33056718749999997 0.4892578125 0.282228125 0.48046875 0.28369218749999997 0.458984375 0.33056718749999997 0.5126953125 0.4111328125
3 0.6123046875 0.513671875 0.59375 0.509278125 0.6142578125 0.5546875 0.61328125 0.5356453125 0.62109375 0.5268546875 0.6123046875 0.513671875
3 0.6376953125 0.578125 0.62890625 0.5825203125 0.6611328125 0.6132796875000001 0.6845703125 0.6162093750000001 0.7001953125 0.607421875 0.712890625 0.58545 0.712890625 0.5502921875 0.693359375 0.47997968750000003 0.6533203125 0.431640625 0.609375 0.42724531250000003 0.58984375 0.45068281250000003 0.5908203125 0.49609218750000006 0.6025390625 0.47265468750000006 0.6455078125 0.484375 0.640625 0.45654218750000003 0.6572265625 0.45214687500000006 0.6875 0.49462968749999997 0.685546875 0.5122078125 0.701171875 0.5444328125 0.701171875 0.5590828125 0.6826171875 0.5986328125 0.6611328125 0.6044921875 0.6435546875 0.5927718750000001 0.6376953125 0.578125
9 0.654296875 0.66455 0.654296875 0.6557625 0.66015625 0.6381828125 0.66015625 0.6206046875 0.6552734375 0.6103531249999999 0.6474609375 0.6044921875 0.6435546875 0.6044921875 0.6376953125 0.5986328125 0.6328109375000001 0.600096875 0.6181640625 0.6103531249999999 0.61328125 0.617675 0.61328125 0.623534375 0.611328125 0.626465625 0.611328125 0.6528328125 0.6240234375 0.671875 0.6279296875 0.6748046875 0.6318359375 0.6748046875 0.6337890625 0.677734375 0.6396484375 0.677734375 0.6416015625 0.6748046875 0.6455078125 0.6748046875 0.6494140625 0.671875 0.654296875 0.66455
12 0.548828125 0.5971671875 0.55078125 0.5942375 0.548828125 0.5913078125 0.548828125 0.58545 0.5439453125 0.5810546875 0.5400390625 0.5810546875 0.5380859375 0.583984375 0.5361328125 0.583984375 0.5341796875 0.5810546875 0.5185546875 0.5810546875 0.517578125 0.5825203125 0.509765625 0.58545 0.509765625 0.5883796875 0.5078109375000001 0.5913078125 0.5078109375000001 0.6088875 0.5107421875 0.6132796875000001 0.5185546875 0.6132796875000001 0.525390625 0.6352546875 0.5341796875 0.6396468750000001 0.5361328125 0.6367171875000001 0.5380859375 0.6367171875000001 0.546875 0.6206046875 0.546875 0.6147453125 0.548828125 0.6118171875 0.548828125 0.5971671875
12 0.5712890625 0.7451171875 0.578125 0.7348625 0.57421875 0.726075 0.576171875 0.717284375 0.5810546875 0.7099593750000001 0.583984375 0.7143546875 0.580078125 0.6440421875 0.568359375 0.6088875 0.5625 0.603028125 0.5546859375000001 0.632325 0.5439453125 0.654296875 0.4853515625 0.677734375 0.47656093750000006 0.696778125 0.474609375 0.711425 0.4794921875 0.71875 0.4873046875 0.71875 0.4931640625 0.7304671875000001 0.5009765625 0.7304671875000001 0.5048828125 0.7392578125 0.5126953125 0.7333968750000001 0.5166015625 0.7421875 0.5263671875 0.748046875 0.5712890625 0.7451171875