6 1 0.44151562499999997 0.9776265625 0.35267499999999996 0.9462546875 0.2926125 0.8939015625 0.235371875 0.8397296875 0.20452187500000002 0.7652671875 0.1916484375 0.76315625 0.1326953125 0.7343046875 0.0658921875 0.6865515624999999 0.0518828125 0.5718109375 0.1648078125 0.5417828124999999 0.12608124999999998 0.5143828125 0.112059375 0.4826 0.11769375 0.46421718749999996 0.1362328125 0.4212921875 0.0458578125 0.390771875 0.0113703125 0.3042375 0.008853125 0.301596875 0.0122375 0.296584375 0.034699999999999995 0.319109375 0.11160937500000001 0.370209375 0.1744671875 0.41226250000000003 0.19578125 0.41425 0.2188015625 0.3763546875 0.2974296875 0.22399062500000003 0.3828640625 0.2106984375 0.4014015625 0.20634375 0.43003749999999996 0.212228125 0.4766375 0.24943749999999998 0.5698234375 0.2889859375 0.6023671875 0.3010125 0.5849546875 0.3073828125 0.5883203124999999 0.31050468750000004 0.756765625 0.331134375 0.8376078124999999 0.310996875 0.90050625 0.3130765625 0.9504765624999999 0.3379375 0.9667468749999999 0.45128124999999997 1 0.7491859375 1 0.7539609375 0.976615625 0.7424671875 0.9642703125000001 0.767253125 0.9580781249999999 0.75715625 1 0.8018296875 1 0.8239453125 0.982190625 0.8353140625 0.9586015625 0.83526875 0.9451265624999999 0.8263609375 0.9440062499999999 0.8288359375000001 0.9237921874999999 0.8852656250000001 0.8715421875 0.9289531249999999 0.8125609375 0.9529734375000001 0.76875 0.9749609375 0.688446875 0.98131875 0.68731875 0.990775 0.66316875 1 0.59375 1 0.44151562499999997
3 0.897653125 0.5879828125000001 0.9158203125 0.5065578125 0.9163078125 0.4633234375 0.8742531250000001 0.44200937500000004 0.8208328125 0.4442859375 0.7196265625 0.42356875 0.6642953125 0.42528437500000005 0.6458984375 0.4393328125 0.6163921875 0.55333125 0.624171875 0.5960015624999999 0.7669890625 0.694740625 0.78295625 0.7143843750000001 0.8434687500000001 0.739615625 0.8599109374999999 0.711534375 0.897653125 0.5879828125000001
3 1 0.432365625 0.9982125 0.42004062500000006 0.9539249999999999 0.3038390625 0.9162265625 0.2538859375 0.8766796875 0.22134375 0.7792640625 0.1927625 0.6871046875 0.213590625 0.6420421875 0.242253125 0.589415625 0.2911328125 0.5539671875 0.3405625 0.5072078125 0.4315515625 0.472753125 0.5859796875 0.480259375 0.7347703125 0.5046953125 0.8122406249999999 0.5347828125 0.868934375 0.589046875 0.9267359374999999 0.62281875 0.9441234375 0.6399328125 0.9267078124999999 0.6208015625 0.9121203124999999 0.6066499999999999 0.8660859375 0.570265625 0.8284874999999999 0.5650859374999999 0.8015390625000001 0.5865375 0.75099375 0.5723859375 0.7049578125 0.5819062500000001 0.698778125 0.5944359375 0.6426203125 0.6197703125 0.6111640625 0.6169578125 0.5325562500000001 0.6345296874999999 0.462921875 0.653490625 0.4280984375 0.7374140625 0.41682031249999996 0.8411859375 0.44427656249999997 0.8608828125000001 0.43808749999999996 0.9118296875 0.45602656250000007 0.92014375 0.468934375 0.9133453125000001 0.5267734374999999 0.8782015624999999 0.6660421875 0.8466640625 0.7435453125 0.8633203125 0.7783484374999999 0.8590265625000001 0.8249546875 0.798853125 0.89854375 0.742909375 0.907559375 0.7443625 0.9603375 0.8326390625 0.9204234375 0.8821031250000001 0.876596875 0.9314890625000001 0.8103125 0.9788421875 0.707534375 1 0.6127015625000001 1 0.432365625
3 0.3168109375 0.5551859375 0.343153125 0.44624218750000005 0.387434375 0.37547031249999996 0.42038125 0.3372703125 0.3916203125 0.2974203125 0.3801609375 0.294059375 0.260190625 0.366559375 0.24556874999999997 0.3682515625 0.21132499999999999 0.3985921875 0.20571718749999998 0.4328453125 0.21545156250000003 0.48955000000000004 0.23015312500000001 0.5103171875 0.24687031250000002 0.5630875 0.2609296875 0.5821703125 0.28449375 0.5905796875 0.3168109375 0.5551859375
3 0.5532203124999999 1 0.585396875 0.9750265625000001 0.5872140625 0.9486359375 0.579496875 0.923934375 0.5232921875 0.8565875000000001 0.48803906250000006 0.7774375 0.44457812499999994 0.716821875 0.42040468750000004 0.7157140625 0.391859375 0.7387515625 0.35703593749999996 0.7853734375 0.32734687500000004 0.84546875 0.3091484375 0.9179125000000001 0.314359375 0.9538453125 0.3411328125 0.9706734375 0.4439609375 1 0.5532203124999999 1
3 0.685559375 0.1338609375 0.6813734375 0.211909375 0.7665359375 0.190525 0.7638125 0.13886875 0.74516875 0.0810484375 0.7362140625 0.066453125 0.6865515624999999 0.0518828125 0.573078125 0.163684375 0.5458328125 0.19457968750000001 0.535121875 0.22434531249999998 0.5365593750000001 0.27263281250000004 0.5531234375 0.280484375 0.5894 0.286640625 0.672496875 0.21977656250000002 0.6633875 0.1602625 0.67283125 0.1316234375 0.685559375 0.1338609375
3 0.4487859375 0.27380625 0.419309375 0.2098125 0.37951875 0.292375 0.39096406250000004 0.29124374999999997 0.42354375 0.332215625 0.4487859375 0.27380625
3 0.494028125 0.112071875 0.46485937499999996 0.13791718749999998 0.47900937499999996 0.1839515625 0.481228125 0.2743484375 0.503553125 0.292865625 0.537215625 0.27880937499999997 0.5332734375 0.241753125 0.5401328125 0.20188437499999998 0.5686312499999999 0.1653703125 0.53476875 0.12103124999999999 0.494028125 0.112071875
3 0.7375015625 1 0.7368421875 0.8070562499999999 0.7682859375 0.7026015625 0.7147265625 0.6644515625 0.7130468750000001 0.73126875 0.720903125 0.7963953125 0.7163906250000001 1 0.7375015625 1
3 0.59904375 1 0.7130359375 0.9137515625000001 0.716121875 0.8862390625 0.65455625 0.9250140625000001 0.5642343750000001 1 0.59904375 1
3 0.85438125 0.7682453125 0.820625 0.75535 0.7571656250000001 0.7980609375000001 0.7451390625000001 0.8154734375 0.737621875 0.849165625 0.738371875 0.8822953124999999 0.748578125 0.8912734375 0.78485625 0.897428125 0.8178468750000001 0.8727031249999999 0.8539249999999999 0.820465625 0.8601890624999999 0.7923859375 0.85438125 0.7682453125
13 0.38997187499999997 0.3732234375 0.331815625 0.478815625 0.305534375 0.6057265625 0.3051234375 0.6714203125 0.313728125 0.7696765625 0.318221875 0.7814656249999999 0.33094999999999997 0.7837046875 0.36143593749999997 0.7702109375 0.39311250000000003 0.7331359375 0.4254765625 0.7112171875 0.4471140625 0.714575 0.4592625 0.7330984375 0.47452812499999997 0.7330890625 0.47021562499999997 0.5882265624999999 0.4939609375 0.4635625 0.518546875 0.3989765625 0.5855953125 0.2900109375 0.5499468750000001 0.2810484375 0.5061046874999999 0.2951109375 0.48124374999999997 0.278840625 0.47772500000000007 0.1805828125 0.46165 0.129496875 0.42320156249999996 0.046418749999999995 0.39082812499999997 0.011371875 0.3041109375 0.0088484375 0.29595781250000003 0.0375078125 0.3017796875 0.066140625 0.33702031250000003 0.140796875 0.3753140625 0.17895624999999998 0.4173671875 0.2002703125 0.45069687500000005 0.2743671875 0.424828125 0.335584375 0.38997187499999997 0.3732234375
13 0.7507765625 1 0.7564953125 0.9743671875000001 0.7481828125 0.9614593749999999 0.741840625 0.967075 0.7387703125 0.9990828125 0.7390531250000001 1 0.7507765625 1
13 0.5917546875 0.9739000000000001 0.6196546875 0.9491796875 0.5865109375 0.928984375 0.58665 0.9694109375 0.5917546875 0.9739000000000001
13 0.71385 1 0.7144890625 0.9665312500000001 0.6610359375 0.9598234375000001 0.604996875 1 0.71385 1