6 0 0 0 0.4 0.6390625 0.4 0.6390625 0 0 0
9 0.4535390625 0.28759531250000003 0.4235171875 0.24552187499999997 0.37175625 0.198771875 0.338628125 0.1831859375 0.322065625 0.1831859375 0.30860781249999997 0.2003265625 0.3003265625 0.21902968750000001 0.30653593749999997 0.2533109375 0.353121875 0.3234390625 0.40695312499999997 0.37330625 0.45146875 0.38421249999999996 0.46389218750000005 0.377978125 0.47424375 0.3374625 0.4535390625 0.28759531250000003
9 0 0.3391671875 0.029096875 0.3405796875 0.057046875 0.326553125 0.0808578125 0.296946875 0.10777343749999999 0.2159125 0.10777343749999999 0.1722796875 0.08499999999999999 0.10370937499999999 0.06325937499999999 0.07721875 0.0239203125 0.0491703125 0 0.0491703125 0 0.3391671875
9 0.44977656250000003 0 0.4493984375 0.0039765625 0.481490625 0.0678703125 0.530146875 0.0600765625 0.5322171875 0.075659375 0.5135828124999999 0.10059375 0.5135828124999999 0.1255265625 0.523934375 0.162928125 0.5384265625 0.16604531250000001 0.5591328125 0.3094125 0.582534375 0.4 0.6390625 0.4 0.6390625 0 0.44977656250000003 0
9 0.1388296875 0.22214687500000002 0.1305484375 0.2720140625 0.142971875 0.34992812500000003 0.16471093750000002 0.37330625 0.18127500000000002 0.3701890625 0.20108125000000002 0.4 0.205653125 0.4 0.234071875 0.3686296875 0.24856562499999998 0.32187968749999996 0.2175078125 0.268896875 0.23200156249999998 0.21902968750000001 0.18955625 0.14578750000000001 0.1388296875 0.22214687500000002
6 0.6390625 0 0.6390625 0.4 1 0.4 1 0 0.6390625 0
22 0.9543484375 0 0.9535 0.0012765625 0.9431484375 0.044909375 0.9431484375 0.063609375 0.9576421875 0.0823078125 0.9700640625 0.1352921875 0.9659234375000001 0.20697656250000002 0.98455625 0.22879531250000001 1 0.21128125 1 0 0.9543484375 0
6 0.6390625 1 0.6390625 0.4 0 0.4 0 1 0.6390625 1
16 0.5553 0.8463125 0.5553 0.8581484375 0.562546875 0.871959375 0.5832515625 0.8956328125 0.5915328125 0.8956328125 0.608096875 0.8680140625 0.6225906250000001 0.8561765625 0.6288015625 0.8601218749999999 0.6390625 0.8782796875000001 0.6390625 0.82225625 0.62673125 0.808828125 0.577040625 0.765425 0.562546875 0.765425 0.5449484375 0.7950171874999999 0.54701875 0.8384203125 0.5553 0.8463125
16 0.599815625 0.9824390624999999 0.6112031250000001 0.9765203124999999 0.6112031250000001 0.952846875 0.616378125 0.9429812500000001 0.62673125 0.9429812500000001 0.6390625 0.9568687499999999 0.6390625 0.8740765625 0.6246609375000001 0.8561765625 0.6101671875 0.8640671875000001 0.5873921875 0.9074703124999999 0.5801453125 0.9133890625 0.5863578125 0.9646828125000001 0.599815625 0.9824390624999999
16 0.47869375 0.9567921875 0.46212968749999994 0.8818234374999999 0.4548828125 0.8680140625 0.44039062500000004 0.8601218749999999 0.4207203125 0.8976062499999999 0.42279218749999997 0.929171875 0.43003749999999996 0.9390359374999999 0.44453125 0.9390359374999999 0.45384843750000003 0.9567921875 0.45591875000000004 0.992303125 0.4662703125 0.992303125 0.47869375 0.9844125 0.47869375 0.9567921875
16 0.39794687500000003 0.834475 0.40208750000000004 0.8226375000000001 0.406228125 0.77134375 0.3927703125 0.7693703125 0.3741359375 0.7812078125 0.3710296875 0.7871265625 0.3710296875 0.8226375000000001 0.39794687500000003 0.834475
16 0.33065625 0.8443390624999999 0.32237499999999997 0.8285562499999999 0.30788125 0.81671875 0.29545937499999997 0.820665625 0.2944234375 0.834475 0.2882125 0.8463125 0.2902828125 0.8699859375000001 0.3203046875 0.9114156250000001 0.3337625 0.9133890625 0.3668890625 0.8936609375 0.3596421875 0.8759046875 0.33065625 0.8443390624999999
16 0.1287875 0.8699859375000001 0.140175 0.8680140625 0.155703125 0.8542031250000001 0.15984375 0.8265828125000001 0.15052656250000002 0.808828125 0.07185 0.765425 0.059428125 0.7693703125 0.054251562499999996 0.7792343749999999 0.056321875 0.791071875 0.050110937499999994 0.814746875 0.05528593750000001 0.8325015625000001 0.07806093750000001 0.8482843750000001 0.1070484375 0.8561765625 0.11532968750000001 0.8680140625 0.1287875 0.8699859375000001
13 0.525278125 0.627325 0.5418421875 0.627325 0.548053125 0.607596875 0.551159375 0.6292984374999999 0.5563359375 0.6391625000000001 0.588428125 0.6411359375 0.6029203125 0.625353125 0.604990625 0.5977328125 0.5894625 0.5720859375 0.5687578125 0.556303125 0.531490625 0.556303125 0.5190671874999999 0.5720859375 0.5107859375 0.5720859375 0.4849046875 0.613515625 0.4880109375 0.6233796875000001 0.51285625 0.6391625000000001 0.50975 0.5858953125 0.5149265625 0.5839218749999999 0.520103125 0.6174609375 0.525278125 0.627325
16 0.44841875 1 0.45591875000000004 0.992303125 0.45591875000000004 0.9646828125000001 0.44246093750000004 0.9390359374999999 0.367925 0.9271984375000001 0.352396875 0.9567921875 0.352396875 0.9686296875 0.357571875 0.9824390624999999 0.3617125 0.9824390624999999 0.3699953125 0.96665625 0.37620624999999996 0.96665625 0.380346875 0.974546875 0.38862968750000004 0.974546875 0.394840625 0.9903296875 0.4049890625 1 0.44841875 1
16 0.5345625 1 0.5325249999999999 0.9883578125 0.5107859375 0.946928125 0.49422187500000003 0.9429812500000001 0.4880109375 0.9508734375 0.4849046875 0.9646828125000001 0.486975 0.9804656250000001 0.5107859375 0.9863843749999999 0.51663125 1 0.5345625 1
20 0.5179296875 1 0.508715625 0.9824390624999999 0.49008124999999997 0.9824390624999999 0.4569546875 0.9942765625 0.452234375 1 0.5179296875 1
16 0.573934375 0.972575 0.573934375 0.9607374999999999 0.56979375 0.952846875 0.573934375 0.9370640625 0.570828125 0.9271984375000001 0.5604765625 0.9193078124999999 0.5459828124999999 0.9193078124999999 0.5180328125 0.9410093749999999 0.520103125 0.9607374999999999 0.5335609375 0.9942765625 0.551159375 0.992303125 0.562546875 0.9903296875 0.573934375 0.972575
0 1 0.4 0.6390625 0.4 0.6390625 1 1 1 1 0.4