6 0 0 0 0.509375 0.75 0.509375 0.75 0 0 0
22 0 0 0 0.19840625 0.2458625 0.211903125 0.268815625 0.1091578125 0.2760703125 0 0 0
22 0 0.509375 0.26928593749999996 0.509375 0.2713671875 0.38288125 0.2713671875 0.256875 0.0571171875 0.2219828125 0 0.2236515625 0 0.509375
12 0 0.509375 0.24657656249999998 0.509375 0.23856093750000001 0.5032859375000001 0.23856093750000001 0.48511718750000005 0.2624765625 0.4578640625 0.2594875 0.292075 0.24304375 0.25233125 0.21315 0.243246875 0.10253749999999999 0.2341625 0 0.2341625 0 0.509375
9 0 0 0 0.17316875 0.01584375 0.1705734375 0.105528125 0.181928125 0.192225 0.17965625000000002 0.2295921875 0.1603515625 0.2535078125 0.124015625 0.25649687499999996 0.069509375 0.24155156249999998 0.033171875 0.2146453125 0.0059203125 0.228096875 0.0025125 0.2340765625 0.0115984375 0.24155156249999998 0.0036484374999999998 0.2416859375 0 0 0
6 0.75 0 0.75 0.509375 1 0.509375 1 0 0.75 0
13 0.9008749999999999 0.204753125 0.8564890625 0.178515625 0.84055625 0.1462234375 0.810965625 0.11796875 0.75 0.11424062500000001 0.75 0.3312296875 0.8041375000000001 0.3076828125 0.8473843750000001 0.2552078125 0.8678703125 0.2552078125 0.8792515625 0.2713546875 0.8963234375000001 0.23704375 0.9008749999999999 0.204753125
13 0.8724234375 0.029167187500000004 0.8542125 0.02109375 0.8314515625000001 0.06953125 0.8086890625 0.0654953125 0.800721875 0.079621875 0.8041375000000001 0.11393281250000001 0.833728125 0.1341140625 0.8564890625 0.1744796875 0.8735609375 0.180534375 0.8735609375 0.156315625 0.88949375 0.1199875 0.8724234375 0.029167187500000004
13 0.9577796875000001 0.3541015625 0.9520890625 0.3440109375 0.9202234375 0.3399734375 0.9122562500000001 0.350065625 0.9179468749999999 0.384375 0.881528125 0.3884109375 0.8712843749999999 0.406575 0.8872187500000001 0.4388671875 0.8849421875000001 0.4873046875 0.8902749999999999 0.509375 0.9253015625 0.509375 0.940709375 0.493359375 0.9680234375 0.48932343749999996 0.9850953125 0.4509765625 0.9828187500000001 0.42272187499999997 0.9532281250000001 0.394465625 0.9577796875000001 0.3541015625
6 0.43409531250000005 1 0.450834375 0.9769375 0.45310625 0.9581625 0.466734375 0.9206125000000001 0.47127656250000005 0.8861921875000001 0.4803625 0.8705453125 0.4894484375 0.8204796875 0.4985328125 0.8048328124999999 0.5144328125000001 0.7391203125 0.5257890625 0.7172171875 0.5257890625 0.6921828125 0.532603125 0.6796656249999999 0.532603125 0.66715 0.529196875 0.66245625 0.5064828125 0.66245625 0.4837703125 0.637421875 0.4678703125 0.637421875 0.458784375 0.6311640625 0.44742812499999995 0.6092593749999999 0.43266406249999995 0.604565625 0.43266406249999995 0.585790625 0.41676562500000003 0.567015625 0.40427187499999995 0.543546875 0.392915625 0.5310312500000001 0.3792875 0.5310312500000001 0.3702015625 0.5185140625 0.36338750000000003 0.52164375 0.35998125000000003 0.510690625 0.35998125000000003 0.509375 0 0.509375 0 0.9973468750000001 0.0010703125 1 0.43409531250000005 1
13 0.12376093749999999 0.7047 0.130575 0.7015703125 0.130575 0.6921828125 0.136253125 0.68123125 0.1725953125 0.684359375 0.17600156250000001 0.6796656249999999 0.1725953125 0.66245625 0.1975796875 0.66245625 0.206665625 0.6687140625 0.21575000000000003 0.66245625 0.2225640625 0.665584375 0.24755 0.64368125 0.2736703125 0.604565625 0.2963828125 0.5388531249999999 0.2986546875 0.510690625 0.2983359375 0.509375 0.051078124999999995 0.509375 0.051078124999999995 0.529465625 0.0419921875 0.5607578125 0.0442640625 0.59205 0.0987765625 0.6890546875 0.11353906250000001 0.7062640625000001 0.12376093749999999 0.7047
13 0.27821250000000003 0.6452453125 0.283890625 0.6499390625 0.36679531249999997 0.6483749999999999 0.3861015625 0.6405515625 0.392915625 0.628034375 0.41562968749999996 0.6092593749999999 0.4235796875 0.5889203125 0.4235796875 0.576403125 0.392915625 0.5310312500000001 0.37701562499999997 0.54041875 0.365659375 0.5310312500000001 0.35443125000000003 0.509375 0.312140625 0.509375 0.307740625 0.5138203125 0.28956875000000004 0.557628125 0.2872984375 0.573275 0.27821250000000003 0.595178125 0.2850265625 0.6076953125 0.27821250000000003 0.6452453125
14 0.46446249999999994 0.7923171875 0.48263437500000006 0.7140875 0.4565140625 0.6937484375 0.4383421875 0.6937484375 0.41790000000000005 0.7031359375 0.412221875 0.7109578125 0.41449375 0.7766703125000001 0.4031375 0.7923171875 0.40086562499999995 0.8204796875 0.408815625 0.8283015625000001 0.455378125 0.8267374999999999 0.4621921875 0.8204796875 0.46446249999999994 0.7923171875
13 0.2679921875 0.64368125 0.2543640625 0.646809375 0.2441421875 0.6608906250000001 0.24641406250000003 0.6702781250000001 0.2384640625 0.6718437500000001 0.23732812499999997 0.6765375 0.24982031249999997 0.68123125 0.2520921875 0.674971875 0.2634484375 0.7031359375 0.27821250000000003 0.7047 0.39064375 0.6937484375 0.41108593750000005 0.684359375 0.41676562500000003 0.6765375 0.4213078125 0.651503125 0.43266406249999995 0.623340625 0.43039375 0.6076953125 0.43266406249999995 0.5826625 0.4247140625 0.5748390624999999 0.4190359375 0.604565625 0.3838296875 0.64368125 0.37701562499999997 0.646809375 0.36793125 0.6499390625 0.283890625 0.6499390625 0.2679921875 0.64368125
13 0.3338609375 0.8095265625 0.3645234375 0.8079625 0.3747453125 0.8063984375000001 0.3883734375 0.7876234375 0.4020015625 0.7876234375 0.412221875 0.7766703125000001 0.412221875 0.7140875 0.40654375 0.7062640625000001 0.2861625 0.7250390624999999 0.2793484375 0.7406859375 0.26685625 0.7485078125 0.26685625 0.7860578125 0.272534375 0.7970109375 0.28162031249999997 0.80326875 0.3179609375 0.8001390625000001 0.3338609375 0.8095265625
3 0.25777031250000004 0.9393874999999999 0.27821250000000003 0.8861921875000001 0.280484375 0.8674171875000001 0.272534375 0.8595937499999999 0.256634375 0.8564640625 0.24300625 0.8595937499999999 0.23505625000000002 0.8705453125 0.2168859375 0.9174843750000001 0.21234375 0.936259375 0.21575000000000003 0.9472109375000001 0.2441421875 0.948775 0.2520921875 0.9472109375000001 0.25777031250000004 0.9393874999999999
13 0.4278421875 1 0.44175000000000003 0.9425171875 0.4338 0.9346937499999999 0.42584999999999995 0.9456468750000001 0.428121875 0.955034375 0.4247140625 0.96285625 0.408815625 0.97224375 0.3883734375 0.997278125 0.38244531249999997 1 0.4278421875 1
16 0.11240468749999999 0.9800671875000001 0.116946875 0.9738093750000001 0.114675 0.9519046875000001 0.10559062500000001 0.936259375 0.0987765625 0.908096875 0.093096875 0.9002734374999999 0.0840125 0.89714375 0.07946875 0.9065312499999999 0.0715203125 0.911225 0.073790625 0.9331296874999999 0.08060468750000001 0.9456468750000001 0.08060468750000001 0.955034375 0.0760625 0.9612921875 0.08855468749999999 0.9785031249999999 0.11240468749999999 0.9800671875000001
16 0.2691265625 0.8017046875 0.2691265625 0.8236078125 0.2770765625 0.8345609375 0.29979062500000003 0.8502062499999999 0.316825 0.8517703125 0.332725 0.8329953124999999 0.330453125 0.8110921875000001 0.327046875 0.8063984375000001 0.3156890625 0.8001390625000001 0.2691265625 0.8017046875
21 0.01814375 0.5904843750000001 0.014735937499999999 0.595178125 0.014735937499999999 0.6202124999999999 0.007921875 0.6327281250000001 0.007921875 0.642115625 0.0204140625 0.65306875 0.026092187500000003 0.651503125 0.030635937499999998 0.6452453125 0.035178125 0.6076953125 0.027228125 0.5936140625 0.01814375 0.5904843750000001
6 1 0.509375 0.75 0.509375 0.75 0.83451875 0.7780796875 0.8325968749999999 0.8212296875 0.8528015625 0.8598390625000001 0.860884375 0.8689218750000001 0.8568421875000001 0.8757359375 0.864925 0.9120734374999999 0.864925 0.9302421875 0.8528015625 0.9393265625 0.8689656250000001 0.96885 0.8689656250000001 0.96885 0.860884375 0.9802046875 0.8689656250000001 1 0.8677515625 1 0.509375
13 0.7735375 0.5618531250000001 0.767859375 0.5436687499999999 0.7746734375 0.531546875 0.7599109375 0.525484375 0.75 0.5284234375 0.75 0.8245156250000001 0.78035 0.8245156250000001 0.7848921875 0.8164328125000001 0.7939765624999999 0.8245156250000001 0.797384375 0.80633125 0.789434375 0.7962281250000001 0.8166874999999999 0.7921875 0.8200937500000001 0.7982484375000001 0.81328125 0.8144125000000001 0.81328125 0.8265359374999999 0.8053328125 0.8366374999999999 0.8303140625 0.8366374999999999 0.8359921874999999 0.8265359374999999 0.8371281249999999 0.8123921875000001 0.855296875 0.8083515625000001 0.8655156249999999 0.8144125000000001 0.8734640625000001 0.8447203125 0.883684375 0.846740625 0.8904984375 0.8386578124999999 0.895040625 0.774003125 0.901853125 0.7457171875 0.9086671875000001 0.6810609375000001 0.9086671875000001 0.608325 0.8973109375 0.567915625 0.895040625 0.539628125 0.8870906250000001 0.517403125 0.8765640625 0.509375 0.8575484375 0.509375 0.84961875 0.531546875 0.82804375 0.5658937500000001 0.807603125 0.5578125 0.8030609375 0.5456890624999999 0.782621875 0.5618531250000001 0.7735375 0.5618531250000001
18 1 0.509375 0.9177500000000001 0.509375 0.9177500000000001 0.5194234375 0.9279703125 0.5416484374999999 0.9552234374999999 0.5578125 0.9711203125000001 0.553771875 0.9824765624999999 0.5658937500000001 1 0.564409375 1 0.509375
13 1 0.5913875 0.9733921875 0.5658937500000001 0.9574953125000001 0.5618531250000001 0.9415968749999999 0.5456890624999999 0.9347843749999999 0.5456890624999999 0.9132078124999999 0.5921609375 0.9143437499999999 0.598221875 1 0.6041593749999999 1 0.5913875