6 0 0 0 0.57235625 0.6390625 0.5745625000000001 0.6390625 0 0 0
6 0.6390625 0 0.6390625 0.40166250000000003 0.7188 0.3931984375 0.7386546875 0.3744953125 0.7411359375 0.34219218749999997 0.7436171875 0.17726875 0.7374140625 0.0191484375 0.7280968750000001 0 0.6390625 0
6 0.77800625 0 0.7742859375 0.0038953125 0.7642859375 0.138059375 0.7662859375 0.22841406250000001 0.7722859375 0.2338890625 0.7642859375 0.25853125 0.7742859375 0.37079062500000004 0.789284375 0.38585156249999997 0.8592765625000001 0.3831125 0.8732749999999999 0.3968015625 0.8822749999999999 0.39269375 0.875275 0.38585156249999997 0.8912718749999999 0.3940640625 0.9332687500000001 0.380375 0.965265625 0.42418281249999995 0.9842625 0.43102656250000004 1 0.4118734375 1 0 0.77800625 0
22 1 0.043470312500000004 0.91926875 0.035384375 0.875275 0.0682390625 0.852278125 0.0997265625 0.8542781250000001 0.13258281249999998 0.8922718749999999 0.17365312500000002 0.896271875 0.24484218750000003 0.9072703125 0.2763296875 0.91926875 0.2653765625 0.9472671874999999 0.2626390625 1 0.32508125 1 0.043470312500000004
22 0.885275 0.16680937499999998 0.8292796875 0.14490468750000002 0.7782843749999999 0.176390625 0.7782843749999999 0.24484218750000003 0.8002828125000001 0.2640078125 0.7822843749999999 0.28864999999999996 0.784284375 0.3543625 0.7932828125 0.3666828125 0.8562765625000001 0.38448125 0.8932718749999999 0.363946875 0.9002718749999999 0.3488859375 0.8942718749999999 0.2010328125 0.885275 0.16680937499999998
22 0.8822749999999999 0.4693609375 0.8612765625 0.44608749999999997 0.81728125 0.448825 0.7922828125 0.48305 0.7902843749999999 0.5268578125000001 0.81528125 0.5720359375 0.8462781250000001 0.57888125 0.8612765625 0.5747734375 0.8802749999999999 0.5460234374999999 0.890271875 0.5241203125 0.890271875 0.4912640625 0.8822749999999999 0.4693609375
16 0.8822749999999999 0.4693609375 0.8612765625 0.44608749999999997 0.81728125 0.448825 0.7922828125 0.48305 0.7902843749999999 0.5268578125000001 0.81528125 0.5720359375 0.8462781250000001 0.57888125 0.8612765625 0.5747734375 0.8802749999999999 0.5460234374999999 0.890271875 0.5241203125 0.890271875 0.4912640625 0.8822749999999999 0.4693609375
16 1 0.44242499999999996 0.9772640625 0.44608749999999997 0.953265625 0.43513437499999996 0.9332687500000001 0.44334843749999997 0.92126875 0.46251406250000004 0.890271875 0.46662187499999996 0.8992718749999999 0.5008468749999999 0.9512656249999999 0.5254890624999999 1 0.5302859375 1 0.44242499999999996
6 0.56450625 1 0.574484375 0.9890984375 0.60146875 0.93954375 0.5914734375 0.9005000000000001 0.5654890625 0.8764734375 0.55749375 0.8254187500000001 0.5445015625 0.80289375 0.5235125 0.789378125 0.5245124999999999 0.748834375 0.518515625 0.7428281250000001 0.4785390625 0.7698578125 0.46854531250000003 0.766853125 0.46354843749999997 0.741325 0.44855625000000005 0.7218046874999999 0.43356562500000007 0.73531875 0.43356562500000007 0.6992796875 0.41657500000000003 0.6737515625 0.399584375 0.67225 0.3646046875 0.58665625 0.3501765625 0.5796875 0.2765578125 0.5796875 0.27065937500000004 0.589659375 0.246671875 0.58665625 0.224684375 0.6166890625 0.204696875 0.6076796875 0.1767125 0.6647421875 0.1367359375 0.6797578125 0.0907625 0.6677453125 0.0937609375 0.6902703125 0.10375468750000001 0.7052859375 0.0497859375 0.7803687499999999 0.0267984375 0.8389328125000001 0.0068109375 0.8569531250000001 0.0038125 0.8224140625 0 0.8166874999999999 0 1 0.56450625 1
17 0.562175 1 0.5934734374999999 0.9575625000000001 0.5604921875 0.914015625 0.5405031250000001 0.914015625 0.5045234375 0.9500546875 0.49652812500000004 0.971078125 0.475540625 0.9755828125000001 0.471109375 1 0.5229296875 1 0.5245124999999999 0.9981078125 0.5255203125000001 1 0.562175 1
22 0.7477828125 1 0.7548890625 0.9958937499999999 0.7588890625 0.9357984374999999 0.7438921875 0.9252796875 0.6578999999999999 0.9132625000000001 0.6529015625000001 0.8817109375 0.6628999999999999 0.755509375 0.6390625 0.7690390625 0.6390625 0.9242171875 0.6718984375 0.94931875 0.6818984375 0.9733578125 0.70645 1 0.7477828125 1
6 1 0.5796875 0.6390625 0.5796875 0.6390625 1 1 1 1 0.5796875
9 1 0.6387296874999999 0.9888656250000001 0.6052671875 0.9678671874999999 0.5797265625 0.9678125 0.5796875 0.856325 0.5796875 0.8428812499999999 0.6022624999999999 0.83288125 0.6353156249999999 0.83688125 0.7014218750000001 0.84688125 0.7314703125 0.8488796875 0.7675296875 0.871878125 0.8080937499999999 0.903875 0.83213125 0.9348703125 0.8336343749999999 0.9618671875 0.8201109375 0.984865625 0.7915671875 1 0.7460859375 1 0.6387296874999999
12 0.83788125 0.9192703124999999 0.8568796875 0.9027453124999999 0.84688125 0.7494984375 0.8348812499999999 0.7044265625 0.8268828125000001 0.6052671875 0.8178828125000001 0.591746875 0.7918859375 0.5827312499999999 0.7418921875 0.5797265625 0.7078953125 0.5887421875000001 0.694896875 0.689403125 0.6868984375 0.716446875 0.6708999999999999 0.734475 0.6549015625 0.9027453124999999 0.6858984375 0.9192703124999999 0.804884375 0.9207734375 0.83788125 0.9192703124999999