6 0.590234375 0.37238125 0.4235203125 0.28128593749999997 0.1951171875 0.6278953125 0.465 0.7691671875 0.5035421875 0.7845359375000001 0.755284375 0.4334828125 0.590234375 0.37238125
22 0.64 0.5538890624999999 0.658590625 0.55901875 0.720275 0.481253125 0.661921875 0.4601453125 0.585234375 0.51458125 0.64 0.5538890624999999
22 0.3434953125 0.542353125 0.41685 0.5756812499999999 0.460196875 0.5356890625 0.37517187500000004 0.44459375 0.323490625 0.47792031250000006 0.3434953125 0.542353125
14 0.44970781249999997 0.53125 0.39697187500000003 0.447265625 0.36767500000000003 0.44921875 0.328125 0.4736328125 0.3398453125 0.5361328125 0.35595781249999997 0.55078125 0.41747968750000003 0.5625 0.4453125 0.5458984375 0.44970781249999997 0.53125
3 0.563965625 0.50390625 0.584471875 0.509765625 0.5991203125 0.484375 0.5522453125 0.396484375 0.5053703125 0.38671875 0.49365312499999997 0.392578125 0.47314531249999997 0.390625 0.3955078125 0.4189453125 0.4013671875 0.4521484375 0.427734375 0.5029296875 0.45849531250000003 0.533203125 0.5390625 0.4931640625 0.4921875 0.4501953125 0.4921875 0.4384765625 0.5083 0.42968593750000006 0.5478531249999999 0.4345703125 0.5742203124999999 0.4853515625 0.556640625 0.4970703125 0.563965625 0.50390625
3 0.6694328125 0.55078125 0.7177718750000001 0.4892578125 0.7163078125 0.48046875 0.6694328125 0.458984375 0.5888671875 0.5126953125 0.6372078125 0.544921875 0.6694328125 0.55078125
3 0.4453125 0.6142578125 0.46435468750000003 0.61328125 0.47314531249999997 0.62109375 0.486328125 0.6123046875 0.49072187500000003 0.59375 0.4453125 0.6142578125
3 0.3867203125 0.6611328125 0.383790625 0.6845703125 0.392578125 0.7001953125 0.41455000000000003 0.712890625 0.44970781249999997 0.712890625 0.5200203125 0.693359375 0.568359375 0.6533203125 0.5727546875 0.609375 0.5493171875 0.58984375 0.5039078124999999 0.5908203125 0.5273453124999999 0.6025390625 0.515625 0.6455078125 0.5434578125 0.640625 0.5478531249999999 0.6572265625 0.5053703125 0.6875 0.48779218750000003 0.685546875 0.45556718749999997 0.701171875 0.44091718750000003 0.701171875 0.4013671875 0.6826171875 0.3955078125 0.6611328125 0.40722812499999994 0.6435546875 0.421875 0.6376953125 0.41747968750000003 0.62890625 0.3867203125 0.6611328125
9 0.36181718749999997 0.66015625 0.37939531249999997 0.66015625 0.389646875 0.6552734375 0.3955078125 0.6474609375 0.3955078125 0.6435546875 0.4013671875 0.6376953125 0.39990312499999997 0.6328109375000001 0.389646875 0.6181640625 0.38232499999999997 0.61328125 0.37646562499999997 0.61328125 0.37353437500000003 0.611328125 0.34716718750000003 0.611328125 0.328125 0.6240234375 0.3251953125 0.6279296875 0.3251953125 0.6318359375 0.322265625 0.6337890625 0.322265625 0.6396484375 0.3251953125 0.6416015625 0.3251953125 0.6455078125 0.328125 0.6494140625 0.33544999999999997 0.654296875 0.34423750000000003 0.654296875 0.36181718749999997 0.66015625
12 0.40869218749999997 0.548828125 0.41455000000000003 0.548828125 0.4189453125 0.5439453125 0.4189453125 0.5400390625 0.416015625 0.5380859375 0.416015625 0.5361328125 0.4189453125 0.5341796875 0.4189453125 0.5185546875 0.41747968750000003 0.517578125 0.41455000000000003 0.509765625 0.41162031250000003 0.509765625 0.40869218749999997 0.5078109375000001 0.39111250000000003 0.5078109375000001 0.3867203125 0.5107421875 0.3867203125 0.5185546875 0.36474531250000003 0.525390625 0.360353125 0.5341796875 0.3632828125 0.5361328125 0.3632828125 0.5380859375 0.37939531249999997 0.546875 0.38525468749999997 0.546875 0.38818281250000003 0.548828125 0.40283281249999997 0.548828125 0.40576249999999997 0.55078125 0.40869218749999997 0.548828125
12 0.27392500000000003 0.57421875 0.28271562499999997 0.576171875 0.290040625 0.5810546875 0.28564531249999997 0.583984375 0.35595781249999997 0.580078125 0.39111250000000003 0.568359375 0.39697187500000003 0.5625 0.36767500000000003 0.5546859375000001 0.345703125 0.5439453125 0.322265625 0.4853515625 0.30322187500000003 0.47656093750000006 0.28857499999999997 0.474609375 0.28125 0.4794921875 0.28125 0.4873046875 0.2695328125 0.4931640625 0.2695328125 0.5009765625 0.2607421875 0.5048828125 0.266603125 0.5126953125 0.2578125 0.5166015625 0.251953125 0.5263671875 0.2548828125 0.5712890625 0.26513749999999997 0.578125 0.27392500000000003 0.57421875