6 0.3721046875 0.1951171875 0.2308328125 0.465 0.2154640625 0.5035421875 0.5665171875 0.755284375 0.62761875 0.590234375 0.7187140624999999 0.4235203125 0.3721046875 0.1951171875
22 0.44098125 0.658590625 0.5187468749999999 0.720275 0.5398546875 0.661921875 0.48541875 0.585234375 0.4461109375 0.64 0.44098125 0.658590625
22 0.42431875 0.41685 0.46431093749999997 0.460196875 0.55540625 0.37517187500000004 0.5220796875 0.323490625 0.457646875 0.3434953125 0.42431875 0.41685
14 0.4638671875 0.3398453125 0.44921875 0.35595781249999997 0.4375 0.41747968750000003 0.4541015625 0.4453125 0.46875 0.44970781249999997 0.552734375 0.39697187500000003 0.55078125 0.36767500000000003 0.5263671875 0.328125 0.4638671875 0.3398453125
3 0.5703140624999999 0.5083 0.5654296875 0.5478531249999999 0.5146484375 0.5742203124999999 0.5029296875 0.556640625 0.49609375 0.563965625 0.490234375 0.584471875 0.515625 0.5991203125 0.603515625 0.5522453125 0.61328125 0.5053703125 0.607421875 0.49365312499999997 0.609375 0.47314531249999997 0.5810546875 0.3955078125 0.5478515625 0.4013671875 0.4970703125 0.427734375 0.466796875 0.45849531250000003 0.5068359375 0.5390625 0.5498046875 0.4921875 0.5615234375 0.4921875 0.5703140624999999 0.5083
3 0.51953125 0.7163078125 0.541015625 0.6694328125 0.4873046875 0.5888671875 0.455078125 0.6372078125 0.44921875 0.6694328125 0.5107421875 0.7177718750000001 0.51953125 0.7163078125
3 0.38671875 0.46435468750000003 0.37890625 0.47314531249999997 0.3876953125 0.486328125 0.40625 0.49072187500000003 0.3857421875 0.4453125 0.38671875 0.46435468750000003
3 0.3388671875 0.3955078125 0.3564453125 0.40722812499999994 0.3623046875 0.421875 0.37109375 0.41747968750000003 0.3388671875 0.3867203125 0.3154296875 0.383790625 0.2998046875 0.392578125 0.287109375 0.41455000000000003 0.287109375 0.44970781249999997 0.306640625 0.5200203125 0.3466796875 0.568359375 0.390625 0.5727546875 0.41015625 0.5493171875 0.4091796875 0.5039078124999999 0.3974609375 0.5273453124999999 0.3544921875 0.515625 0.359375 0.5434578125 0.3427734375 0.5478531249999999 0.3125 0.5053703125 0.314453125 0.48779218750000003 0.298828125 0.45556718749999997 0.298828125 0.44091718750000003 0.3173828125 0.4013671875 0.3388671875 0.3955078125
9 0.3544921875 0.3251953125 0.3505859375 0.328125 0.345703125 0.33544999999999997 0.345703125 0.34423750000000003 0.33984375 0.36181718749999997 0.33984375 0.37939531249999997 0.3447265625 0.389646875 0.3525390625 0.3955078125 0.3564453125 0.3955078125 0.3623046875 0.4013671875 0.3671890625 0.39990312499999997 0.3818359375 0.389646875 0.38671875 0.38232499999999997 0.38671875 0.37646562499999997 0.388671875 0.37353437500000003 0.388671875 0.34716718750000003 0.3759765625 0.328125 0.3720703125 0.3251953125 0.3681640625 0.3251953125 0.3662109375 0.322265625 0.3603515625 0.322265625 0.3583984375 0.3251953125 0.3544921875 0.3251953125
12 0.453125 0.38525468749999997 0.451171875 0.38818281250000003 0.451171875 0.40283281249999997 0.44921875 0.40576249999999997 0.451171875 0.40869218749999997 0.451171875 0.41455000000000003 0.4560546875 0.4189453125 0.4599609375 0.4189453125 0.4619140625 0.416015625 0.4638671875 0.416015625 0.4658203125 0.4189453125 0.4814453125 0.4189453125 0.482421875 0.41747968750000003 0.490234375 0.41455000000000003 0.490234375 0.41162031250000003 0.49218906249999994 0.40869218749999997 0.49218906249999994 0.39111250000000003 0.4892578125 0.3867203125 0.4814453125 0.3867203125 0.474609375 0.36474531250000003 0.4658203125 0.360353125 0.4638671875 0.3632828125 0.4619140625 0.3632828125 0.453125 0.37939531249999997 0.453125 0.38525468749999997
12 0.4833984375 0.2578125 0.4736328125 0.251953125 0.4287109375 0.2548828125 0.421875 0.26513749999999997 0.42578125 0.27392500000000003 0.423828125 0.28271562499999997 0.4189453125 0.290040625 0.416015625 0.28564531249999997 0.419921875 0.35595781249999997 0.431640625 0.39111250000000003 0.4375 0.39697187500000003 0.44531406249999994 0.36767500000000003 0.4560546875 0.345703125 0.5146484375 0.322265625 0.5234390624999999 0.30322187500000003 0.525390625 0.28857499999999997 0.5205078125 0.28125 0.5126953125 0.28125 0.5068359375 0.2695328125 0.4990234375 0.2695328125 0.4951171875 0.2607421875 0.4873046875 0.266603125 0.4833984375 0.2578125