6 0 0 0 0.104678125 0.036243750000000005 0.17579687500000002 0.1308109375 0.2637171875 0.219278125 0.325996875 0.30672968749999996 0.3443125 0.44400625 0.3333234375 0.49586718750000003 0.3040171875 0.5528109375 0.23807499999999998 0.57925 0.17396562499999998 0.614840625 0.0970328125 0.664325 0 0 0
22 0.1870484375 0 0.16720625 0.148828125 0.1715453125 0.19960781249999998 0.37336874999999997 0.2816390625 0.41351562499999994 0.2601546875 0.44064375 0.2035171875 0.45149531249999997 0.13710781249999998 0.438471875 0.012107812499999999 0.4255109375 0 0.1870484375 0
22 0.130740625 0 0.11078125000000001 0.0824234375 0.12163281249999999 0.086328125 0.176971875 0.06875 0.1874890625 0 0.130740625 0
16 0.189690625 0 0.16720625 0.1449234375 0.1715453125 0.19960781249999998 0.2399046875 0.24062343749999998 0.37336874999999997 0.2816390625 0.41351562499999994 0.2601546875 0.4319625 0.234765625 0.44064375 0.2035171875 0.45149531249999997 0.1410171875 0.44932343750000003 0.0628921875 0.44064375 0.0160171875 0.42388125 0 0.189690625 0
9 0.1317140625 0 0.11078125000000001 0.0824234375 0.11186718749999999 0.08828125 0.12163281249999999 0.086328125 0.1552703125 0.06875 0.17805625 0.066796875 0.1878796875 0 0.1317140625 0
26 0.7275546875 0 0.8125703124999999 0.2085375 0.9235 0.4546328125 0.9474265624999999 0.46678437500000003 1 0.42005156250000003 1 0 0.7275546875 0
4 0.7276140625 0 0.8125703124999999 0.20549843750000002 0.9235 0.4546328125 0.9474265624999999 0.46678437500000003 1 0.41987500000000005 1 0 0.7276140625 0
26 0.66875 0 0.66875 0.2865203125 0.7168687499999999 0.3999421875 0.7788578125 0.47741875 0.8419343749999999 0.52906875 0.8963125 0.5472953125 1 0.546575 1 0 0.66875 0
0 0.66875 1 0.66875 0.559375 0 0.559375 0 1 0.66875 1
1 0.285984375 0.6438453125 0.285984375 0.6467390625 0.28381406249999996 0.6496328124999999 0.28381406249999996 0.6525265625000001 0.2848984375 0.6539734375 0.2870703125 0.6539734375 0.29141093749999997 0.6597609375 0.29358125 0.6597609375 0.3000921875 0.6684421875 0.3022625 0.6684421875 0.306603125 0.6742296875 0.3087734375 0.6742296875 0.313115625 0.6800171875000001 0.31745625 0.6800171875000001 0.318540625 0.6785703125 0.318540625 0.6756765625 0.3228828125 0.6698890625 0.3228828125 0.6669953125 0.3152859375 0.6568671875 0.313115625 0.6568671875 0.3087734375 0.6510796875 0.306603125 0.6510796875 0.3022625 0.6452921875000001 0.3000921875 0.6452921875000001 0.297921875 0.6423984375 0.2957515625 0.6423984375 0.29358125 0.6395046875 0.28924062500000003 0.6395046875 0.285984375 0.6438453125
1 0.24040468750000002 0.606228125 0.2436609375 0.61056875 0.24583125 0.61056875 0.24691562500000003 0.609121875 0.261025 0.5903125 0.2631953125 0.5903125 0.277303125 0.571503125 0.277303125 0.5686093750000001 0.2729625 0.562821875 0.2729625 0.559928125 0.272546875 0.559375 0.2690359375 0.559375 0.2523421875 0.58163125 0.25017187500000004 0.58163125 0.238234375 0.597546875 0.238234375 0.600440625 0.24040468750000002 0.603334375 0.24040468750000002 0.606228125
6 1 0.8063140625 0.9349453125 0.8641421875 0.9360296874999999 0.8066328125 0.9045640625000001 0.7664875 0.85465 0.742615625 0.8188421874999999 0.7567234375 0.8383765625 0.7371890624999999 0.8145046875 0.6178343749999999 0.8188421874999999 0.591790625 0.8513937500000001 0.580940625 0.8275265624999999 0.5765984375000001 0.8275265624999999 0.559375 0.8155453125 0.559375 0.8177562500000001 0.5863640625000001 0.8111218750000001 0.559375 0.66875 0.559375 0.66875 1 0.8501578125 1 0.8676718749999999 0.9856718750000001 0.8720140625000001 0.9986921875 0.91324375 0.9986921875 0.9805171874999999 0.9769921874999999 1 0.9814859374999999 1 0.8063140625