6 0 0 0 0.559375 0.35 0.559375 0.35 0 0 0
3 0.35 0.2842640625 0.35 0.0155640625 0.33669375 0.0167203125 0.27264374999999996 0.03815625 0.254853125 0.0613796875 0.25010781249999997 0.20786406249999997 0.270271875 0.2560984375 0.35 0.2842640625
3 0.11599999999999999 0 0.09116874999999999 0.10068125000000001 0.09116874999999999 0.297184375 0.1386140625 0.4722515625 0.18724375 0.5562125 0.19 0.559375 0.2788328125 0.559375 0.26789999999999997 0.5526390625000001 0.254853125 0.5222703125 0.2667140625 0.45438906250000005 0.2382453125 0.4043671875 0.24773593749999998 0.3936515625 0.24773593749999998 0.32219375 0.2690859375 0.2757484375 0.2453625 0.1828546875 0.24773593749999998 0.093534375 0.2607828125 0.045303125 0.35 0.004990625 0.35 0 0.11599999999999999 0
3 0.18796875 0.559375 0.158778125 0.5204828125 0.0923546875 0.46331875 0.06388906250000001 0.470465625 0.036607812499999996 0.5079796875 0.015056249999999998 0.559375 0.18796875 0.559375
13 0 0 0 0.559375 0.005546875 0.559375 0.0093265625 0.5562125 0.036607812499999996 0.5008343749999999 0.0686328125 0.46331875 0.094728125 0.45974531250000006 0.1137046875 0.4776109375 0.131496875 0.4722515625 0.088796875 0.3007578125 0.08405312499999999 0.143553125 0.0959140625 0.05780625 0.1146578125 0 0 0
6 0.35 1 0.35 0.559375 0 0.559375 0 1 0.35 1
16 0.35 1 0.35 0.9053390625000001 0.307728125 0.9041937499999999 0.30012343750000003 0.90893125 0.2944203125 0.905378125 0.302025 0.898271875 0.29632187499999996 0.8923484374999999 0.265903125 0.8899796875 0.25829843750000003 0.8852421874999999 0.1594390625 0.8662906250000001 0.110009375 0.8449703124999999 0.007346875 0.8165421875 0 0.816796875 0 0.9697890625 0.014951562500000001 0.9728937500000001 0.1138109375 0.9800015625 0.17084531249999999 0.994215625 0.1860546875 0.994215625 0.203078125 1 0.35 1
16 0.17655 0.80588125 0.18795625 0.8129890625 0.19175781249999999 0.8224640624999999 0.212671875 0.83549375 0.25449687499999996 0.8449703124999999 0.2792109375 0.843784375 0.3153328125 0.8402312500000001 0.35 0.820596875 0.35 0.7192046875 0.3153328125 0.7170453125 0.284915625 0.7004625 0.20886875 0.7051999999999999 0.1841546875 0.7182296874999999 0.1689453125 0.7490265625 0.17655 0.80588125
13 0.08529375 0.5974125 0.08529375 0.6187328125 0.070084375 0.6282078125 0.0662828125 0.6353156249999999 0.070084375 0.6755875 0.0396671875 0.699278125 0.0358640625 0.730075 0.047271875000000005 0.74191875 0.0358640625 0.7585015625 0.045370312499999996 0.77153125 0.08149218750000001 0.7845609375 0.0967015625 0.8272015625 0.10620624999999999 0.83549375 0.1157125 0.836678125 0.1119109375 0.843784375 0.1594390625 0.863921875 0.1841546875 0.8627375 0.1993625 0.8295718750000001 0.1860546875 0.8189109374999999 0.1651421875 0.8177265625000001 0.17655 0.81061875 0.1689453125 0.7442875 0.1841546875 0.7182296874999999 0.2012640625 0.7051999999999999 0.2811125 0.69809375 0.3153328125 0.7146765625 0.35 0.7168359375 0.35 0.559375 0.083603125 0.559375 0.08909687499999999 0.571353125 0.0967015625 0.576090625 0.0662828125 0.5879359375 0.0719859375 0.5938578125 0.08529375 0.5974125
6 0.6753312499999999 1 0.649390625 0.909996875 0.49707656250000004 0.8613062499999999 0.417425 0.9608062500000001 0.35 0.9367734375 0.35 1 0.6753312499999999 1
13 0.6428921875 1 0.6409578125000001 0.997378125 0.6219921875 0.983015625 0.54375625 0.9722500000000001 0.5496828125000001 0.9094203125 0.5425703125 0.8878828125 0.5271609374999999 0.868134375 0.4939703125 0.882496875 0.4833 0.89865 0.4619640625 0.9596828125 0.46433437499999997 0.9812203125 0.479746875 0.997378125 0.4875375 1 0.509109375 1 0.5200484375000001 0.9937875 0.532353125 1 0.6428921875 1