6 0.188053125 0.0995328125 0.183475 0.0843140625 0.1159546875 0.148996875 0.07017812500000001 0.22001875 0.049578125 0.2885046875 0.0518671875 0.3468453125 0.0678890625 0.392503125 0.091921875 0.42674531250000003 0.1056546875 0.43689062500000003 0.1445640625 0.43689062500000003 0.15203906250000002 0.459375 0.3296875 0.459375 0.3296875 0.075384375 0.3196609375 0.06782812499999999 0.3296875 0.063553125 0.3296875 0.0017546875 0.2521390625 0.033582812499999996 0.1869078125 0.08304687499999999 0.21322812500000002 0.0843140625 0.2075078125 0.093190625 0.22009531249999997 0.09699687500000001 0.188053125 0.0995328125
22 0.167453125 0.16548281250000002 0.1296875 0.20987343749999998 0.1273984375 0.2935765625 0.152334375 0.459375 0.30998281250000004 0.459375 0.3150828125 0.4254765625 0.3296875 0.410165625 0.3296875 0.10499375 0.3230921875 0.10207031250000001 0.24298437499999997 0.13758125000000002 0.2017859375 0.1401171875 0.2063625 0.16548281250000002 0.1903421875 0.1578734375 0.167453125 0.16548281250000002
21 0.8721328125 0 0.8922015625 0.012420312499999999 0.9476812499999999 0.0353109375 0.9698734375000001 0.042178125 0.990215625 0.0410328125 1 0.0390140625 1 0 0.8721328125 0
0 0.3296875 1 0.3296875 0.459375 0 0.459375 0 1 0.3296875 1
1 0.028976562500000004 1 0.0246921875 0.9942875000000001 0.0224046875 0.9942875000000001 0.020118749999999998 0.9912390625 0.016689062499999997 0.9958109374999999 0.016689062499999997 0.998859375 0.0175453125 1 0.028976562500000004 1
1 0 0.9942875000000001 0.0018281249999999999 0.9942875000000001 0.0029703125 0.9927640625 0.0052578125 0.989715625 0.0052578125 0.98361875 0.00754375 0.9805718750000001 0.00754375 0.974475 0.0064 0.9729515624999999 0 0.9729515624999999 0 0.9942875000000001
1 0.062417187500000006 0.8799875 0.06127343750000001 0.8784625 0.056701562500000004 0.8784625 0.055557812500000005 0.8799875 0.055557812500000005 0.8921796875 0.053271875 0.8952265625000001 0.056701562500000004 0.8997984375 0.058987500000000005 0.8997984375 0.060131250000000004 0.8982749999999999 0.060131250000000004 0.8952265625000001 0.062417187500000006 0.8921796875 0.062417187500000006 0.8799875
1 0.0246921875 0.808359375 0.0224046875 0.808359375 0.0212625 0.8098828125 0.0212625 0.8129312499999999 0.0224046875 0.8144546874999999 0.0292640625 0.8144546874999999 0.0304078125 0.8129312499999999 0.03269375 0.8098828125 0.0292640625 0.8053109375 0.026978125 0.8053109375 0.0246921875 0.808359375
1 0 0.671809375 0.000684375 0.6727218749999999 0.000684375 0.6818671875 0.0029703125 0.6849140625000001 0.0029703125 0.6879625 0.0041140625 0.6894859375 0.0064 0.6894859375 0.00754375 0.6879625 0.0098296875 0.6849140625000001 0.0098296875 0.67881875 0.00754375 0.6757703125 0.00754375 0.669675 0.0052578125 0.6666265625000001 0.0052578125 0.6574828125 0.0041140625 0.6559578125 0 0.6559578125 0 0.671809375
1 0.052128125000000004 0.69863125 0.079565625 0.69863125 0.0807078125 0.69710625 0.08299375 0.6940578125 0.079565625 0.6894859375 0.0498421875 0.6894859375 0.048698437500000004 0.6910109375 0.048698437500000004 0.6940578125 0.052128125000000004 0.69863125
1 0.07270625 0.6711984375 0.054414062500000006 0.6711984375 0.053271875 0.6727218749999999 0.053271875 0.6757703125 0.056701562500000004 0.6803421875 0.077278125 0.6803421875 0.078421875 0.67881875 0.078421875 0.6757703125 0.077278125 0.6742468749999999 0.0749921875 0.6742468749999999 0.07270625 0.6711984375
1 0.0749921875 0.6742468749999999 0.0818515625 0.6742468749999999 0.08299375 0.6727218749999999 0.08528125 0.669675 0.079565625 0.6620546875 0.077278125 0.6620546875 0.0749921875 0.65900625 0.07270625 0.65900625 0.07041875 0.6559578125 0.0681328125 0.6559578125 0.065846875 0.6529109375 0.06127343750000001 0.6529109375 0.060131250000000004 0.654434375 0.060131250000000004 0.6574828125 0.07041875 0.6711984375 0.07270625 0.6711984375 0.0749921875 0.6742468749999999
1 0.078421875 0.6513859375 0.0807078125 0.6483390625000001 0.0807078125 0.6422421875000001 0.077278125 0.6376703125 0.07270625 0.6376703125 0.0715625 0.63919375 0.0715625 0.6483390625000001 0.0692765625 0.6513859375 0.0715625 0.654434375 0.0715625 0.6574828125 0.07270625 0.65900625 0.077278125 0.65900625 0.078421875 0.6574828125 0.078421875 0.6513859375
1 0.128721875 0.6910109375 0.131009375 0.6879625 0.131009375 0.6757703125 0.128721875 0.6727218749999999 0.128721875 0.6666265625000001 0.12757968749999998 0.665103125 0.12300625000000001 0.665103125 0.12186250000000001 0.6666265625000001 0.12186250000000001 0.6727218749999999 0.12415000000000001 0.6757703125 0.12415000000000001 0.6849140625000001 0.12643593749999998 0.6879625 0.12643593749999998 0.6910109375 0.12757968749999998 0.6925343749999999 0.128721875 0.6910109375
1 0.10242812500000001 0.6803421875 0.10928750000000001 0.6803421875 0.11043125000000001 0.67881875 0.11043125000000001 0.669675 0.1070015625 0.665103125 0.104715625 0.665103125 0.10128593749999999 0.669675 0.10128593749999999 0.67881875 0.10242812500000001 0.6803421875
1 0.0155453125 0.6498625 0.0178328125 0.6529109375 0.018975 0.6513859375 0.0212625 0.6483390625000001 0.0212625 0.6422421875000001 0.020118749999999998 0.64071875 0.0178328125 0.64071875 0.013259375 0.634621875 0.010973437499999999 0.634621875 0.008685937500000001 0.631575 0.0064 0.631575 0.0029703125 0.636146875 0.0029703125 0.63919375 0.0064 0.643765625 0.008685937500000001 0.643765625 0.013259375 0.6498625 0.0155453125 0.6498625
1 0 0.6132859374999999 0.0041140625 0.6132859374999999 0.0064 0.6102375 0.0155453125 0.6102375 0.016689062499999997 0.6087140625 0.016689062499999997 0.60261875 0.0155453125 0.60109375 0.013259375 0.6041421875 0.0018281249999999999 0.6041421875 0 0.606578125 0 0.6132859374999999
1 0.0178328125 0.616334375 0.018975 0.6148109374999999 0.020118749999999998 0.6132859374999999 0.0224046875 0.6132859374999999 0.0292640625 0.6041421875 0.03155 0.6041421875 0.03269375 0.60261875 0.03269375 0.596521875 0.0292640625 0.59195 0.0224046875 0.60109375 0.020118749999999998 0.60109375 0.014403125 0.6087140625 0.014403125 0.6117625 0.012115625 0.6148109374999999 0.013259375 0.616334375 0.0178328125 0.616334375
1 0.04526875 0.5858546875 0.040696875 0.5858546875 0.0372671875 0.5904265625 0.0372671875 0.6178578124999999 0.040696875 0.6224296875 0.04526875 0.6224296875 0.0464125 0.62090625 0.0464125 0.596521875 0.048698437500000004 0.5934734374999999 0.048698437500000004 0.5904265625 0.04526875 0.5858546875
1 0.077278125 0.598046875 0.079565625 0.60109375 0.0864234375 0.60109375 0.0875671875 0.5995703125 0.089853125 0.596521875 0.089853125 0.5904265625 0.0887109375 0.5889015625 0.0864234375 0.5889015625 0.0841375 0.5858546875 0.077278125 0.5858546875 0.0749921875 0.58280625 0.07041875 0.58280625 0.0669890625 0.5873781250000001 0.0669890625 0.5934734374999999 0.0681328125 0.5949984374999999 0.07041875 0.5949984374999999 0.07270625 0.598046875 0.077278125 0.598046875
1 0.023548437499999998 0.5751859375 0.0246921875 0.5736625 0.026978125 0.5736625 0.03269375 0.5660421875 0.0292640625 0.5614703125 0.026978125 0.5614703125 0.0246921875 0.56451875 0.0224046875 0.56451875 0.020118749999999998 0.5675656250000001 0.0178328125 0.5675656250000001 0.014403125 0.5721375 0.014403125 0.5751859375 0.0155453125 0.576709375 0.0224046875 0.576709375 0.023548437499999998 0.5751859375
1 0.026978125 0.5736625 0.0246921875 0.5736625 0.023548437499999998 0.5751859375 0.023548437499999998 0.578234375 0.026978125 0.58280625 0.040696875 0.58280625 0.0418390625 0.5812828125 0.0418390625 0.5751859375 0.038409375 0.5706140625 0.0292640625 0.5706140625 0.026978125 0.5736625
1 0 0.559034375 0.0018281249999999999 0.5614703125 0.0064 0.5614703125 0.00754375 0.559946875 0.00754375 0.55385 0 0.5437937500000001 0 0.559034375
1 0.0281203125 0.4959375 0.0304078125 0.4989859375 0.0304078125 0.502034375 0.03269375 0.50508125 0.03269375 0.5081296875 0.0349796875 0.511178125 0.0349796875 0.5142265625 0.038409375 0.5187984375 0.039553125 0.5172734375 0.040696875 0.5157499999999999 0.0429828125 0.5157499999999999 0.0441265625 0.5142265625 0.0441265625 0.511178125 0.0418390625 0.5081296875 0.0418390625 0.502034375 0.039553125 0.4989859375 0.039553125 0.4959375 0.0372671875 0.49289062499999997 0.0372671875 0.48679375 0.0338375 0.482221875 0.0292640625 0.482221875 0.0281203125 0.48374531249999997 0.0281203125 0.4959375
1 0.040696875 0.48527031249999997 0.04526875 0.48527031249999997 0.0464125 0.48374531249999997 0.048698437500000004 0.48069843749999996 0.048698437500000004 0.4746015625 0.050984375000000005 0.47155312499999996 0.050984375000000005 0.46850625 0.055557812500000005 0.462409375 0.055557812500000005 0.459375 0.048698437500000004 0.459375 0.048698437500000004 0.462409375 0.0441265625 0.46850625 0.0441265625 0.47155312499999996 0.039553125 0.47765 0.039553125 0.48374531249999997 0.040696875 0.48527031249999997
1 0.0338375 0.47917343749999997 0.040696875 0.47917343749999997 0.0418390625 0.47765 0.028131250000000003 0.459375 0.0189859375 0.459375 0.0338375 0.47917343749999997
1 0.2098890625 0.8388390625 0.2144625 0.8388390625 0.2156046875 0.8373156249999999 0.2156046875 0.815978125 0.2144625 0.8144546874999999 0.20760312500000003 0.8144546874999999 0.20645937499999997 0.815978125 0.20645937499999997 0.8342671875000001 0.2098890625 0.8388390625
1 0.2281796875 0.7443500000000001 0.2304671875 0.7443500000000001 0.23389687499999998 0.7397781250000001 0.23389687499999998 0.73673125 0.24075625 0.7275859375 0.24075625 0.7245390625 0.2373265625 0.7199671875 0.23275312499999998 0.7199671875 0.2270375 0.7275859375 0.2270375 0.730634375 0.22017812499999997 0.7397781250000001 0.22589375 0.7473984375 0.2270375 0.7458750000000001 0.2281796875 0.7443500000000001
1 0.259046875 0.7092984375 0.260190625 0.707775 0.2624765625 0.707775 0.26590625 0.703203125 0.26590625 0.69710625 0.2624765625 0.6925343749999999 0.260190625 0.6955828125 0.257903125 0.6955828125 0.25333125 0.701678125 0.25104375 0.701678125 0.2499015625 0.703203125 0.2499015625 0.7092984375 0.25104375 0.7108218749999999 0.257903125 0.7108218749999999 0.259046875 0.7092984375
1 0.2476140625 0.6940578125 0.2499015625 0.6910109375 0.2499015625 0.6879625 0.2350390625 0.66815 0.23275312499999998 0.66815 0.2293234375 0.6727218749999999 0.2293234375 0.67881875 0.23846875 0.6910109375 0.23846875 0.6940578125 0.24418437499999998 0.701678125 0.24532812499999998 0.7001546875 0.2476140625 0.69710625 0.2476140625 0.6940578125
1 0.28762656249999996 0.6894859375 0.285340625 0.6925343749999999 0.2807671875 0.6925343749999999 0.2796234375 0.6940578125 0.2796234375 0.7001546875 0.2807671875 0.701678125 0.2922 0.701678125 0.2933421875 0.7001546875 0.2944859375 0.69863125 0.296771875 0.69863125 0.29905781249999996 0.6955828125 0.30134531249999996 0.6955828125 0.30363125 0.6925343749999999 0.3059171875 0.6925343749999999 0.309346875 0.6879625 0.309346875 0.6849140625000001 0.3082046875 0.683390625 0.29905781249999996 0.683390625 0.296771875 0.6864390625000001 0.2922 0.6864390625000001 0.2899125 0.6894859375 0.28762656249999996 0.6894859375
1 0.14930000000000002 0.636146875 0.14930000000000002 0.6574828125 0.15044375000000001 0.65900625 0.1527296875 0.65900625 0.153871875 0.6574828125 0.156159375 0.654434375 0.156159375 0.636146875 0.155015625 0.634621875 0.15044375000000001 0.634621875 0.14930000000000002 0.636146875
1 0.1835953125 0.645290625 0.1835953125 0.63919375 0.1790234375 0.6330984374999999 0.1790234375 0.63005 0.17330625 0.6224296875 0.168734375 0.6224296875 0.167590625 0.6239546875 0.167590625 0.63005 0.1721640625 0.636146875 0.1721640625 0.63919375 0.17445 0.6422421875000001 0.17445 0.645290625 0.17559375 0.6468140625000001 0.182453125 0.6468140625000001 0.1835953125 0.645290625
1 0.2361828125 0.62090625 0.2361828125 0.6239546875 0.23389687499999998 0.6270015625 0.23389687499999998 0.63005 0.23160937499999998 0.6330984374999999 0.23160937499999998 0.636146875 0.2293234375 0.63919375 0.2293234375 0.6422421875000001 0.23275312499999998 0.6468140625000001 0.2350390625 0.6468140625000001 0.2361828125 0.645290625 0.2361828125 0.6422421875000001 0.23846875 0.63919375 0.23846875 0.6330984374999999 0.24075625 0.63005 0.24075625 0.6270015625 0.2430421875 0.6239546875 0.2430421875 0.62090625 0.24532812499999998 0.6178578124999999 0.24532812499999998 0.6117625 0.24418437499999998 0.6102375 0.2418984375 0.6102375 0.23846875 0.6148109374999999 0.23846875 0.6178578124999999 0.2361828125 0.62090625
1 0.2156046875 0.6148109374999999 0.2224640625 0.6239546875 0.2224640625 0.6270015625 0.22589375 0.631575 0.2281796875 0.631575 0.2304671875 0.634621875 0.23160937499999998 0.6330984374999999 0.23389687499999998 0.63005 0.23389687499999998 0.6270015625 0.23160937499999998 0.6239546875 0.23160937499999998 0.62090625 0.2293234375 0.6178578124999999 0.2293234375 0.6148109374999999 0.2224640625 0.605665625 0.2224640625 0.60261875 0.22132187499999997 0.60109375 0.2167484375 0.60109375 0.21331875 0.605665625 0.21331875 0.6087140625 0.2156046875 0.6117625 0.2156046875 0.6148109374999999
1 0.270478125 0.6483390625000001 0.2681921875 0.6513859375 0.2681921875 0.6574828125 0.2693359375 0.65900625 0.27619531249999996 0.65900625 0.2773375 0.6574828125 0.2796234375 0.654434375 0.2796234375 0.6513859375 0.2819109375 0.6483390625000001 0.2819109375 0.6422421875000001 0.284196875 0.63919375 0.284196875 0.6330984374999999 0.2807671875 0.6285265625 0.27848125 0.6285265625 0.27505156249999996 0.6330984374999999 0.27505156249999996 0.636146875 0.272765625 0.63919375 0.272765625 0.6422421875000001 0.270478125 0.645290625 0.270478125 0.6483390625000001
1 0.1641609375 0.5949984374999999 0.161875 0.5949984374999999 0.16073125 0.596521875 0.16073125 0.5995703125 0.1778796875 0.6224296875 0.182453125 0.6224296875 0.1835953125 0.62090625 0.1835953125 0.6178578124999999 0.1778796875 0.6102375 0.17559375 0.6102375 0.1641609375 0.5949984374999999
1 0.1458703125 0.607190625 0.14815625 0.6102375 0.15044375000000001 0.6102375 0.1527296875 0.6132859374999999 0.155015625 0.6132859374999999 0.156159375 0.6117625 0.1584453125 0.6087140625 0.1584453125 0.605665625 0.1527296875 0.598046875 0.15044375000000001 0.598046875 0.14815625 0.5949984374999999 0.14358437500000001 0.5949984374999999 0.14129687500000002 0.59195 0.1390109375 0.59195 0.1378671875 0.5934734374999999 0.1378671875 0.60261875 0.1390109375 0.6041421875 0.14129687500000002 0.6041421875 0.14358437500000001 0.607190625 0.1458703125 0.607190625
1 0.1458703125 0.5706140625 0.14358437500000001 0.5736625 0.14129687500000002 0.5736625 0.1390109375 0.576709375 0.13443906249999998 0.576709375 0.131009375 0.5812828125 0.131009375 0.5843296875 0.13215156249999999 0.5858546875 0.136725 0.5858546875 0.1378671875 0.5843296875 0.1390109375 0.58280625 0.14129687500000002 0.58280625 0.14358437500000001 0.5797578125 0.1458703125 0.5797578125 0.14815625 0.576709375 0.1527296875 0.576709375 0.155015625 0.5736625 0.1595890625 0.5736625 0.16073125 0.5721375 0.16073125 0.5660421875 0.1595890625 0.56451875 0.1527296875 0.56451875 0.14815625 0.5706140625 0.1458703125 0.5706140625
1 0.2396125 0.5370859375 0.24418437499999998 0.5370859375 0.24532812499999998 0.5355624999999999 0.24532812499999998 0.529465625 0.24418437499999998 0.5279421875 0.2418984375 0.5279421875 0.2373265625 0.5218453125 0.2350390625 0.5218453125 0.23275312499999998 0.5187984375 0.2304671875 0.5187984375 0.2270375 0.5233703125 0.2270375 0.52641875 0.2304671875 0.530990625 0.23275312499999998 0.530990625 0.2350390625 0.5340374999999999 0.2373265625 0.5340374999999999 0.2396125 0.5370859375
1 0.24532812499999998 0.5325140625 0.24647187499999998 0.5340374999999999 0.25333125 0.5340374999999999 0.2544734375 0.5325140625 0.259046875 0.52641875 0.259046875 0.5233703125 0.26361875 0.5172734375 0.26361875 0.5081296875 0.2624765625 0.50660625 0.260190625 0.50660625 0.257903125 0.5035578125 0.2556171875 0.5035578125 0.2544734375 0.50508125 0.2544734375 0.5081296875 0.2499015625 0.5142265625 0.2499015625 0.5172734375 0.24532812499999998 0.5233703125 0.24532812499999998 0.5325140625
1 0.14358437500000001 0.5370859375 0.1458703125 0.5401343749999999 0.1470140625 0.538609375 0.14815625 0.5370859375 0.15044375000000001 0.5370859375 0.16073125 0.5233703125 0.16073125 0.5172734375 0.1595890625 0.5157499999999999 0.155015625 0.5157499999999999 0.1527296875 0.5187984375 0.15044375000000001 0.5187984375 0.14815625 0.5218453125 0.1458703125 0.5218453125 0.14015468749999999 0.529465625 0.14015468749999999 0.5355624999999999 0.14129687500000002 0.5370859375 0.14358437500000001 0.5370859375
1 0.168734375 0.482221875 0.1595890625 0.482221875 0.1584453125 0.48374531249999997 0.1584453125 0.48679375 0.161875 0.491365625 0.1778796875 0.491365625 0.1790234375 0.4898421875 0.1790234375 0.48679375 0.1778796875 0.48527031249999997 0.1710203125 0.48527031249999997 0.168734375 0.482221875
1 0.1961703125 0.4974625 0.2030296875 0.4974625 0.2041734375 0.4959375 0.2041734375 0.49289062499999997 0.195028125 0.48069843749999996 0.195028125 0.47765 0.193884375 0.4761265625 0.1893109375 0.4761265625 0.187025 0.47307812499999996 0.1778796875 0.47307812499999996 0.1767359375 0.4746015625 0.1767359375 0.47765 0.187025 0.491365625 0.1893109375 0.491365625 0.1915984375 0.49441406250000003 0.193884375 0.49441406250000003 0.1961703125 0.4974625
1 0.22017812499999997 0.46545781249999996 0.2224640625 0.462409375 0.2224640625 0.459375 0.2110328125 0.459375 0.2110328125 0.462409375 0.212175 0.463934375 0.2144625 0.463934375 0.2167484375 0.46698125 0.21903437499999998 0.46698125 0.22017812499999997 0.46545781249999996
1 0.12529218749999999 0.5127015625 0.12415000000000001 0.5142265625 0.12415000000000001 0.5233703125 0.12529218749999999 0.52489375 0.12757968749999998 0.52489375 0.128721875 0.5233703125 0.129865625 0.5218453125 0.136725 0.5218453125 0.14129687500000002 0.5157499999999999 0.14358437500000001 0.5157499999999999 0.1470140625 0.511178125 0.1470140625 0.502034375 0.1458703125 0.500509375 0.14358437500000001 0.500509375 0.1390109375 0.50660625 0.136725 0.50660625 0.13443906249999998 0.5096546875 0.13215156249999999 0.5096546875 0.129865625 0.5127015625 0.12529218749999999 0.5127015625
1 0.1195765625 0.56299375 0.1195765625 0.5690906250000001 0.12300625000000001 0.5736625 0.12415000000000001 0.5721375 0.12643593749999998 0.5690906250000001 0.12643593749999998 0.5660421875 0.128721875 0.56299375 0.128721875 0.559946875 0.131009375 0.5568984375 0.131009375 0.5508015625 0.13329531249999998 0.5477546875 0.129865625 0.5431828125 0.12757968749999998 0.5431828125 0.12415000000000001 0.5477546875 0.12415000000000001 0.55385 0.12186250000000001 0.5568984375 0.12186250000000001 0.559946875 0.1195765625 0.56299375
1 0.1207203125 0.607190625 0.12300625000000001 0.607190625 0.12415000000000001 0.605665625 0.12643593749999998 0.60261875 0.12643593749999998 0.5934734374999999 0.128721875 0.5904265625 0.128721875 0.5873781250000001 0.131009375 0.5843296875 0.129865625 0.58280625 0.12757968749999998 0.58280625 0.12415000000000001 0.5873781250000001 0.12415000000000001 0.5934734374999999 0.12186250000000001 0.596521875 0.12186250000000001 0.5995703125 0.1195765625 0.60261875 0.1195765625 0.605665625 0.1207203125 0.607190625
1 0.1527296875 0.6102375 0.155015625 0.6102375 0.156159375 0.6087140625 0.156159375 0.605665625 0.155015625 0.6041421875 0.1527296875 0.6041421875 0.1515859375 0.605665625 0.1515859375 0.6087140625 0.1527296875 0.6102375
1 0.136725 0.616334375 0.1378671875 0.6148109374999999 0.1378671875 0.605665625 0.14015468749999999 0.60261875 0.1378671875 0.5995703125 0.1378671875 0.5843296875 0.13443906249999998 0.5797578125 0.129865625 0.5797578125 0.128721875 0.5812828125 0.128721875 0.5904265625 0.131009375 0.5934734374999999 0.131009375 0.605665625 0.13329531249999998 0.6087140625 0.13329531249999998 0.6148109374999999 0.13443906249999998 0.616334375 0.136725 0.616334375
1 0.0944265625 0.49289062499999997 0.0944265625 0.4959375 0.09785625 0.500509375 0.1001421875 0.500509375 0.10128593749999999 0.4989859375 0.104715625 0.49441406250000003 0.10928750000000001 0.49441406250000003 0.1138609375 0.4883171875 0.11614687500000001 0.4883171875 0.1184328125 0.48527031249999997 0.1207203125 0.48527031249999997 0.12415000000000001 0.48069843749999996 0.12300625000000001 0.47917343749999997 0.1138609375 0.47917343749999997 0.10928750000000001 0.48527031249999997 0.1070015625 0.48527031249999997 0.104715625 0.4883171875 0.09785625 0.4883171875 0.0944265625 0.49289062499999997
1 0.0875671875 0.4898421875 0.0875671875 0.5203218749999999 0.0887109375 0.5218453125 0.090996875 0.5218453125 0.092140625 0.5203218749999999 0.0944265625 0.5172734375 0.0944265625 0.49289062499999997 0.090996875 0.4883171875 0.0887109375 0.4883171875 0.0875671875 0.4898421875
1 0.090996875 0.47307812499999996 0.0955703125 0.47917343749999997 0.0967125 0.47765 0.09785625 0.4761265625 0.1001421875 0.4761265625 0.10128593749999999 0.4746015625 0.09785625 0.4700296875 0.0955703125 0.4700296875 0.0932828125 0.46698125 0.090996875 0.46698125 0.0887109375 0.463934375 0.0864234375 0.463934375 0.0841375 0.46088593749999995 0.079565625 0.46088593749999995 0.078421875 0.462409375 0.0864234375 0.47307812499999996 0.090996875 0.47307812499999996
1 0.104715625 0.47307812499999996 0.1058578125 0.47155312499999996 0.1081453125 0.46850625 0.10129531249999998 0.459375 0.085290625 0.459375 0.0887109375 0.463934375 0.090996875 0.463934375 0.0955703125 0.4700296875 0.09785625 0.4700296875 0.1001421875 0.47307812499999996 0.104715625 0.47307812499999996
1 0.0887109375 0.5187984375 0.0864234375 0.5157499999999999 0.08528125 0.5172734375 0.08528125 0.5233703125 0.092140625 0.5325140625 0.092140625 0.5355624999999999 0.0932828125 0.5370859375 0.09785625 0.5370859375 0.09899843750000001 0.5355624999999999 0.09899843750000001 0.529465625 0.090996875 0.5187984375 0.0887109375 0.5187984375
1 0.079565625 0.5035578125 0.077278125 0.5035578125 0.0761359375 0.50508125 0.0761359375 0.5081296875 0.0738484375 0.511178125 0.0738484375 0.5172734375 0.077278125 0.5218453125 0.079565625 0.5218453125 0.0807078125 0.5203218749999999 0.08299375 0.5172734375 0.08299375 0.5081296875 0.079565625 0.5035578125
1 0.0807078125 0.462409375 0.0807078125 0.46545781249999996 0.0818515625 0.46698125 0.0841375 0.46698125 0.08528125 0.46545781249999996 0.0818515625 0.46088593749999995 0.0807078125 0.462409375
1 0.0875671875 0.5142265625 0.090996875 0.5187984375 0.092140625 0.5172734375 0.092140625 0.502034375 0.089853125 0.4989859375 0.089853125 0.4959375 0.0887109375 0.49441406250000003 0.0875671875 0.4959375 0.0875671875 0.5142265625
1 0.10357187500000001 0.49289062499999997 0.090996875 0.4761265625 0.0887109375 0.4761265625 0.0875671875 0.47765 0.0875671875 0.48374531249999997 0.0955703125 0.49441406250000003 0.10242812500000001 0.49441406250000003 0.10357187500000001 0.49289062499999997
1 0.07041875 0.558421875 0.065846875 0.558421875 0.060131250000000004 0.5660421875 0.060131250000000004 0.5690906250000001 0.057843750000000006 0.5721375 0.057843750000000006 0.578234375 0.058987500000000005 0.5797578125 0.063559375 0.5797578125 0.064703125 0.578234375 0.0738484375 0.5660421875 0.0738484375 0.56299375 0.07041875 0.558421875
1 0.3070609375 0.8129312499999999 0.3070609375 0.8007390624999999 0.309346875 0.797690625 0.309346875 0.7946421875 0.30363125 0.7870234375 0.30134531249999996 0.7870234375 0.297915625 0.7915953124999999 0.297915625 0.8007390624999999 0.2956296875 0.8037875 0.2956296875 0.8098828125 0.30134531249999996 0.817503125 0.30363125 0.817503125 0.304775 0.815978125 0.3070609375 0.8129312499999999
6 0.65740625 0.79411875 0.663128125 0.7758078125 0.660840625 0.7269796875 0.651684375 0.7107046875 0.651684375 0.6781515625 0.64481875 0.6781515625 0.64710625 0.64153125 0.6425296875 0.5764265625 0.6310859375 0.5153921875 0.6265078125 0.507253125 0.6265078125 0.4665640625 0.6224640625 0.459375 0.5513078124999999 0.459375 0.5509765625 0.4787703125 0.56013125 0.48283906249999997 0.55784375 0.48690937500000003 0.564709375 0.507253125 0.5521203125 0.5092875 0.5498328124999999 0.5174265625000001 0.5349546875 0.503184375 0.53240625 0.459375 0.3296875 0.459375 0.3296875 0.82481875 0.3346828125 0.830740625 0.564709375 0.82870625 0.5704312500000001 0.8226015625 0.602475 0.8266703124999999 0.65740625 0.79411875
6 1 0.459375 0.6627546875 0.459375 0.660840625 0.5682890625 0.6654171875 0.600840625 0.6688500000000001 0.60694375 0.6757171875 0.6028749999999999 0.682584375 0.6313578125 0.6917390625000001 0.6313578125 0.7031828124999999 0.643565625 0.706615625 0.6618765625 0.7260718749999999 0.69239375 0.7649812500000001 0.7086703125 0.8244906249999999 0.7046 0.8679781249999999 0.7249453124999999 0.9068875000000001 0.733084375 0.91604375 0.7290140625 0.922909375 0.7371531250000001 0.9595312500000001 0.7371531250000001 0.977840625 0.7249453124999999 0.986996875 0.741221875 1 0.741221875 1 0.459375
17 0.6390953125000001 0.6801859375 0.651684375 0.6578078125 0.6139187500000001 0.6313578125 0.6173515625 0.6659453125 0.602475 0.68425625 0.59103125 0.68425625 0.5692875 0.6537375 0.5681421875 0.6272890624999999 0.5521203125 0.635428125 0.5395328125 0.6578078125 0.54754375 0.6720484375 0.5956078125000001 0.7086703125 0.608196875 0.7066359375 0.6390953125000001 0.6801859375
13 0.477734375 0.5642203125 0.4800234375 0.5520125 0.4685796875 0.49911562500000006 0.4812140625 0.459375 0.43653125 0.459375 0.42509218750000005 0.48283906249999997 0.42509218750000005 0.5153921875 0.4308140625 0.537771875 0.455990625 0.549978125 0.47201250000000006 0.5662546875000001 0.477734375 0.5642203125
13 0.5990421875 0.7676703125000001 0.607053125 0.8063265625 0.6310859375 0.8083609375 0.65740625 0.7859812500000001 0.660840625 0.7717390625 0.6436734375000001 0.7656359375 0.6299406249999999 0.7493593749999999 0.6093421875 0.753428125 0.5990421875 0.7676703125000001
13 0.7237828125 0.655771875 0.7329375 0.655771875 0.7363703125 0.6618765625 0.7329375 0.68425625 0.7558265625 0.6761171874999999 0.781003125 0.6801859375 0.7901578125000001 0.6964625 0.8267796875 0.6964625 0.83135625 0.6883250000000001 0.8405125 0.6964625 0.8439453125 0.6781515625 0.8359343750000001 0.6679796875 0.8634000000000001 0.6639109375000001 0.8668328125 0.6700140625000001 0.8599671875 0.686290625 0.8599671875 0.698496875 0.85195625 0.7086703125 0.8771328125 0.7086703125 0.8828546875000001 0.698496875 0.884 0.68425625 0.9023109375 0.6801859375 0.9126093750000001 0.686290625 0.9206203125 0.7168078125 0.9309203125 0.7188421875000001 0.9377875 0.7107046875 0.9423640625 0.6456000000000001 0.9492312500000001 0.6171171875 0.9560968750000001 0.5520125 0.9560968750000001 0.4787703125 0.9506421875 0.459375 0.6690546875 0.459375 0.66770625 0.4665640625 0.66770625 0.53980625 0.6768609375 0.5764265625 0.67915 0.604909375 0.684871875 0.6150828125000001 0.7237828125 0.655771875