6 0 0 0 0.2208390625 0.001025 0.222025 0.2041484375 0.2945671875 0.2573484375 0.2945671875 0.31779999999999997 0.21960625 0.31779999999999997 0.2969875 0.43024375 0.31270625 0.431453125 0.29940625 0.37825312499999997 0.29940625 0.396390625 0.2812671875 0.37825312499999997 0.2800578125 0.3770484375 0.261925 0.4508 0.2679671875 0.458053125 0.229278125 0.46168125 0.26675781249999997 0.49674375 0.2703875 0.5257625 0.309078125 0.5890625 0.3031890625 0.5890625 0 0 0
6 0.69175625 0 0.6895703125 0.029409374999999998 0.69198125 0.138653125 0.699215625 0.145271875 0.6895703125 0.175065625 0.7016281249999999 0.310790625 0.7197125 0.329 0.8041046875 0.3256890625 0.8209843749999999 0.34224062499999997 0.8318359375 0.337275 0.8233953125 0.329 0.8426859375 0.33892968749999997 0.8933234375 0.322378125 0.931903125 0.37534531250000003 0.954809375 0.38361875 0.9765109375 0.3571359375 0.9789218749999999 0.3207234375 0.9982125 0.310790625 0.9945953125000001 0.282653125 1 0.28550624999999996 1 0 0.69175625 0
6 1 0.40270625000000004 0.990821875 0.3995546875 0.9584265625 0.39520625 0.941546875 0.39520625 0.8546671874999999 0.415996875 0.8127718749999999 0.4016078125 0.739459375 0.41394062500000006 0.7244984375 0.4427203125 0.7334734375 0.568115625 0.7227125 0.65 1 0.65 1 0.40270625000000004
22 0.7966953125 0 0.798078125 0.022789062500000002 0.843890625 0.07244375 0.8487140625 0.1585140625 0.8619749999999999 0.19658437499999998 0.8764421875 0.1833421875 0.9102015625 0.18003125 0.9994171875 0.2859640625 1 0.2863328125 1 0 0.7966953125 0
22 0.8354531250000001 0.0641703125 0.7679359375 0.0376875 0.7064484375 0.0757546875 0.7064484375 0.1585140625 0.7329734375 0.1816875 0.711271875 0.21148125 0.7136828125 0.2909296875 0.7245328125 0.305825 0.8004875 0.3273453125 0.845096875 0.3025171875 0.8535375000000001 0.2843078125 0.846303125 0.10554843750000001 0.8354531250000001 0.0641703125
22 0.8318359375 0.42996718749999996 0.8065171875000001 0.40182812500000004 0.75346875 0.4051390625 0.723328125 0.4465171875 0.7209171875 0.4994828125 0.7510578125 0.5541046875 0.7884328125 0.5623812499999999 0.8065171875000001 0.557415625 0.8294234375 0.52265625 0.8414796875 0.4961734375 0.8414796875 0.45644999999999997 0.8318359375 0.42996718749999996
16 0.8318359375 0.42996718749999996 0.8065171875000001 0.40182812500000004 0.75346875 0.4051390625 0.723328125 0.4465171875 0.7209171875 0.4994828125 0.7510578125 0.5541046875 0.7884328125 0.5623812499999999 0.8065171875000001 0.557415625 0.8294234375 0.52265625 0.8414796875 0.4961734375 0.8414796875 0.45644999999999997 0.8318359375 0.42996718749999996
16 1 0.40624843750000006 0.9873625 0.39520625 0.9463703125 0.40182812500000004 0.917434375 0.388584375 0.8933234375 0.3985171875 0.8788546875 0.42168906249999993 0.8414796875 0.42665625 0.85233125 0.46803437499999995 0.9150234375 0.497828125 1 0.5062156250000001 1 0.40624843750000006
12 1 0.507571875 0.9294921875 0.5044500000000001 0.871621875 0.48458750000000006 0.86318125 0.5557609375 0.8655921875000001 0.6451421875000001 0.866325 0.65 1 0.65 1 0.507571875
6 0 0.88899375 0.386684375 0.898528125 0.5073765625 0.8656 0.5060046875 0.721521875 0.48543281250000003 0.6556578125 0.46280937499999997 0.65 0.2553109375 0.65 0.25227656249999997 0.680359375 0.17135625000000002 0.6556578125 0.1701 0.65 0 0.65 0 0.88899375
6 0.6424015625 0.7434953125 0.65566875 0.7670625 0.7738671874999999 0.7706875 0.7835171875 0.7924390625 0.8064328125 0.790628125 0.8317625 0.7743125 0.8462359375 0.7453078125 0.8824203125000001 0.73805625 0.9017156249999999 0.7018015625 0.9258374999999999 0.6909234375 0.9430359375 0.65 0.7488484375 0.65 0.735271875 0.665546875 0.7135625 0.65104375 0.691853125 0.6546703125 0.6532578124999999 0.683671875 0.6424015625 0.7036125 0.6424015625 0.7434953125