6 0 0 0 0.81875 0.0663625 0.81875 0.0790015625 0.79620625 0.13515625 0.7519828125 0.1485859375 0.716971875 0.1970875 0.81875 0.491328125 0.81875 0.5296875 0.7934187500000001 0.5296875 0.148046875 0.514825 0.1383640625 0.48186406249999997 0.1420515625 0.4489015625 0.094140625 0.46233124999999997 0.048073437499999996 0.38658125 0 0 0
22 0 0.81875 0.05670937499999999 0.81875 0.078590625 0.7835468750000001 0.110784375 0.7673609375 0.13546875 0.717184375 0.13546875 0.6071187499999999 0.1118578125 0.5779828124999999 0.11829843749999999 0.561796875 0.1161515625 0.529425 0.06249375 0.6071187499999999 0.1097140625 0.6848109375 0.096834375 0.72689375 0.08073749999999999 0.7479359375 0.035665625 0.7673609375 0 0.7673609375 0 0.81875
22 0.45955781250000005 0.807825 0.5035578125 0.796496875 0.5296875 0.7646625 0.5296875 0.70789375 0.51858125 0.709090625 0.49497187499999995 0.7414640625 0.458484375 0.7544109375 0.4531203125 0.7786906250000001 0.433803125 0.807825 0.45955781250000005 0.807825
22 0.3415125 0.7657421875 0.35117031249999997 0.7479359375 0.3060984375 0.7608859375 0.288928125 0.7479359375 0.23527031250000002 0.7447015625 0.2030765625 0.7285125 0.1676625 0.7398453125 0.17624843750000002 0.7657421875 0.21380625000000003 0.80944375 0.23848906250000002 0.81875 0.347684375 0.81875 0.4273640625 0.807825 0.40697343750000003 0.7673609375 0.403753125 0.785165625 0.3855109375 0.80296875 0.36404843750000004 0.7705984375 0.3415125 0.7657421875
6 0.5631640625000001 0.0985828125 0.5524328125 0.12111875000000001 0.5374078124999999 0.1136078125 0.5341890625 0.1323875 0.5352625 0.14365624999999999 0.5438468750000001 0.1511671875 0.58140625 0.1474109375 0.5857 0.1399 0.5878453125 0.1173640625 0.576040625 0.091071875 0.5631640625000001 0.0985828125
6 0.6576 0.72959375 0.66833125 0.72959375 0.6769171875 0.70705625 0.6983796875 0.72959375 0.71555 0.72208125 0.7563296875 0.7371046875 0.768134375 0.7033015625 0.771353125 0.669496875 0.7777921875 0.669496875 0.7799390625 0.6845203125 0.7885234375 0.6845203125 0.7928171875000001 0.669496875 0.8207187499999999 0.669496875 0.8239375000000001 0.658228125 0.8239375000000001 0.5079890625 0.797109375 0.286384375 0.7799390625 0.2938953125 0.7670609374999999 0.3539921875 0.76276875 0.3539921875 0.7541828125000001 0.32394375000000003 0.7477453125 0.31643125 0.7455984375 0.32394375000000003 0.7413062499999999 0.30140781250000004 0.730575 0.3089203125 0.7252078125 0.35023593750000004 0.7198421875000001 0.3539921875 0.7166234375 0.3427234375 0.7144765625 0.27511562500000003 0.7058921875 0.23004375000000002 0.7058921875 0.1999953125 0.702671875 0.188728125 0.6897953125 0.181215625 0.6769171875 0.181215625 0.672625 0.1962390625 0.6661859375 0.188728125 0.6586734375 0.2150203125 0.6554546875 0.278871875 0.6404296875 0.2638484375 0.6361375 0.21126406250000002 0.633990625 0.22628750000000003 0.6296984375 0.218775 0.6243328125 0.2600921875 0.6114546875 0.282628125 0.609309375 0.3051640625 0.6114546875 0.3352125 0.605015625 0.35023593750000004 0.605015625 0.387796875 0.5910656249999999 0.436625 0.5878453125 0.43286875 0.5878453125 0.4103328125 0.58140625 0.37277187500000003 0.5717484374999999 0.33896875 0.56745625 0.33896875 0.5642359375 0.380284375 0.5567249999999999 0.3915515625 0.5438468750000001 0.3539921875 0.53848125 0.35023593750000004 0.5449203125000001 0.3427234375 0.5417 0.31643125 0.53096875 0.31643125 0.5296875 0.31194687499999996 0.5296875 0.6920328125 0.5524328125 0.6920328125 0.576040625 0.70705625 0.58891875 0.6845203125 0.5975046875000001 0.70705625 0.649015625 0.6995453125 0.6576 0.72959375
13 0.5921390625 0.485453125 0.5878453125 0.46291562500000005 0.56745625 0.4065765625 0.5502859375 0.384040625 0.5296875 0.3273953125 0.5296875 0.6985875 0.5502859375 0.6920328125 0.5771140625 0.7033015625 0.58140625 0.6957890625 0.5878453125 0.6507171875 0.594284375 0.560571875 0.5921390625 0.485453125
13 0.6114546875 0.3051640625 0.6136015625 0.35023593750000004 0.59643125 0.47042812500000003 0.5985765625 0.5530609375 0.5878453125 0.6507171875 0.5878453125 0.680765625 0.5975046875000001 0.70705625 0.630771875 0.7033015625 0.6500890625 0.6957890625 0.6586734375 0.6356921875 0.6651125 0.5530609375 0.6608203125000001 0.4403796875 0.649015625 0.3915515625 0.6404296875 0.39906406250000004 0.6372109375 0.387796875 0.63935625 0.32018749999999996 0.6511609375 0.30140781250000004 0.652234375 0.290140625 0.6361375 0.24882343750000002 0.6254062499999999 0.27135937499999996 0.6189671875 0.27135937499999996 0.6114546875 0.3051640625
13 0.6651125 0.560571875 0.652234375 0.6957890625 0.6618921875 0.72208125 0.670478125 0.72208125 0.6769171875 0.70705625 0.6983796875 0.72959375 0.7134031249999999 0.72208125 0.71555 0.72959375 0.757403125 0.7333484375 0.768134375 0.7033015625 0.768134375 0.6432046875 0.757403125 0.568084375 0.75525625 0.4929640625 0.7509640625 0.46291562500000005 0.7219890625 0.376528125 0.7005265625 0.33896875 0.6855015625 0.3615046875 0.6769171875 0.3539921875 0.6576 0.3615046875 0.6543812499999999 0.37277187500000003 0.6543812499999999 0.4103328125 0.662965625 0.44789218750000004 0.6651125 0.560571875
13 0.8239375000000001 0.665740625 0.8239375000000001 0.5079890625 0.8024749999999999 0.3427234375 0.8003281250000001 0.290140625 0.7928171875000001 0.278871875 0.78423125 0.286384375 0.768134375 0.3427234375 0.768134375 0.380284375 0.77671875 0.4554046875 0.77671875 0.5530609375 0.7960359375 0.5981328125 0.7949625 0.669496875 0.8196453125 0.673253125 0.8239375000000001 0.665740625
13 0.768134375 0.665740625 0.7799390625 0.669496875 0.78423125 0.6845203125 0.789596875 0.680765625 0.7938890625 0.665740625 0.7960359375 0.5981328125 0.77671875 0.5530609375 0.77671875 0.4554046875 0.77028125 0.387796875 0.7563296875 0.32394375000000003 0.7413062499999999 0.2938953125 0.7327203124999999 0.2938953125 0.7209156250000001 0.3577484375 0.7230624999999999 0.380284375 0.7531109375 0.47042812500000003 0.757403125 0.560571875 0.7659875 0.6056453125 0.768134375 0.665740625
13 0.66833125 0.2938953125 0.667259375 0.3051640625 0.670478125 0.31643125 0.6897953125 0.33896875 0.702671875 0.33896875 0.7112578125 0.3615046875 0.7187703125 0.365259375 0.7166234375 0.290140625 0.71233125 0.25257968750000004 0.7058921875 0.23755625 0.7080375 0.1999953125 0.70481875 0.181215625 0.681209375 0.173703125 0.672625 0.181215625 0.6586734375 0.2150203125 0.6576 0.278871875 0.6640390625 0.286384375 0.6769171875 0.2638484375 0.6844296875 0.267603125 0.681209375 0.2938953125 0.66833125 0.2938953125
6 0.5296875 1 0.5296875 0.81875 0 0.81875 0 1 0.5296875 1
22 0.5296875 1 0.5296875 0.9473203124999999 0.48976875 0.9212875 0.4316703125 0.9062234374999999 0.3111703125 0.9148296874999999 0.1691578125 0.9793843750000001 0.146925 1 0.5296875 1
22 0.355284375 0.87071875 0.4472296875 0.81875 0.3458265625 0.81875 0.331615625 0.8492015625 0.355284375 0.87071875
22 0.5296875 0.939978125 0.5296875 0.81875 0.340671875 0.81875 0.331615625 0.8513546875 0.35205625 0.8997703125 0.451034375 0.9062234374999999 0.52204375 0.9341984374999999 0.5296875 0.939978125
22 0 0.9111359374999999 0.1024546875 0.9040703125 0.21326874999999998 0.9245109375 0.219721875 0.9094515624999999 0.173459375 0.8717953125 0.0680265625 0.8287609375 0 0.82546875 0 0.9111359374999999
4 1 0.81875 0.9389062499999999 0.81875 0.9006390625 0.880084375 0.902790625 0.9040734374999999 0.9275375 0.9385609374999999 0.9789687499999999 1 1 1 1 0.81875