6 0 0 0 0.359375 0.409375 0.359375 0.409375 0 0 0
6 0.409375 1 0.409375 0.359375 0.15827968750000002 0.359375 0.1450296875 0.38294843749999996 0.1424828125 0.43729687500000003 0.1157515625 0.47126406249999997 0.07501875 0.5573140624999999 0.055925 0.5776953125000001 0.062290625 0.5890171875 0.08265625 0.5890171875 0.0877484375 0.5980749999999999 0.1119328125 0.59128125 0.1068421875 0.61845625 0.1068421875 0.6501578125 0.0877484375 0.66148125 0.081384375 0.672803125 0.0839296875 0.69091875 0.09156718750000001 0.70450625 0.086475 0.7769703125 0.10302343750000001 0.8018796874999999 0.11066093749999999 0.8018796874999999 0.1221171875 0.835846875 0.1144796875 0.8539625 0.10429531249999999 0.9128390625 0.09156718750000001 0.9536 0.09156718750000001 0.9762453125 0.10556874999999999 0.9966265625 0.11694843749999999 1 0.1218171875 1 0.13611875 0.9830390625 0.1424828125 0.9717171875 0.1450296875 0.9536 0.15139375 0.9468078125 0.1603046875 0.9626578125 0.1603046875 0.9807750000000001 0.156375 1 0.409375 1
7 0.20485625000000002 0.53466875 0.1806703125 0.55505 0.1806703125 0.5641078125 0.1679421875 0.586753125 0.1552125 0.6275140625 0.1144796875 0.7679125 0.1119328125 0.7950859375 0.1221171875 0.8267890625 0.1221171875 0.8403765625 0.1144796875 0.8630203125 0.10429531249999999 0.93095625 0.0941125 0.9581296874999999 0.0941125 0.9762453125 0.1081140625 0.9966265625 0.1221171875 0.9943609375 0.1323 0.9717171875 0.1450296875 0.9128390625 0.1641234375 0.8743437500000001 0.1844890625 0.856228125 0.1959453125 0.835846875 0.2061296875 0.7905578125 0.2163125 0.7679125 0.22140468750000003 0.672803125 0.2315875 0.6229843749999999 0.2290421875 0.60486875 0.24686249999999998 0.586753125 0.2443171875 0.573165625 0.2252234375 0.543728125 0.20485625000000002 0.53466875
7 0.33342031250000004 0.885665625 0.330875 0.91736875 0.33342031250000004 0.935484375 0.34233125000000003 0.9513359375 0.35378750000000003 0.9536 0.3639703125 0.9445421875 0.3767 0.8675499999999999 0.38815625 0.8652859375 0.39452031249999997 0.8539625 0.40215781249999993 0.8132015625 0.404703125 0.772440625 0.39961250000000004 0.749796875 0.39961250000000004 0.722621875 0.409375 0.670515625 0.409375 0.6234515625 0.40852187500000003 0.6207203125 0.370334375 0.6207203125 0.366515625 0.6275140625 0.3385125 0.7769703125 0.3410578125 0.8584921874999999 0.33342031250000004 0.885665625
5 0.16666875 0.3897421875 0.1641234375 0.430503125 0.1412109375 0.4395609375 0.1157515625 0.47126406249999997 0.1068421875 0.49164375 0.1068421875 0.5188171875 0.117025 0.5459921875 0.1157515625 0.5527859375 0.07501875 0.5573140624999999 0.055925 0.5776953125000001 0.05974375 0.5890171875 0.0762921875 0.59128125 0.1157515625 0.5754296875 0.12848125 0.543728125 0.1323 0.5459921875 0.12975468750000002 0.559578125 0.1335734375 0.566371875 0.17430625 0.566371875 0.1870359375 0.543728125 0.20994843749999997 0.53466875 0.22140468750000003 0.5007015625 0.2137671875 0.4327671875 0.2074015625 0.42144531250000006 0.1921265625 0.416915625 0.18194375000000002 0.3988 0.16666875 0.3897421875
14 0.335965625 0.559578125 0.3601515625 0.5844875 0.37797187499999996 0.616190625 0.40597656249999997 0.616190625 0.409375 0.6205093749999999 0.409375 0.4999546875 0.40343125 0.48937968749999994 0.3907015625 0.480321875 0.36269687500000003 0.480321875 0.34233125000000003 0.4984375 0.330875 0.5188171875 0.335965625 0.559578125
14 0.320690625 0.6275140625 0.33469375 0.6252484375 0.3385125 0.61845625 0.335965625 0.55505 0.320690625 0.4508828125 0.309234375 0.43503125000000004 0.27359374999999997 0.44408906249999996 0.2646828125 0.4554125 0.2646828125 0.47352812499999997 0.274865625 0.573165625 0.28123125 0.5890171875 0.2914140625 0.5844875 0.30796250000000003 0.6093968750000001 0.3143265625 0.629778125 0.320690625 0.6275140625
14 0.2619625 0.359375 0.22569843750000002 0.359375 0.22140468750000003 0.3648328125 0.21885781249999997 0.387478125 0.22776875 0.43503125000000004 0.26722812500000004 0.4327671875 0.269775 0.4010640625 0.2619625 0.359375
13 0.269775 0.42370937499999994 0.2774125 0.42370937499999994 0.2774125 0.410121875 0.292771875 0.359375 0.26254218749999997 0.359375 0.269775 0.42370937499999994
7 0.409375 0.38259375 0.40502343749999997 0.36014375 0.40464687499999996 0.359375 0.37314375 0.359375 0.3693734375 0.387321875 0.3812578125 0.4145 0.393140625 0.42355937499999996 0.40756875 0.42053906249999995 0.409375 0.42696249999999997 0.409375 0.38259375
12 0.34615 0.7271515625 0.3563328125 0.69091875 0.3639703125 0.6411 0.36269687500000003 0.6252484375 0.33978437499999997 0.6388359375 0.32832812499999997 0.6773328125 0.32832812499999997 0.6954484375 0.34615 0.7271515625
12 0.330875 0.8901953125000001 0.3410578125 0.8539625 0.33469375 0.8018796874999999 0.31941875 0.8064078125 0.3105078125 0.8177312499999999 0.30796250000000003 0.8584921874999999 0.31178125 0.8924593749999999 0.330875 0.8901953125000001
6 1 0.490603125 0.9807890625000001 0.490603125 0.9773968749999999 0.493146875 0.9740062500000001 0.490603125 0.9570484374999999 0.490603125 0.9536578125 0.493146875 0.943484375 0.493146875 0.9400921875 0.49569062500000005 0.9231359375 0.49569062500000005 0.91974375 0.49823281250000007 0.916353125 0.49823281250000007 0.9129609375 0.5007765625 0.9095703125 0.5007765625 0.906178125 0.5033203125 0.8960046875 0.5033203125 0.8926125 0.5058625 0.879046875 0.5058625 0.8756562499999999 0.50840625 0.86548125 0.50840625 0.8620906250000001 0.51095 0.8553078125000001 0.51095 0.851915625 0.5134937500000001 0.8451328124999999 0.5134937500000001 0.8417421875000001 0.5160359375 0.8247859375000001 0.5160359375 0.82139375 0.5185796875 0.807828125 0.5185796875 0.8044375 0.5211234375 0.7942625 0.5211234375 0.790871875 0.523665625 0.7739140625 0.523665625 0.7705234375 0.526209375 0.750175 0.526209375 0.7467828125 0.5287531249999999 0.7298265625 0.5287531249999999 0.7264359375 0.531296875 0.709478125 0.531296875 0.7060875 0.5338390625 0.6993046875 0.5338390625 0.6959125 0.5363828125000001 0.6891296875 0.5363828125000001 0.6857390624999999 0.5389265625 0.682346875 0.5389265625 0.6789562499999999 0.54146875 0.6755640625 0.54146875 0.6721734374999999 0.5389265625 0.6619984375 0.5389265625 0.6586078125 0.54146875 0.651825 0.54146875 0.6501296875 0.542740625 0.6501296875 0.547828125 0.6535203125 0.5503703125 0.6535203125 0.5529140625 0.6670859375 0.5630875 0.6670859375 0.56563125 0.6721734374999999 0.5694453125 0.6755640625 0.5694453125 0.6857390624999999 0.577075 0.6891296875 0.577075 0.692521875 0.5796187500000001 0.6959125 0.5796187500000001 0.7060875 0.5872484375 0.709478125 0.5872484375 0.719653125 0.5948781249999999 0.72304375 0.5948781249999999 0.7433921875 0.6101390624999999 0.7467828125 0.6101390624999999 0.750175 0.61268125 0.753565625 0.61268125 0.7569578124999999 0.615225 0.7603484375 0.615225 0.7654359375 0.619040625 0.7654359375 0.6215828125 0.768828125 0.6241265625 0.768828125 0.6266703125 0.7705234375 0.6279421875 0.7739140625 0.6279421875 0.77730625 0.630484375 0.7806968750000001 0.630484375 0.785784375 0.6343 0.785784375 0.6368437499999999 0.768828125 0.649559375 0.768828125 0.6622765625 0.7705234375 0.6635484375 0.7739140625 0.6610046875 0.78239375 0.6673625000000001 0.78239375 0.66990625 0.7874796875000001 0.6737203125 0.790871875 0.6737203125 0.7942625 0.6762640625 0.7976546875 0.6762640625 0.8010453125 0.6788078125 0.8044375 0.6788078125 0.8112203125 0.68389375 0.8146109375 0.68389375 0.8196984374999999 0.6877093750000001 0.8196984374999999 0.6978828125 0.81630625 0.700425 0.81630625 0.7055125 0.8129156249999999 0.7080546875 0.8129156249999999 0.7105984375000001 0.8095234375 0.7131421875 0.8095234375 0.718228125 0.8061328124999999 0.720771875 0.8061328124999999 0.7258578124999999 0.807828125 0.7271296875 0.8146109375 0.7271296875 0.8196984374999999 0.7309453125 0.8196984374999999 0.738575 0.8230890625 0.7411187499999999 0.8230890625 0.7487484375 0.8146109375 0.75510625 0.8112203125 0.7525625 0.7976546875 0.7525625 0.7959578125 0.7538343750000001 0.7959578125 0.756378125 0.7925671875 0.758921875 0.7925671875 0.7665515625 0.789175 0.7690953125 0.789175 0.7716375 0.7840890625 0.7754531250000001 0.77730625 0.7754531250000001 0.7722187500000001 0.7792671875 0.7722187500000001 0.7843546875 0.7790015625 0.789440625 0.7790015625 0.791984375 0.78239375 0.794528125 0.78239375 0.7970703125 0.785784375 0.7996140625 0.785784375 0.8047000000000001 0.7925671875 0.8097875 0.7925671875 0.8123312500000001 0.7959578125 0.8148734375 0.7959578125 0.8199609375 0.7976546875 0.8212328125000001 0.8010453125 0.8212328125000001 0.8044375 0.823775 0.807828125 0.823775 0.8112203125 0.8263187500000001 0.8129156249999999 0.825046875 0.8129156249999999 0.8225031250000001 0.8247859375000001 0.8136015625 0.8383499999999999 0.8136015625 0.8417421875000001 0.8161453125 0.8451328124999999 0.8161453125 0.8468296875 0.8148734375 0.8468296875 0.8097875 0.8485250000000001 0.8085156250000001 0.8586984375 0.8085156250000001 0.8603953125 0.8097875 0.857003125 0.8123312500000001 0.8620906250000001 0.8161453125 0.8688734374999999 0.8161453125 0.87056875 0.8174171875 0.87056875 0.8199609375 0.8688734374999999 0.8212328125000001 0.86548125 0.8212328125000001 0.8637859375 0.8225031250000001 0.8637859375 0.825046875 0.867178125 0.827590625 0.867178125 0.8326765625 0.879046875 0.8415781250000001 0.8824390624999999 0.8415781250000001 0.8858296875 0.8390359374999999 0.8926125 0.8390359374999999 0.8960046875 0.8364921875 0.8993953125 0.8390359374999999 0.9027875 0.8390359374999999 0.906178125 0.8415781250000001 0.9231359375 0.8415781250000001 0.9248312500000001 0.84285 0.9248312500000001 0.8504796875 0.946875 0.8670109374999999 0.9706140624999999 0.8670109374999999 0.9723109375 0.8657390625 0.9723109375 0.860653125 0.982484375 0.8530234374999999 0.97909375 0.8504796875 0.982484375 0.8479374999999999 0.982484375 0.84539375 0.9909625 0.8390359374999999 0.9943546874999999 0.8390359374999999 0.9977453125 0.8415781250000001 1 0.8415781250000001 1 0.8314046875000001 0.9977453125 0.8314046875000001 0.99605 0.8301343749999999 0.99605 0.8225031250000001 0.992659375 0.8199609375 0.992659375 0.8148734375 0.982484375 0.8072437499999999 0.982484375 0.8047000000000001 0.97909375 0.8021578125 0.97909375 0.7843546875 0.982484375 0.7818109375 0.982484375 0.77418125 0.9807890625000001 0.772909375 0.9740062500000001 0.772909375 0.9706140624999999 0.7703656249999999 0.9638312499999999 0.7703656249999999 0.9587453125 0.7665515625 0.9587453125 0.7640078124999999 0.955353125 0.7614640625 0.955353125 0.758921875 0.9519624999999999 0.756378125 0.9519624999999999 0.7538343750000001 0.9502656249999999 0.7525625 0.943484375 0.7525625 0.9400921875 0.7500203125 0.9316140624999999 0.756378125 0.9316140624999999 0.7640078124999999 0.9231359375 0.7703656249999999 0.9214390625 0.7690953125 0.9214390625 0.7640078124999999 0.9248312500000001 0.7614640625 0.9248312500000001 0.756378125 0.928221875 0.7538343750000001 0.9265265625 0.7525625 0.9231359375 0.7525625 0.91974375 0.7500203125 0.906178125 0.7500203125 0.9027875 0.7474765624999999 0.8993953125 0.7474765624999999 0.8977 0.7462046875 0.9010906249999999 0.7436609375 0.8943078124999999 0.738575 0.9010906249999999 0.7334890625 0.9010906249999999 0.7284015625 0.8977 0.7258578124999999 0.9010906249999999 0.723315625 0.8977 0.720771875 0.8977 0.718228125 0.906178125 0.7118703125 0.9129609375 0.7118703125 0.916353125 0.7093265625 0.9231359375 0.7093265625 0.933309375 0.701696875 0.9367015625 0.701696875 0.9417875 0.7055125 0.9417875 0.7080546875 0.9400921875 0.7093265625 0.92991875 0.7093265625 0.928221875 0.7105984375000001 0.928221875 0.7258578124999999 0.9214390625 0.7309453125 0.9265265625 0.734759375 0.92991875 0.734759375 0.933309375 0.7373031250000001 0.9502656249999999 0.7373031250000001 0.955353125 0.7334890625 0.955353125 0.700425 0.9536578125 0.699153125 0.943484375 0.699153125 0.9417875 0.6978828125 0.943484375 0.6966109375 0.946875 0.6966109375 0.9502656249999999 0.6940671875 0.9536578125 0.6940671875 0.955353125 0.6927953125 0.955353125 0.6877093750000001 0.9570484374999999 0.6864375 0.960440625 0.6864375 0.9638312499999999 0.68898125 0.9841796875 0.68898125 0.9909625 0.68389375 1 0.68389375 1 0.490603125
17 0.9451796874999999 0.6826218749999999 0.9587453125 0.67245 0.9587453125 0.66990625 0.9689187499999999 0.6622765625 0.9689187499999999 0.652103125 0.9638312499999999 0.6482875 0.960440625 0.6482875 0.9536578125 0.6432015625 0.9502656249999999 0.6432015625 0.946875 0.6406578125 0.943484375 0.6406578125 0.9400921875 0.6381140624999999 0.9367015625 0.6381140624999999 0.92991875 0.6330281249999999 0.9265265625 0.6330281249999999 0.9231359375 0.630484375 0.91974375 0.630484375 0.9129609375 0.6253984375 0.9095703125 0.6253984375 0.906178125 0.6228546875000001 0.9027875 0.6228546875000001 0.8960046875 0.61776875 0.8926125 0.61776875 0.8858296875 0.61268125 0.8824390624999999 0.61268125 0.879046875 0.6101390624999999 0.8756562499999999 0.6101390624999999 0.8688734374999999 0.6050515625 0.86548125 0.6050515625 0.8586984375 0.5999656250000001 0.851915625 0.5999656250000001 0.8417421875000001 0.5923359375 0.8383499999999999 0.5923359375 0.8349593750000001 0.5897921875 0.8247859375000001 0.5897921875 0.8196984374999999 0.59360625 0.8196984374999999 0.59615 0.818003125 0.597421875 0.8146109375 0.597421875 0.8095234375 0.6012375 0.8095234375 0.6063234375000001 0.8061328124999999 0.6088671875 0.8061328124999999 0.611409375 0.802740625 0.613953125 0.802740625 0.6164968749999999 0.7959578125 0.6215828125 0.7959578125 0.6241265625 0.7925671875 0.6266703125 0.7925671875 0.6292125000000001 0.785784375 0.6343 0.785784375 0.6368437499999999 0.7790015625 0.6419296875 0.7790015625 0.6444734375000001 0.7756109375 0.647015625 0.7756109375 0.649559375 0.768828125 0.654646875 0.768828125 0.66481875 0.7705234375 0.666090625 0.7739140625 0.666090625 0.77730625 0.668634375 0.7806968750000001 0.668634375 0.7874796875000001 0.6737203125 0.790871875 0.6737203125 0.7942625 0.6762640625 0.7976546875 0.6762640625 0.8010453125 0.6788078125 0.8044375 0.6788078125 0.8112203125 0.68389375 0.8146109375 0.68389375 0.818003125 0.6864375 0.82139375 0.6864375 0.8247859375000001 0.68898125 0.8281765625 0.68898125 0.8383499999999999 0.6966109375 0.8417421875000001 0.6966109375 0.8451328124999999 0.699153125 0.8485250000000001 0.699153125 0.8553078125000001 0.704240625 0.8586984375 0.704240625 0.86548125 0.7093265625 0.8722640625 0.7093265625 0.879046875 0.7144140625000001 0.8926125 0.7144140625000001 0.8943078124999999 0.7131421875 0.8993953125 0.7093265625 0.9095703125 0.7093265625 0.9129609375 0.706784375 0.916353125 0.706784375 0.91974375 0.704240625 0.9231359375 0.704240625 0.92991875 0.699153125 0.933309375 0.699153125 0.9350046875 0.6978828125 0.9350046875 0.6953390625 0.9383968749999999 0.6927953125 0.9383968749999999 0.6902515625000001 0.9451796874999999 0.685165625 0.9451796874999999 0.6826218749999999
17 0.8196984374999999 0.77418125 0.81630625 0.776725 0.81630625 0.7792671875 0.818003125 0.7805390625 0.82139375 0.7805390625 0.8281765625 0.7856265625 0.83156875 0.7856265625 0.8349593750000001 0.78816875 0.8417421875000001 0.78816875 0.8434375 0.7868968749999999 0.8536125 0.7792671875 0.8536125 0.7665515625 0.8502203125 0.7640078124999999 0.8502203125 0.7614640625 0.8417421875000001 0.75510625 0.8383499999999999 0.75510625 0.8349593750000001 0.7525625 0.8281765625 0.7525625 0.82648125 0.7538343750000001 0.82648125 0.756378125 0.8230890625 0.758921875 0.8230890625 0.7640078124999999 0.8196984374999999 0.7665515625 0.8196984374999999 0.77418125