6 0.3174734375 0 0.16204687499999998 0.060125 0.0318984375 0.11296406249999999 0.05014375 0.2988109375 0.086728125 0.358234375 0.15961406250000001 0.49376718750000004 0.19983125 0.5890625 0.41875 0.5890625 0.41875 0 0.3174734375 0
3 0.294590625 0.3065484375 0.295659375 0.2249015625 0.27534375 0.15286093750000002 0.251821875 0.15286093750000002 0.1748375 0.21689843749999999 0.1641453125 0.24251406250000002 0.096784375 0.3305625 0.09036875 0.3497734375 0.0946453125 0.4394265625 0.1769765625 0.5210734375 0.2218828125 0.51466875 0.2539609375 0.549890625 0.295659375 0.5578937500000001 0.30100625000000003 0.5082640625 0.3865453125 0.5082640625 0.4015140625 0.5050625 0.4100671875 0.4858515625 0.41875 0.487296875 0.41875 0.15314531250000002 0.363021875 0.178475 0.34056875 0.2249015625 0.3106296875 0.260121875 0.3127671875 0.2921421875 0.305284375 0.28733906249999996 0.294590625 0.3065484375
6 0.72000625 0 0.710525 0.0063046875 0.710525 0.0261734375 0.7254625 0.0290109375 0.7222625 0.0502984375 0.6945203125 0.047459375 0.671046875 0.067328125 0.6603765625 0.055975 0.6475734375 0.08435781249999999 0.617696875 0.0985484375 0.5824874999999999 0.136865625 0.5824874999999999 0.159571875 0.6059609375 0.19079375 0.6059609375 0.22485312500000001 0.6283671875 0.26033125 0.6603765625 0.27452343749999997 0.7350656250000001 0.2773609375 0.7564062500000001 0.294390625 0.7702765625 0.292971875 0.8438984375 0.25181718750000004 0.859903125 0.23052968749999997 0.8652374999999999 0.1950515625 0.89938125 0.200728125 0.90685 0.1510578125 0.89618125 0.1311890625 0.91431875 0.112740625 0.9132515625 0.1851171875 0.96766875 0.2291109375 1 0.236525 1 0 0.72000625 0
21 0.7489359375 0.122675 0.7564062500000001 0.138284375 0.7702765625 0.1397046875 0.7852140624999999 0.122675 0.7852140624999999 0.09712968749999999 0.7734765625 0.07868125000000001 0.7564062500000001 0.07868125000000001 0.746803125 0.0942921875 0.7489359375 0.122675
3 0.9069234375 0 0.874840625 0.0403640625 0.87270625 0.05739375 0.9079171875000001 0.1070640625 0.928190625 0.1084828125 0.9644671875 0.065909375 0.9666015625 0.046040625 0.962334375 0.0290109375 0.938625 0 0.9069234375 0
13 0.8641703125 0.19363125 0.8503000000000001 0.1666671875 0.799084375 0.138284375 0.7777453125 0.13544687500000002 0.7681421875 0.14821875 0.7617406250000001 0.1879546875 0.7190609375 0.23904375 0.7265296875 0.271684375 0.763875 0.29580937500000004 0.80121875 0.2830375 0.85776875 0.23620625 0.8641703125 0.19363125
21 0.6208984375 0.227690625 0.6379703125 0.2106609375 0.6550421875 0.1737640625 0.63476875 0.14679999999999999 0.6208984375 0.156734375 0.6038265625 0.204984375 0.6059609375 0.2191765625 0.6208984375 0.227690625
3 0.705190625 0.08435781249999999 0.7062578125 0.0744234375 0.690253125 0.058812500000000004 0.6795828125 0.0616515625 0.663578125 0.09996875 0.7265296875 0.1666671875 0.7339984375 0.1652484375 0.746803125 0.14538125 0.7382671875 0.114159375 0.7137265625 0.08435781249999999 0.705190625 0.08435781249999999
13 0.770203125 0 0.799084375 0.0134 0.8097546875000001 0.044621875 0.825759375 0.046040625 0.8759078125 0.03610625 0.8995515624999999 0 0.770203125 0
3 0.73130625 0 0.7275968749999999 0.01198125 0.7275968749999999 0.065909375 0.7553390624999999 0.0772625 0.7809468749999999 0.065909375 0.791615625 0.020496875 0.791615625 0.00914375 0.7805109375 0 0.73130625 0
3 1 0.0227296875 0.9644671875 0.03185 0.97086875 0.0715859375 0.9815390624999999 0.08293906250000001 1 0.071384375 1 0.0227296875
3 1 0.17438437499999998 0.9826062500000001 0.160990625 0.9612671875000001 0.16950625 0.9495296874999999 0.19079375 0.9537984375 0.2163375 0.9783390624999999 0.2319484375 1 0.2333203125 1 0.17438437499999998
3 0.844965625 0.11132187499999999 0.81615625 0.090034375 0.8054874999999999 0.09571093750000001 0.8150890625 0.1425421875 0.8406968750000001 0.14821875 0.8471 0.1425421875 0.844965625 0.11132187499999999
3 0.6454390625 0.08435781249999999 0.6155640625000001 0.0985484375 0.5824874999999999 0.134028125 0.57821875 0.159571875 0.6016921875000001 0.170925 0.6422375 0.136865625 0.6454390625 0.08435781249999999
3 0.7009218749999999 0.138284375 0.6742484375 0.1879546875 0.7233296874999999 0.2191765625 0.7382671875 0.182278125 0.7009218749999999 0.138284375
22 0.059871875 1 0.0808828125 0.9684421875 0.0980015625 0.8762000000000001 0.0894421875 0.8851281249999999 0.07874375 0.807765625 0.1086984375 0.7274265625 0.0873015625 0.6530421875 0.0947234375 0.5890625 0 0.5890625 0 1 0.059871875 1
26 0.060224999999999994 1 0.060557812499999995 0.999684375 0.0915828125 0.9267859375 0.07446562500000001 0.8107421875 0.1086984375 0.7274265625 0.0873015625 0.6530421875 0.0947234375 0.5890625 0 0.5890625 0 1 0.060224999999999994 1
11 0.062103125 1 0.07874375 0.9714140625000001 0.0980015625 0.8970265625 0.0766046875 0.813715625 0.1086984375 0.7304015625 0.0873015625 0.6530421875 0.0979203125 0.5890625 0 0.5890625 0 1 0.062103125 1
6 1 0.8631421874999999 0.9691609375000001 0.8357281249999999 0.8283359375 0.8527984375000001 0.7856640625 0.814390625 0.6960515625 0.7866515625 0.6757828124999999 0.830390625 0.6363078125 0.8591984374999999 0.5765671875 0.8335921875000001 0.5253578125 0.76745 0.4698828125 0.76745 0.44214374999999995 0.7375796875 0.41875 0.7356296875 0.41875 1 1 1 1 0.8631421874999999
22 0.868878125 0.86773125 0.8656765625 0.8517312499999999 0.7451265625 0.86773125 0.7227234375 0.915740625 0.74619375 0.9370765625 0.868878125 0.86773125
22 1 0.8546421875 0.9990296875 0.8527984375000001 0.9542234374999999 0.8335921875000001 0.760059375 0.8613328125 0.733390625 0.8794671875000001 0.7227234375 0.9178750000000001 0.7429921875 0.9658828125 0.8411390624999999 0.9722828124999999 0.9114968749999999 1 1 1 1 0.8546421875
22 0.41875 0.8934093750000001 0.41875 0.9754390624999999 0.4954875 0.970146875 0.6053703125000001 0.9904171875 0.61176875 0.975484375 0.5658953125 0.93814375 0.46135000000000004 0.8954718749999999 0.41875 0.8934093750000001