6 0 0 0 0.5296875 0.46875 0.5296875 0.46875 0 0 0
6 0 0 0 0.5296875 0.46875 0.5296875 0.46875 0 0 0
6 0.46875 0 0.46875 0.5296875 1 0.5296875 1 0 0.8408765624999999 0 0.8525609375000001 0.068425 0.8485953125 0.0986609375 0.8010140625 0.1022890625 0.8049781250000001 0.0672140625 0.80431875 0.0012984375 0.8027124999999999 0 0.46875 0
16 0.6403671875 0 0.6196531249999999 0.2527359375 0.63015625 0.28349375 0.6585171875 0.323865625 0.7499015625000001 0.360390625 0.7803625000000001 0.3277109375 0.789815625 0.2911828125 0.74515625 0 0.6403671875 0
16 0.7469609375 0 0.76460625 0.122009375 0.7772109375 0.1527703125 0.7793125 0.13354375000000002 0.8003218750000001 0.10278593750000001 0.804521875 0.002821875 0.8017953125 0 0.7469609375 0
12 0.817128125 0.2065984375 0.8591421875 0.1681484375 0.8591421875 0.13739062500000002 0.8454875 0.100865625 0.8097749999999999 0.100865625 0.7793125 0.13354375000000002 0.7835140625 0.1950640625 0.7971703125 0.20851875 0.817128125 0.2065984375
14 0.8426578125 0 0.87805 0.183528125 0.8612437500000001 0.2065984375 0.8591421875 0.23735625 0.87805 0.33347812499999996 0.8906546875 0.3527015625 0.8906546875 0.421909375 1 0.4587734375 1 0 0.8426578125 0
6 0.0941359375 0.7117890625000001 0.2114078125 0.7054515625 0.21245625 0.7387125 0.24701093749999997 0.7719734375 0.3224 0.7561375 0.35590781250000003 0.71495625 0.41245000000000004 0.689615625 0.450146875 0.7688046875000001 0.46875 0.7789828125 0.46875 0.5296875 0.10021875 0.5296875 0.13497187500000002 0.5708265625 0.115078125 0.578746875 0.0951828125 0.615175 0.08680625 0.66585625 0.0941359375 0.7117890625000001
13 0.2930828125 0.540734375 0.29936406249999997 0.5312296875 0.305646875 0.5375656249999999 0.31383125 0.5296875 0.101353125 0.5296875 0.14439375000000002 0.5629062499999999 0.1841859375 0.5819140625 0.19989218749999998 0.5803296875 0.24701093749999997 0.5375656249999999 0.278421875 0.534396875 0.2930828125 0.540734375
13 0.13497187500000002 0.7102046875 0.14439375000000002 0.7086203125 0.14963125 0.6975328125 0.14963125 0.6880328125 0.1475359375 0.6816953125 0.13497187500000002 0.66585625 0.1286890625 0.637346875 0.1213578125 0.626259375 0.10879375 0.6199265625 0.0951828125 0.637346875 0.0930890625 0.6595187499999999 0.0889 0.6721921875 0.0889 0.7007 0.0941359375 0.7086203125 0.10460624999999998 0.7086203125 0.10669999999999999 0.7117890625000001 0.13497187500000002 0.7102046875
13 0.1485828125 0.673775 0.1548671875 0.6769437500000001 0.162196875 0.675359375 0.1820921875 0.661103125 0.18628125 0.661103125 0.19465625 0.6516031250000001 0.19884375 0.6516031250000001 0.206175 0.637346875 0.2019859375 0.6183421874999999 0.1915140625 0.5961671875000001 0.179996875 0.5819140625 0.16952499999999998 0.575578125 0.15905625 0.5819140625 0.1402078125 0.5850828124999999 0.13078281249999998 0.6025031249999999 0.13078281249999998 0.640515625 0.13497187500000002 0.65001875 0.13497187500000002 0.6595187499999999 0.1485828125 0.673775
13 0.2103609375 0.599334375 0.21664374999999997 0.6088390625 0.2187390625 0.6183421874999999 0.22711718749999998 0.6183421874999999 0.23444375 0.6104234374999999 0.25329375 0.613590625 0.2553859375 0.616759375 0.2826109375 0.616759375 0.28889375 0.613590625 0.3046 0.5929984375 0.3087890625 0.5771625 0.3087890625 0.564490625 0.2930828125 0.5470703125 0.27423593749999997 0.5375656249999999 0.25748125 0.5375656249999999 0.2553859375 0.540734375 0.23444375 0.5470703125 0.22816406250000001 0.55340625 0.20826875 0.5866671875 0.2103609375 0.599334375
13 0.422921875 0.55340625 0.41454375 0.5470703125 0.393603125 0.5502374999999999 0.3894140625 0.5439015625 0.38836875000000004 0.551821875 0.39465 0.558153125 0.39674375 0.57399375 0.39465 0.5866671875 0.377896875 0.6183421874999999 0.377896875 0.637346875 0.38627500000000003 0.6563515625 0.38418125000000003 0.6595187499999999 0.40198124999999996 0.6864484375 0.4155921875 0.6911953125 0.450146875 0.7688046875000001 0.46875 0.7800625 0.46875 0.59738125 0.4627109375 0.58825 0.45433593749999995 0.5819140625 0.42920625 0.5850828124999999 0.4281578125 0.5803296875 0.438628125 0.5708265625 0.422921875 0.55340625
13 0.32658906249999997 0.6452671875 0.3370609375 0.6516031250000001 0.34753124999999996 0.6642718750000001 0.37999218749999997 0.6626875 0.3820859375 0.6531875 0.375803125 0.6341796875 0.3716140625 0.6278421875 0.367425 0.6120062500000001 0.3642859375 0.6104234374999999 0.35590781250000003 0.5945828125 0.34753124999999996 0.5945828125 0.33287187500000004 0.5850828124999999 0.3224 0.5660734374999999 0.3182140625 0.5660734374999999 0.3108828125 0.5771625 0.30669375 0.5929984375 0.29831875 0.6088390625 0.303553125 0.6199265625 0.31611875 0.626259375 0.32658906249999997 0.6452671875
13 0.3203078125 0.5629062499999999 0.3349671875 0.5850828124999999 0.34334375 0.5914140625 0.35800312500000003 0.5945828125 0.3705671875 0.6104234374999999 0.375803125 0.6088390625 0.3894140625 0.59775 0.39674375 0.5866671875 0.39674375 0.548653125 0.3894140625 0.5375656249999999 0.3789984375 0.5296875 0.3244390625 0.5296875 0.3182140625 0.534396875 0.31193125 0.534396875 0.3087890625 0.53915 0.3087890625 0.558153125 0.31193125 0.5629062499999999 0.3203078125 0.5629062499999999
13 0.26166875 0.6642718750000001 0.270046875 0.6642718750000001 0.2868 0.673775 0.29517812499999996 0.673775 0.30774218750000004 0.6801125 0.32135625 0.6785281249999999 0.340203125 0.6626875 0.3182140625 0.6294265625000001 0.3098359375 0.623090625 0.303553125 0.623090625 0.3014578125 0.6199265625 0.278421875 0.6199265625 0.27633125000000003 0.616759375 0.2512 0.616759375 0.24910625 0.613590625 0.23235 0.613590625 0.2292109375 0.6183421874999999 0.2354921875 0.637346875 0.2375859375 0.6563515625 0.24701093749999997 0.6706078125 0.2553859375 0.6706078125 0.26166875 0.6642718750000001
13 0.27737500000000004 0.7577171875000001 0.3203078125 0.7561375 0.32658906249999997 0.75296875 0.3381078125 0.7387125 0.3360140625 0.7228765625 0.32449374999999997 0.699115625 0.30774218750000004 0.6832796875 0.29517812499999996 0.6832796875 0.2826109375 0.6927796875000001 0.2658578125 0.699115625 0.259575 0.7054515625 0.2564328125 0.713371875 0.2564328125 0.7323765625 0.2627171875 0.7418812499999999 0.2658578125 0.7561375 0.270046875 0.7593015624999999 0.27737500000000004 0.7577171875000001
13 0.32658906249999997 0.75296875 0.3360140625 0.7450484375 0.3381078125 0.7323765625 0.32763593750000003 0.70386875 0.30774218750000004 0.6832796875 0.2930828125 0.6832796875 0.26166875 0.702284375 0.22188124999999997 0.7054515625 0.2187390625 0.7102046875 0.2187390625 0.7292078125 0.222928125 0.751384375 0.23444375 0.7719734375 0.2480578125 0.7703890624999999 0.26166875 0.7593015624999999 0.32658906249999997 0.75296875
13 0.4449109375 0.551821875 0.44281718750000004 0.5328140625 0.44075 0.5296875 0.37953749999999997 0.5296875 0.387321875 0.534396875 0.3977921875 0.5470703125 0.41454375 0.5470703125 0.43548593750000003 0.5660734374999999 0.44072187500000004 0.564490625 0.4449109375 0.551821875
6 1 0.5296875 0.46875 0.5296875 0.46875 0.8972359375 0.6416296874999999 0.9513453125 0.8573296875 0.9991703125000001 0.8688171875 1 0.974240625 1 1 0.991821875 1 0.6649171875000001 0.9986875 0.66300625 1 0.6628703125000001 1 0.5296875
16 0.71589375 0.6036140624999999 0.7229875 0.580465625 0.7351515625 0.553234375 0.7341765625 0.5296875 0.46875 0.5296875 0.46875 0.5980515625 0.4837734375 0.609059375 0.5983125 0.61450625 0.6662265625 0.6335703125000001 0.7128515625 0.6199546875 0.71589375 0.6036140624999999
14 1 0.6807562500000001 0.9955453125 0.6897296875000001 0.98716875 0.6616 0.9808875 0.6756624999999999 0.9431906250000001 0.6700406250000001 0.7819406250000001 0.594084375 0.756809375 0.5997125 0.6657124999999999 0.7755296875 0.6615234375 0.803659375 0.6719937500000001 0.8374171875 0.8782703125 0.9513453125 1 0.9946718750000001 1 0.6807562500000001
17 0.6510515625 0.6376890625 0.5997453125 0.5997125 0.547390625 0.6053390624999999 0.5358734375 0.620809375 0.558909375 0.6573796875 0.5212125000000001 0.7389578125 0.57356875 0.772715625 0.59136875 0.7684953125 0.610215625 0.731928125 0.6437234375 0.731928125 0.655240625 0.6770703124999999 0.6510515625 0.6376890625