6 0.447265625 0.500046875 0.45507968749999994 0.45419687499999994 0.43359531249999994 0.4312703125 0.44140468750000006 0.41980625 0.4248046875 0.3925875 0.42089687500000006 0.40118124999999993 0.3994125 0.361065625 0.3837890625 0.361065625 0.341796875 0.422675 0.3740234375 0.40118124999999993 0.3759765625 0.3811234375 0.3974609375 0.3811234375 0.3984375 0.3997484375 0.42578125 0.42840468749999994 0.42187343750000006 0.43986875000000003 0.4375 0.44273281249999996 0.4384765625 0.4842859375 0.43066250000000006 0.45849375 0.42187343750000006 0.4627921875 0.42382968749999994 0.52296875 0.435546875 0.514375 0.4345703125 0.4957453125 0.447265625 0.500046875
6 0.5791031249999999 0.5702515625 0.6607765624999999 0.5702515625 0.7095203125 0.566996875 0.7061968750000001 0.5718765625 0.7527296875 0.5865171874999999 0.8114453125000001 0.5881421875 0.7095203125 0.5019312499999999 0.6689453125 0.4699578125 0.685546875 0.4484640625 0.689453125 0.4169421875 0.6669921875 0.3811234375 0.6357421875 0.378259375 0.6171875 0.396884375 0.6142578125 0.4298375 0.5751953125 0.40404687499999997 0.5544234375 0.378309375 0.5101078125 0.3571625 0.47908906250000005 0.36041249999999997 0.45214687500000006 0.3954515625 0.4453125 0.41980625 0.4658203125 0.4556296875 0.5107421875 0.4785515625 0.53125 0.47425468750000005 0.5029296875 0.48715 0.4580078125 0.5415953124999999 0.44433749999999994 0.5215359375 0.4140625 0.554490625 0.44238125000000006 0.5673859375 0.4580078125 0.55019375 0.46288906250000006 0.5688187499999999 0.5419921875 0.5702515625 0.5673812500000001 0.5530578125 0.5791031249999999 0.5702515625
6 0.43261874999999994 0.43557187500000005 0.41113125000000006 0.43557187500000005 0.3886703125 0.46565625 0.408203125 0.551625 0.45507968749999994 0.514375 0.45312343750000006 0.4570625 0.43261874999999994 0.43557187500000005
6 0.3837890625 0.2836953125 0.3564453125 0.2664984375 0.3691390625 0.313784375 0.44140468750000006 0.4140765625 0.45117031250000006 0.38542031250000003 0.4375 0.35676406250000003 0.3837890625 0.2836953125
6 0.8574203125000001 0.1160578125 0.8232421875 0.1203546875 0.7822265625 0.088834375 0.7666031249999999 0.14327812499999998 0.7548812500000001 0.1060265625 0.7236312500000001 0.1203546875 0.6630874999999999 0.0573125 0.5869125000000001 0.126084375 0.5927734375 0.097428125 0.5283203125 0.0630421875 0.521484375 0.12751718750000002 0.5078125 0.1447109375 0.51171875 0.23354375 0.5234375 0.2421421875 0.5253890625000001 0.2736640625 0.5634765625 0.2922890625 0.6484375 0.29945625 0.8349609375 0.289425 0.8515625 0.2450078125 0.8574203125000001 0.1160578125
6 0.4248046875 0.89693125 0.4990234375 0.89693125 0.5361312500000001 0.8797375000000001 0.552734375 0.8381859374999999 0.5546875 0.7350234375 0.5351546875000001 0.697771875 0.541015625 0.6490546875 0.5234375 0.5888796875 0.49511874999999994 0.5845796875 0.4794921875 0.6075062499999999 0.4248046875 0.61896875 0.4189453125 0.63329375 0.4033203125 0.6075062499999999 0.3876953125 0.6075062499999999 0.3681625 0.6390265625 0.3466796875 0.63329375 0.34375 0.6662515625000001 0.3251953125 0.6734125 0.28613125 0.6361625 0.29296875 0.6805796875000001 0.259765625 0.726428125 0.283203125 0.8954984375 0.41308749999999994 0.89693125 0.4169921875 0.859675 0.4248046875 0.89693125
6 0.2539046875 0.6805796875000001 0.2148453125 0.5860109375 0.2539046875 0.583146875 0.2314453125 0.5444640625 0.2197265625 0.5530578125 0.1884765625 0.530134375 0.1689453125 0.5673859375 0.1425796875 0.5860109375 0.14453125 0.62613125 0.1328125 0.6633828125 0.1601546875 0.8238578125 0.2031234375 0.8954984375 0.2724609375 0.89693125 0.2773453125 0.8697062499999999 0.2539046875 0.6805796875000001
6 0.3134765625 0.4928796875 0.2998046875 0.490015625 0.2753890625 0.5115062499999999 0.28125 0.551625 0.2675796875 0.5860109375 0.2753890625 0.5917453125 0.3671875 0.583146875 0.32421875 0.5315671875 0.3134765625 0.4928796875
22 0.2001953125 0.6361625 0.2080078125 0.6590843750000001 0.2099609375 0.6418921875 0.220703125 0.640459375 0.2148453125 0.5917453125 0.2031234375 0.5888796875 0.2080078125 0.575984375 0.1865234375 0.5845796875 0.1865234375 0.5673859375 0.1748046875 0.5673859375 0.1523453125 0.5917453125 0.1552734375 0.64475625 0.16796875 0.640459375 0.1718734375 0.6204015625 0.1718734375 0.6662515625000001 0.1982421875 0.6676828125000001 0.19238125 0.6418921875 0.2001953125 0.6361625
22 0.5468734375000001 0.723559375 0.5253890625000001 0.6920390624999999 0.5390625 0.643325 0.5185546875 0.5845796875 0.49511874999999994 0.5845796875 0.48339687500000006 0.6075062499999999 0.4384765625 0.6161 0.42089687500000006 0.6361625 0.4033203125 0.6103703125 0.3857421875 0.6103703125 0.3525390625 0.676278125 0.31738125 0.676278125 0.297853125 0.647621875 0.29296875 0.6662515625000001 0.3046875 0.6748453125 0.26171875 0.726428125 0.2822265625 0.894065625 0.4072265625 0.894065625 0.4189453125 0.7880390625 0.42187343750000006 0.8869 0.43359531249999994 0.8954984375 0.5009765625 0.894065625 0.5371109374999999 0.8668421875 0.5468734375000001 0.723559375
22 0.2539046875 0.6805796875000001 0.20703125 0.5716828125 0.18261875 0.56165625 0.1787109375 0.5444640625 0.1523453125 0.5888796875 0.1328125 0.6633828125 0.1601546875 0.8238578125 0.2031234375 0.8954984375 0.2724609375 0.89693125 0.2773453125 0.8697062499999999 0.2539046875 0.6805796875000001
22 0.1845703125 0.66195 0.1806625 0.647621875 0.1767578125 0.66195 0.1748046875 0.6390265625 0.15625 0.6318609375 0.158203125 0.597475 0.1806625 0.5702515625 0.2529296875 0.593178125 0.235353125 0.547328125 0.1865234375 0.530134375 0.1669921875 0.5673859375 0.14453125 0.58028125 0.1425796875 0.6175328125 0.1630875 0.66195 0.177734375 0.669115625 0.19238125 0.6676828125000001 0.1933609375 0.6490546875 0.1845703125 0.66195
22 0.32421875 0.5315671875 0.3134765625 0.4928796875 0.2998046875 0.490015625 0.2753890625 0.514375 0.283203125 0.5487609375 0.26953125 0.5860109375 0.2753890625 0.5917453125 0.3466796875 0.5903125 0.36328125 0.5774171875 0.32421875 0.5315671875
12 0.3466796875 0.6734125 0.3017578125 0.6791421875 0.26171875 0.723559375 0.28125 0.8926296875 0.408203125 0.8897640625 0.41211093749999994 0.7894703125 0.3466796875 0.6734125
12 0.5449203125000001 0.7178296875 0.5107421875 0.6676828125000001 0.49511874999999994 0.6676828125000001 0.4716796875 0.70206875 0.45214687500000006 0.6848765625000001 0.435546875 0.7035015625 0.41992031250000006 0.7694093750000001 0.41796875 0.8381859374999999 0.42187343750000006 0.884034375 0.435546875 0.8954984375 0.5048812500000001 0.894065625 0.5351546875000001 0.872571875 0.5449203125000001 0.7178296875
12 0.47363125000000006 0.6934703125 0.4765625 0.6748453125 0.45703125 0.6519234375 0.4501953125 0.61896875 0.41308749999999994 0.6418921875 0.3935546875 0.6103703125 0.35546875 0.6805796875000001 0.4140625 0.7894703125 0.4375 0.694903125 0.4482421875 0.6820109375000001 0.47363125000000006 0.6934703125
12 0.5166031249999999 0.57885 0.49511874999999994 0.5817140625 0.4609375 0.628996875 0.458984375 0.6490546875 0.4814453125 0.6791421875 0.5068374999999999 0.66481875 0.5234375 0.68344375 0.5390625 0.6547875000000001 0.5273453124999999 0.594609375 0.5166031249999999 0.57885
12 0.2539046875 0.6805796875000001 0.2060546875 0.5731203125000001 0.1748046875 0.5673859375 0.154296875 0.5888796875 0.1328125 0.6633828125 0.158203125 0.8152593749999999 0.189453125 0.8869 0.2031234375 0.8954984375 0.2724609375 0.89693125 0.2773453125 0.872571875 0.2539046875 0.6805796875000001