6 0 0.409375 0.599325 0.409375 0.48215312499999996 0.1853546875 0.44768437499999997 0.2076046875 0.39352343749999996 0.2966078125 0.376290625 0.2001859375 0.2630421875 0.22614843750000002 0.2605796875 0.20389531249999998 0.2236515625 0.18906406250000002 0.1227125 0.19648125 0.0710125 0.215021875 0.0463921875 0.26694062500000004 0.03900625 0.2335640625 0 0.2335640625 0 0.409375
6 0.6989359375 0 0.67726875 0.025240625 0.64271875 0.031629687499999996 0.6291453125 0.06517031250000001 0.6316140625 0.090725 0.6118703125 0.1130859375 0.6155734374999999 0.1306546875 0.6624625 0.1402375 0.721690625 0.17218125 0.7611765625 0.18495937499999998 0.808065625 0.18495937499999998 0.8130000000000001 0.20093125 0.9524343749999999 0.24405468749999998 1 0.170171875 1 0 0.7376828125 0 0.7414328125 0.0284359375 0.72909375 0.0284359375 0.721690625 0.006075 0.709175 0 0.6989359375 0
13 0.7574734375000001 0.042809375 0.7439015625 0.031629687499999996 0.6723328125 0.022046875 0.6402515625 0.0348234375 0.626678125 0.068365625 0.6316140625 0.090725 0.6451875 0.092321875 0.6649296875 0.12107187500000001 0.6982453125 0.12586406249999998 0.7241578125 0.12107187500000001 0.75500625 0.0971140625 0.7574734375000001 0.042809375
13 0.99091875 0 0.9474984375 0.052393749999999996 1 0.09618750000000001 1 0 0.99091875 0
13 0.9376265625 0.1098921875 0.9425625 0.090725 0.9289890625 0.0667671875 0.891971875 0.06996250000000001 0.8858015625 0.0779484375 0.8895031250000001 0.092321875 0.9141828125 0.11148906249999999 0.9376265625 0.1098921875
12 0.8623578125 0.12107187500000001 0.8549546875 0.12107187500000001 0.8438484374999999 0.170584375 0.8598890625 0.18495937499999998 0.87593125 0.1833625 0.8808671875 0.15141875 0.8623578125 0.12107187500000001
18 0.8068312499999999 0.0939203125 0.857421875 0.0667671875 0.8561875000000001 0.039615625 0.84755 0.0348234375 0.79819375 0.0667671875 0.78955625 0.0843359375 0.79819375 0.0955171875 0.8068312499999999 0.0939203125
16 0.745134375 0.15780624999999998 0.7426671875 0.173778125 0.7747484375 0.18655625 0.7944921875000001 0.170584375 0.7969593749999999 0.1482234375 0.7636437500000001 0.10190625 0.7401984374999999 0.12266875 0.7377312500000001 0.13864062500000002 0.745134375 0.15780624999999998
13 0.8770671875 0 0.8660593750000001 0.007671875 0.88456875 0.0476015625 0.91665 0.038018750000000004 0.9302234374999999 0.0460046875 0.9376265625 0.039615625 0.9351593749999999 0.017254687499999997 0.926521875 0.006075 0.9018437499999999 0.009268750000000001 0.887521875 0 0.8770671875 0
13 1 0.15129062499999998 0.9993234375 0.1482234375 0.9635390625 0.0955171875 0.943796875 0.1051 0.93639375 0.0987109375 0.91665 0.11148906249999999 0.891971875 0.092321875 0.8870359375 0.07315625 0.8426140625 0.1434328125 0.8315093750000001 0.1418359375 0.8290421875 0.1801671875 0.8142343750000001 0.1769734375 0.8142343750000001 0.18655625 0.8290421875 0.1961390625 0.8253406249999999 0.20093125 0.8623578125 0.220096875 0.9549015624999999 0.24405468749999998 1 0.1769234375 1 0.15129062499999998
13 0.9623046875 0.068365625 0.93639375 0.0444078125 0.924053125 0.0507953125 0.9228203125000001 0.05878124999999999 0.9499656249999999 0.0971140625 0.9598375000000001 0.08753125 0.9623046875 0.068365625
6 0.6 0.635478125 0.6 0.409375 0.146203125 0.409375 0.2022 0.572021875 0.21953125 0.576415625 0.2220078125 0.642334375 0.3953125 0.6511234375 0.6 0.635478125
12 0.3420828125 0.6489265625 0.3495109375 0.657715625 0.387884375 0.6555171875 0.402740625 0.646728125 0.3953125 0.536865625 0.3693171875 0.5083015625 0.33465625 0.49072343749999997 0.325990625 0.4753421875 0.32351406250000003 0.4182125 0.321190625 0.409375 0.27647499999999997 0.409375 0.27647499999999997 0.4929203125 0.22076875 0.5478515625 0.21457968749999998 0.5676265625 0.21953125 0.642334375 0.2455265625 0.6533203125 0.3420828125 0.6489265625
12 0.4274984375 0.6511234375 0.48815468749999996 0.6489265625 0.4955828125 0.64453125 0.4992953125 0.62915 0.494440625 0.409375 0.3738625 0.409375 0.365603125 0.4753421875 0.365603125 0.501709375 0.3915984375 0.5258796875 0.40026406249999996 0.5456546875 0.405215625 0.6511234375 0.4274984375 0.6511234375
16 0.5054859375 0.6401375 0.5166265625 0.6379390625 0.5450984375 0.6313484375 0.5896625 0.6313484375 0.5933765625 0.62475625 0.5933765625 0.59399375 0.598328125 0.576415625 0.598328125 0.4929203125 0.588425 0.466553125 0.5859484375 0.4182125 0.5772828125 0.41162187499999997 0.5763796875 0.409375 0.5265484375 0.409375 0.5265296875 0.4094234375 0.5290046875 0.431396875 0.5054859375 0.44677812499999997 0.501771875 0.4577640625 0.501771875 0.6335453125 0.5054859375 0.6401375
6 1 0.409375 0.8172078125000001 0.409375 0.8172078125000001 0.4121890625 0.8139265625000001 0.41464999999999996 0.8139265625000001 0.41957187500000004 0.8106453124999999 0.4220328125 0.8106453124999999 0.42449375 0.8073625 0.4269546875 0.8073625 0.43433593750000005 0.80408125 0.43679687500000003 0.80408125 0.44171875 0.8073625 0.4441796875 0.8073625 0.446640625 0.8172078125000001 0.45402343749999996 0.8172078125000001 0.4638671875 0.8204890625000001 0.466328125 0.8204890625000001 0.4761703125 0.8172078125000001 0.47863125 0.8172078125000001 0.49093593750000003 0.8106453124999999 0.4958578125 0.8106453124999999 0.510621875 0.8122859375000001 0.511853125 0.8139265625000001 0.510621875 0.8139265625000001 0.5057015625 0.8188484375 0.502009375 0.8204890625000001 0.503240625 0.8204890625000001 0.5057015625 0.823771875 0.5081609375 0.823771875 0.510621875 0.82869375 0.5143140625 0.845103125 0.5143140625 0.848384375 0.516775 0.8549468750000001 0.516775 0.8582296875000001 0.5143140625 0.8746375000000001 0.5143140625 0.876278125 0.51554375 0.876278125 0.5278484375 0.8729968749999999 0.5303093750000001 0.876278125 0.5327703125000001 0.876278125 0.53523125 0.8795609375 0.5376921875 0.8795609375 0.5598390625 0.876278125 0.5623 0.876278125 0.567221875 0.8746375000000001 0.5684515625000001 0.87135625 0.5684515625000001 0.8647921875 0.5733734375 0.8615109375 0.5733734375 0.8533062499999999 0.5795250000000001 0.8533062499999999 0.5869078125 0.8500249999999999 0.58936875 0.8533062499999999 0.5918296875 0.8533062499999999 0.594290625 0.8565890625 0.5967515624999999 0.8565890625 0.6016734375 0.8598703125 0.604134375 0.8598703125 0.6115171875 0.8615109375 0.612746875 0.9008906250000001 0.612746875 0.9058140625 0.6164375 0.9058140625 0.6312031250000001 0.9090953125000001 0.6336640625000001 0.9090953125000001 0.6558109375 0.9107359374999999 0.6570421875 0.912378125 0.6558109375 0.912378125 0.65335 0.91401875 0.6521203125 0.9173 0.6521203125 0.918940625 0.65335 0.918940625 0.6558109375 0.915659375 0.658271875 0.915659375 0.6607328125 0.9074546874999999 0.6668859375 0.9041734375000001 0.6668859375 0.897609375 0.67180625 0.8812015625 0.67180625 0.876278125 0.668115625 0.876278125 0.66319375 0.8795609375 0.6607328125 0.8795609375 0.658271875 0.8828421875 0.6558109375 0.8828421875 0.65335 0.876278125 0.6484296875 0.876278125 0.6336640625000001 0.8746375000000001 0.6324328125 0.87135625 0.6324328125 0.8664328125 0.636125 0.8664328125 0.641046875 0.8697156250000001 0.6435078125 0.8697156250000001 0.64596875 0.8729968749999999 0.6484296875 0.8680749999999999 0.6521203125 0.8582296875000001 0.6521203125 0.8565890625 0.65335 0.8565890625 0.6705765625 0.8582296875000001 0.67180625 0.8746375000000001 0.67180625 0.876278125 0.6730375000000001 0.876278125 0.6804203125 0.8729968749999999 0.68288125 0.8729968749999999 0.6853421875000001 0.8664328125 0.6902625 0.8664328125 0.7001062499999999 0.8697156250000001 0.7025671874999999 0.8697156250000001 0.705028125 0.8729968749999999 0.7074890625 0.8729968749999999 0.7124109375 0.876278125 0.7148718749999999 0.876278125 0.727175 0.87135625 0.7308671875 0.8680749999999999 0.7308671875 0.8647921875 0.733328125 0.8615109375 0.733328125 0.8598703125 0.7345578125000001 0.8598703125 0.7444015625 0.8631515625 0.7468625 0.8631515625 0.7493234375 0.8680749999999999 0.7530140624999999 0.87135625 0.7530140624999999 0.8729968749999999 0.7542453124999999 0.8729968749999999 0.7567062499999999 0.8746375000000001 0.7579359375 0.8779187500000001 0.7579359375 0.8812015625 0.760396875 0.9008906250000001 0.760396875 0.91401875 0.7505531249999999 0.9173 0.7505531249999999 0.92058125 0.7530140624999999 0.9304265624999999 0.7530140624999999 0.9337078125 0.7505531249999999 0.940271875 0.7505531249999999 0.943553125 0.7480921875 0.9599624999999999 0.7480921875 0.9665250000000001 0.7530140624999999 0.9730890625 0.7530140624999999 0.9747296875 0.7542453124999999 0.9747296875 0.7567062499999999 0.9763703125 0.7579359375 0.9796515625 0.7579359375 0.9812937500000001 0.759165625 0.9812937500000001 0.7714703125 0.9780109375 0.77393125 0.9780109375 0.7763921875 0.9747296875 0.778853125 0.9747296875 0.7813140625 0.9714484375 0.783775 0.9714484375 0.7862359375 0.9681656249999999 0.7886968750000001 0.9681656249999999 0.7911578125000001 0.9648843749999999 0.79361875 0.9648843749999999 0.7985390625 0.9616031250000001 0.8009999999999999 0.9616031250000001 0.8231484375000001 0.9599624999999999 0.824378125 0.9566796875 0.824378125 0.93535 0.8403734375 0.93535 0.842834375 0.9337078125 0.844065625 0.9304265624999999 0.844065625 0.9287859375 0.8452953125 0.9287859375 0.84775625 0.918940625 0.8551390624999999 0.918940625 0.8649828125000001 0.92058125 0.8662124999999999 0.9271453125000001 0.8662124999999999 0.9304265624999999 0.8637515625000001 0.943553125 0.8637515625000001 0.9451937499999999 0.8649828125000001 0.9451937499999999 0.8699031250000001 0.9419124999999999 0.8723640625 0.9451937499999999 0.8748250000000001 0.9451937499999999 0.8772859375 0.943553125 0.8785171875 0.940271875 0.8785171875 0.936990625 0.8760562500000001 0.9320671875000001 0.879746875 0.9320671875000001 0.9068156249999999 0.9304265624999999 0.9080468749999999 0.897609375 0.9080468749999999 0.8894046875000001 0.9141984375 0.8894046875000001 0.9240421874999999 0.8926875000000001 0.926503125 0.8926875000000001 0.9289640625000001 0.9041734375000001 0.9375765625 0.9058140625 0.9363468749999999 0.9058140625 0.9338859375 0.9090953125000001 0.931425 0.9090953125000001 0.9289640625000001 0.9107359374999999 0.9277328125000001 0.9304265624999999 0.9277328125000001 0.9320671875000001 0.926503125 0.9320671875000001 0.92158125 0.9337078125 0.9203515624999999 0.93863125 0.9240421874999999 0.9320671875000001 0.9289640625000001 0.9320671875000001 0.9363468749999999 0.9287859375 0.9388078125 0.9320671875000001 0.9412671874999999 0.9320671875000001 0.943728125 0.9238640625000001 0.94988125 0.92058125 0.94988125 0.9173 0.9474203125 0.9107359374999999 0.9474203125 0.9058140625 0.9511109375 0.9090953125000001 0.953571875 0.9090953125000001 0.9560328124999999 0.9058140625 0.95849375 0.9058140625 0.9609546874999999 0.9041734375000001 0.962184375 0.9008906250000001 0.962184375 0.89596875 0.9658765624999999 0.89925 0.9683375 0.89925 0.9707984375 0.9090953125000001 0.9781796875 0.9090953125000001 0.9831015624999999 0.912378125 0.9855625 0.912378125 0.9880234375000001 0.915659375 0.990484375 0.915659375 0.9929453125000001 0.918940625 0.9954062499999999 0.918940625 1 1 1 1 0.409375
8 1 0.5364609375 0.9960609375 0.5364609375 0.9911375 0.540153125 0.9911375 0.5426124999999999 0.9845750000000001 0.547534375 0.9845750000000001 0.5549171875 0.9812937500000001 0.557378125 0.9812937500000001 0.5598390625 0.9780109375 0.5623 0.9780109375 0.567221875 0.9714484375 0.5721437500000001 0.9714484375 0.577065625 0.9648843749999999 0.5819859375 0.9648843749999999 0.5869078125 0.9616031250000001 0.58936875 0.9616031250000001 0.5992124999999999 0.958321875 0.6016734375 0.958321875 0.6164375 0.9550390625 0.6188984375000001 0.9550390625 0.6287421875 0.9517578125 0.6312031250000001 0.9517578125 0.6607328125 0.9550390625 0.66319375 0.9550390625 0.6656546875 0.958321875 0.668115625 0.958321875 0.6705765625 0.9616031250000001 0.6730375000000001 0.9616031250000001 0.6754984375 0.9665250000000001 0.6791890625 0.9698078125 0.6791890625 0.9763703125 0.6841109375000001 0.9796515625 0.6841109375000001 0.9829343749999999 0.686571875 0.986215625 0.686571875 0.9927796875 0.69149375 0.9960609375 0.69149375 0.9993421874999999 0.6939546875 1 0.6939546875 1 0.5364609375