3 0 0 0 0.359375 0.4390625 0.359375 0.4390625 0 0 0
9 0.14075312499999998 0 0.12064062499999999 0.04721875 0.0651015625 0.09085937499999999 0.0393125 0.1721875 0.060140625 0.1493796875 0.07204374999999999 0.16524531250000002 0.13849687500000002 0.0749921875 0.16031718749999999 0.0055625 0.163446875 0 0.14075312499999998 0
6 1 0.1538546875 0.9995749999999999 0.1535984375 0.9176765625 0.131775 0.8569140624999999 0.147646875 0.8146421875 0.147646875 0.76180625 0.1655046875 0.7380296875 0.1575671875 0.6666984375 0.1575671875 0.6614171875 0.1694703125 0.6244296874999999 0.16748593750000002 0.5663078125000001 0.179390625 0.555740625 0.1655046875 0.53856875 0.16649375 0.5583828125 0.1615359375 0.5002609375 0.1575671875 0.4963 0.1426875 0.45799218750000004 0.125821875 0.4390625 0.130003125 0.4390625 0.359375 1 0.359375 1 0.1538546875
21 0.504225 0.3331515625 0.5266796874999999 0.3440625 0.590084375 0.350015625 0.6138609374999999 0.3420796875 0.6323562500000001 0.35795 0.6524593750000001 0.359375 0.731559375 0.359375 0.7842609375 0.3529921875 0.78161875 0.30140781250000004 0.772375 0.29247968750000003 0.561025 0.27660625 0.5015828124999999 0.29743906249999996 0.504225 0.3331515625
13 1 0.156390625 0.9810796875 0.147646875 0.901825 0.131775 0.854271875 0.1496296875 0.7935078125 0.1535984375 0.7525578125 0.17443124999999998 0.7512375 0.187328125 0.7908671875 0.187328125 0.7987921874999999 0.20915 0.843703125 0.211134375 0.8648374999999999 0.250815625 1 0.25337343749999997 1 0.156390625
6 0.4390625 1 0.4390625 0.359375 0 0.359375 0 0.760678125 0.17957343750000002 1 0.4390625 1
22 0.4390625 1 0.4390625 0.359375 0 0.359375 0 0.7297875 0.1704671875 1 0.4390625 1
6 1 0.47559843749999997 0.9631578125000001 0.424875 0.9446656250000001 0.41495468750000003 0.93938125 0.3951140625 0.9169265624999999 0.37825000000000003 0.8588046874999999 0.3663453125 0.8472031250000001 0.359375 0.60350625 0.359375 0.59461875 0.3623796875 0.58561875 0.359375 0.497321875 0.359375 0.4942296875 0.3663453125 0.4572421875 0.3643609375 0.4390625 0.368084375 0.4390625 0.8130859375 0.44403125 0.812746875 0.449315625 0.781003125 0.4770546875 0.8732578125 0.52196875 0.9109562499999999 0.5404609375 0.9069875 0.5285703125000001 0.8940906249999999 0.6210375 0.8583796875 0.6685890624999999 0.812746875 0.6844421875 0.812746875 0.702934375 0.8345703125 0.747846875 0.8186984374999999 0.7623765625 0.8097703125000001 0.7769078125 0.7750515625000001 0.8588046874999999 0.8107625 0.91956875 0.8107625 0.99618125 0.7948906250000001 1 0.7909312500000001 1 0.47559843749999997
21 0.6051875 0.4893546875 0.4390625 0.476878125 0.4390625 0.5414953125 0.4466734375 0.5389546875 0.46516875 0.554825 0.5351765625 0.5597859374999999 0.6170734375 0.5498671875000001 0.61443125 0.4982828125 0.6051875 0.4893546875
13 0.5642375000000001 0.7046187500000001 0.5615953124999999 0.7323953125 0.6685890624999999 0.796875 0.7002921875 0.8345703125 0.7148234375 0.8335781250000001 0.7597343750000001 0.8117546875 0.7689812500000001 0.7671140624999999 0.8614468750000001 0.8107625 0.9116421875 0.8107625 0.9790078125000001 0.7978671875 0.960515625 0.742315625 0.93938125 0.7125546875000001 0.8852234375 0.6679140625 0.846915625 0.6589875000000001 0.84163125 0.6510515625 0.8495578125 0.6450984375 0.8152125 0.6272421875 0.800684375 0.5925234374999999 0.6368890625 0.6222828125000001 0.5959390625000001 0.65501875 0.5642375000000001 0.7046187500000001
13 0.5549890625 0.72941875 0.5127203125 0.7353703125 0.49951093750000003 0.7492578125 0.47045000000000003 0.7492578125 0.445353125 0.772075 0.46384687500000005 0.8137390625 0.46913125000000006 0.8573875 0.5074375 0.8921078124999999 0.5298921875 0.8970671875 0.6025453125 0.8683 0.6619875000000001 0.82564375 0.6540609374999999 0.7919140625 0.5549890625 0.72941875
13 0.69765 0.447690625 0.8548421875000001 0.45066562499999996 0.909 0.447690625 0.9486296875000001 0.4318171875 0.949946875 0.424875 0.9169265624999999 0.39213749999999997 0.8460328125000001 0.359375 0.6088234375 0.359375 0.5853703125 0.37130625 0.58405 0.384203125 0.6236796874999999 0.384203125 0.6316046875 0.40602499999999997 0.6765156250000001 0.40800937499999995 0.69765 0.447690625
13 0.9169265624999999 0.475465625 0.9129625000000001 0.4943140625 0.89446875 0.50225 0.9023953125 0.504234375 0.918246875 0.58359375 0.9274921875000001 0.5905390625 0.9790078125000001 0.593515625 0.997503125 0.5776421875 0.9842921875 0.5458984375 0.9816499999999999 0.48637968750000005 0.9724046875000001 0.479434375 0.9169265624999999 0.475465625
17 0.9446656250000001 0.6351796875 0.9525890625000001 0.617321875 0.893146875 0.56673125 0.8455953125000001 0.5885546875000001 0.8033265625 0.5687156250000001 0.7187875 0.5627625 0.7095390625 0.571690625 0.7372796875 0.5964890625 0.8033265625 0.5885546875000001 0.8138921874999999 0.6024421875 0.8403109375 0.6044265625 0.8178546875 0.617321875 0.82181875 0.62625 0.83766875 0.6143468750000001 0.8614468750000001 0.6123624999999999 0.8905078124999999 0.6341875 0.9446656250000001 0.6351796875
13 0.54178125 0.5726828125 0.5100796875 0.5627625 0.4546 0.560778125 0.4413921875 0.54490625 0.4390625 0.5456015625 0.4390625 0.6008625000000001 0.4413921875 0.6004578125 0.4744125 0.6133546875 0.47573437500000004 0.6421218750000001 0.52196875 0.6431140625 0.5642375000000001 0.599465625 0.54178125 0.5726828125