6 0.502875 0.38610781250000004 0.5104 0.3963875 0.4881078125 0.422115625 0.49462812500000003 0.4664921875 0.5075296875 0.46045781249999995 0.5060015625000001 0.4790671875 0.5175421874999999 0.4859578125 0.5212734375 0.42601093749999996 0.5125531249999999 0.422975 0.5039343749999999 0.4496390625 0.506134375 0.40829843749999994 0.5219437499999999 0.4032796875 0.518346875 0.3924578125 0.5467046875 0.3602296875 0.5482328125 0.34162499999999996 0.5698546875 0.33863125 0.5712328125 0.3582484375 0.603034375 0.375071875 0.5625796875 0.3198296875 0.54685625 0.32200625 0.524059375 0.36478125 0.5203781249999999 0.356803125 0.502875 0.38610781250000004
6 0.3286265625 0.4201453125 0.32664375 0.387875 0.30851562499999996 0.37199218749999996 0.27698125 0.3791875 0.253328125 0.41783593750000003 0.2563359375 0.44855 0.272415625 0.46755 0.23064374999999998 0.5049109374999999 0.1255453125 0.6046046875 0.18468281250000002 0.5948109374999999 0.231940625 0.5738078125 0.2287390625 0.5694312499999999 0.2776984375 0.565865625 0.35989375 0.5544828125000001 0.37219375 0.5357999999999999 0.397240625 0.5493109375 0.47689062499999996 0.5368671875000001 0.48234843749999995 0.5177171875 0.49757187500000005 0.5325875 0.5264484375 0.515853125 0.496946875 0.4873953125 0.4826 0.509190625 0.4389875 0.4614625 0.4108625 0.452621875 0.43137499999999995 0.454025 0.4772546875 0.42503437499999996 0.49894218749999997 0.386653125 0.49277812499999996 0.3634546875 0.4666890625 0.3324640625 0.43556875 0.3335625 0.39035156249999997 0.360709375 0.36869375 0.389125 0.3286265625 0.4201453125
6 0.489990625 0.424684375 0.4863453125 0.48179062500000003 0.5324296875 0.5121953125 0.5546031250000001 0.424225 0.53288125 0.39752187499999997 0.51125625 0.40051718750000004 0.489990625 0.424684375
6 0.5086515625 0.32305 0.4940546875 0.353371875 0.50304375 0.3804265625 0.57870625 0.2709015625 0.5928671875 0.22224218750000002 0.5648453124999999 0.24310625 0.5086515625 0.32305
6 0.0931 0.1428796875 0.09521874999999999 0.269934375 0.1106265625 0.311665625 0.298046875 0.2956171875 0.383759375 0.276671875 0.422634375 0.25289375000000003 0.4255234375 0.22136406250000001 0.4375671875 0.2112046875 0.4440984375 0.12257031249999999 0.43084375 0.1074265625 0.4258515625 0.04444375 0.35998125000000003 0.08752499999999999 0.3650390625 0.115125 0.29039375 0.057543750000000005 0.2276171875 0.128496875 0.1965875 0.11864375 0.1837 0.157215625 0.16957031250000001 0.10540468750000001 0.1273703125 0.142378125 0.0931 0.1428796875
6 0.4003875 0.6748125 0.379640625 0.7144734374999999 0.37858437500000003 0.8164984375 0.3940765625 0.8553890624999999 0.43091718749999997 0.8672671875000001 0.5056093749999999 0.8569234375000001 0.5145640625000001 0.8188921875 0.517403125 0.855290625 0.6481578125 0.8357687500000001 0.6766953124999999 0.6648484375 0.6446234375000001 0.6240109375 0.6528046875 0.5790124999999999 0.6124015625 0.6213953125 0.5939375 0.6168796875 0.5919546875 0.58460625 0.570165625 0.5932859374999999 0.5514328125 0.56475 0.5357062499999999 0.566928125 0.5192281249999999 0.5946765625 0.51375 0.5812890625 0.4590484375 0.57754375 0.44399375 0.5569875 0.41536875 0.5651984375 0.395915625 0.6273187499999999 0.4003875 0.6748125
6 0.8063046875 0.5846375 0.7956015625 0.54933125 0.7987421875 0.5092765625 0.772753125 0.49448125000000004 0.7541875 0.4602640625 0.7220671875 0.48735 0.710525 0.4804609375 0.6867890625 0.52195 0.7260140625 0.519346875 0.6839359375 0.6185671875 0.6548078125 0.8093765625 0.6589265625 0.8356921875 0.7287484375 0.824609375 0.7740890625 0.7475796875 0.8063046875 0.5846375
6 0.664915625 0.5334703125 0.6729437500000001 0.5266968750000001 0.6601921875000001 0.49450312500000004 0.667265625 0.45390312499999996 0.6433234375 0.43599531249999995 0.62948125 0.440740625 0.6175375 0.48060156249999997 0.572784375 0.5377375 0.664915625 0.5334703125
22 0.74033125 0.5980218749999999 0.7669109375 0.5929265625 0.768253125 0.5474609375 0.7715953125 0.56680625 0.7842453125 0.5692984375 0.7887453125 0.516321875 0.7668546875 0.495296875 0.7550625 0.49693125 0.7545578125 0.5139796875 0.7331890624999999 0.5084515625 0.7377265625 0.5205578125 0.725846875 0.5250328125 0.718525 0.5741562499999999 0.72929375 0.574078125 0.7307546874999999 0.5908562500000001 0.7392890624999999 0.5670359375 0.746984375 0.5716296875 0.74033125 0.5980218749999999
22 0.44399375 0.5569875 0.4204078125 0.560253125 0.3980484375 0.6213640625 0.41038281249999997 0.667765625 0.3878390625 0.7020171875 0.39346875 0.8427374999999999 0.4290359375 0.8646984375000001 0.49680625 0.8567281250000001 0.508853125 0.84656875 0.514696875 0.7481265625 0.523384375 0.8516328124999999 0.6491828125 0.8342124999999999 0.6747296875 0.6651203125 0.6329984375000001 0.6199578125 0.6450421875 0.6098015625000001 0.6406734375 0.5920093750000001 0.6201796875000001 0.6231484375 0.5847984375 0.628046875 0.5533140624999999 0.56731875 0.535621875 0.5697687499999999 0.517178125 0.59779375 0.500075 0.5803499999999999 0.45511875 0.5780875 0.44399375 0.5569875
22 0.734296875 0.50405 0.6839359375 0.6185671875 0.6548078125 0.8093765625 0.6589265625 0.8356921875 0.7287484375 0.824609375 0.7740890625 0.7475796875 0.8063046875 0.5846375 0.7888296875 0.51348125 0.763596875 0.4731109375 0.7591593750000001 0.49070468749999996 0.734296875 0.50405
22 0.7462296875 0.5972046875 0.7609281250000001 0.5965843750000001 0.7758796875 0.5874359375 0.79781875 0.5405328125 0.79694375 0.503865625 0.77471875 0.49420937499999995 0.756153125 0.4599921875 0.706509375 0.4838453125 0.6874781249999999 0.5317609375 0.7608765625 0.49895468750000005 0.7826828124999999 0.5228203125 0.783640625 0.556646875 0.7647578125 0.5663390625 0.7621203125 0.5893421875 0.7586109375000001 0.575678125 0.7542578125 0.5904296875 0.7457906249999999 0.5788671875 0.7462296875 0.5972046875
22 0.5768828125 0.5315109375 0.5932140625 0.5419859375 0.664915625 0.5334703125 0.6709796875 0.52696875 0.6583109375 0.49193437500000003 0.66718125 0.456746875 0.6433234375 0.43599531249999995 0.62948125 0.440740625 0.6175375 0.48060156249999997 0.5768828125 0.5315109375
12 0.5215328125 0.7485953125 0.522528125 0.847503125 0.6502078124999999 0.8326515625 0.6748140625 0.6622765625 0.6358203125 0.6238109374999999 0.5907796875 0.6243890624999999 0.5215328125 0.7485953125
12 0.5004625 0.6666125 0.484303125 0.65045625 0.46414375 0.6702265625 0.4415609375 0.6393953125 0.4258375 0.641571875 0.38997187499999997 0.6960625 0.39526875 0.848146875 0.42510624999999996 0.8652421875 0.494840625 0.857 0.5089375 0.8437281249999999 0.5142109375 0.7977171875 0.514259375 0.7297890625 0.5004625 0.6666125
12 0.460025 0.6439109375000001 0.46242968749999996 0.661971875 0.4883171875 0.6470703125 0.49874999999999997 0.6583578125 0.5195671875000001 0.7488671874999999 0.5817249999999999 0.6327203124999999 0.54545 0.5684078125 0.524871875 0.6023875000000001 0.4881984375 0.584828125 0.4803515625 0.618459375 0.460025 0.6439109375000001
12 0.41126874999999996 0.571425 0.3977140625 0.63273125 0.4126 0.6589703124999999 0.4298515625 0.6381875 0.45498593749999994 0.648853125 0.478471875 0.6158859375 0.47709375 0.59626875 0.444078125 0.5541453125 0.422540625 0.5542984375 0.41126874999999996 0.571425
12 0.7352375 0.5053375 0.6839359375 0.6185671875 0.654725 0.8122171874999999 0.6589265625 0.8356921875 0.7287484375 0.824609375 0.7427578125000001 0.8141765624999999 0.7763046874999999 0.73878125 0.8063046875 0.5846375 0.7868640625000001 0.513753125 0.7668546875 0.495296875 0.7352375 0.5053375