6 0 0.47304375 0.12126406249999999 0.46010625000000005 0.142190625 0.4402921875 0.14480625 0.40606875000000003 0.1474203125 0.23134843749999998 0.1408828125 0.063834375 0.13041875 0.0422203125 0.1134171875 0.035015625 0 0.0265140625 0 0.47304375
6 0.5580734374999999 0.020118749999999998 0.5327828125 0.043325 0.5327828125 0.0317234375 0.48641249999999997 0.037521874999999996 0.4821984375 0.0230203125 0.33465781250000004 0.0317234375 0.31358281250000003 0.020118749999999998 0.271428125 0.020118749999999998 0.1976578125 0.028821875000000004 0.1797453125 0.047675 0.1692046875 0.189809375 0.1713125 0.2855328125 0.1776359375 0.29133125 0.1692046875 0.3174375 0.1797453125 0.436365625 0.1955515625 0.452321875 0.2693203125 0.44942031250000003 0.28407343749999997 0.4639234375 0.29355937499999996 0.45957187499999996 0.28618125 0.452321875 0.30304375 0.46102187499999997 0.34730625000000004 0.4465203125 0.381028125 0.49293125 0.40105 0.50018125 0.4200203125 0.47697500000000004 0.42212812499999997 0.44506875 0.43898906249999997 0.436365625 0.43582656249999996 0.4117109375 0.476928125 0.433465625 0.45058125000000004 0.46102187499999997 0.54964375 0.452321875 0.5665046874999999 0.44361875 0.5759890624999999 0.42476562500000004 0.5759890624999999 0.3609484375 0.6012828125 0.3377421875 0.6328968749999999 0.27392812499999997 0.61814375 0.2275171875 0.5823125 0.17820468750000001 0.6234124999999999 0.162253125 0.6390625 0.14891875000000002 0.6390625 0.1278 0.6223578125 0.12889375 0.62025 0.053478125 0.60655 0.0230203125 0.5833671875 0.0172171875 0.564396875 0.028821875000000004 0.5580734374999999 0.020118749999999998
22 0.5580734374999999 0.020118749999999998 0.5348890625 0.046225 0.499059375 0.057829687500000004 0.47587343750000005 0.05492812500000001 0.41896562499999995 0.089734375 0.33255 0.081034375 0.28618125 0.1158421875 0.26194375000000003 0.1492 0.2640515625 0.1840078125 0.30409687500000004 0.2275171875 0.3083125 0.3029359375 0.3199046875 0.3362953125 0.33255 0.324690625 0.36205937499999996 0.3217890625 0.44004374999999996 0.4146109375 0.4674421875 0.432015625 0.5528046875 0.436365625 0.567559375 0.4189625 0.5717734375 0.3609484375 0.6012828125 0.3377421875 0.6328968749999999 0.2710265625 0.61814375 0.2275171875 0.5802046875 0.17820468750000001 0.6390625 0.1468515625 0.6390625 0.1278 0.6223578125 0.12889375 0.62025 0.062178124999999994 0.60655 0.025920312499999997 0.5854734374999999 0.0172171875 0.5622890625 0.0317234375 0.5580734374999999 0.020118749999999998
22 0.29672187499999997 0.22026718750000002 0.2377046875 0.1970625 0.18395937499999998 0.23041874999999998 0.18395937499999998 0.3029359375 0.20714375000000002 0.323240625 0.188175 0.349346875 0.1902828125 0.4189625 0.199765625 0.432015625 0.26615781250000003 0.450871875 0.3051515625 0.429115625 0.312528125 0.4131609375 0.3062046875 0.256525 0.29672187499999997 0.22026718750000002
26 0.6390625 0 0.6390625 0.23215 0.71884375 0.259503125 0.8508453125000001 0.1281390625 0.824384375 0 0.6390625 0
11 0.6390625 0 0.6390625 0.2216046875 0.75646875 0.2252984375 0.8030156249999999 0.17215468750000001 0.8072484375 0.148534375 0.7934953124999999 0.0968671875 0.8336953125000001 0.12934375 0.8474515625000001 0.10720156249999999 0.7874875 0 0.6390625 0
11 0.6390625 0 0.6390625 0.516909375 1 0.5174046875 1 0 0.6390625 0
6 0.6390625 1 0.6390625 0.51875 0 0.51875 0 1 0.6390625 1
6 1 0.51875 0.6390625 0.51875 0.6390625 0.7660453125 0.6452734375 0.7791109374999999 0.7006 0.8874265625 0.7924796875 0.97265625 0.831409375 1 1 1 1 0.51875
22 1 0.6504734375 0.866846875 0.6397640625000001 0.8531421874999999 0.671953125 0.827840625 0.861284375 0.8320562499999999 0.910509375 1 0.9786140624999999 1 0.6504734375
22 0.8088640625 0.6492281249999999 0.7730203125 0.7969125 0.7835625 0.8006984375 0.8373296874999999 0.78365625 0.8573609375 0.65301875 0.8448437500000001 0.6867796875 0.8389171875000001 0.676121875 0.8250859374999999 0.6654687499999999 0.81915625 0.6530390625 0.8088640625 0.6492281249999999
16 1 0.6499828125 0.9005828125 0.6359781250000001 0.871065625 0.6359781250000001 0.8605234375 0.6473359375000001 0.827840625 0.8574984375 0.8320562499999999 0.910509375 0.898475 0.95026875 1 0.9813984375 1 0.6499828125
9 0.7835625 0.8006984375 0.8162437499999999 0.78365625 0.8383828125000001 0.7817640625 0.8573609375 0.65301875 0.8731734375 0.6284015625 0.8847703125 0.6227234375 0.867903125 0.5697125 0.8700109375 0.5394171875 0.8757640625 0.51875 0.8329828125000001 0.51875 0.8194062499999999 0.53563125 0.8172984375000001 0.58485625 0.80675625 0.6643765625 0.7730203125 0.7969125 0.7740734375 0.802590625 0.7835625 0.8006984375