6 0 0 0 0.7390625 0.41875 0.7390625 0.41875 0 0 0
6 0.41875 0 0.41875 0.721996875 0.42394218749999996 0.7225765625 0.4215140625 0.7390625 0.92970625 0.7390625 0.9327203125000001 0.731190625 0.9452562500000001 0.7390625 1 0.7390625 1 0.1108953125 0.9930015624999999 0.10648125 0.98094375 0.1409484375 0.9254859375000001 0.1409484375 0.9170468749999999 0.20772812499999999 0.8965515625 0.2314234375 0.8977562499999999 0.2163421875 0.867615625 0.1581796875 0.8266234375 0.128021875 0.8000999999999999 0.128021875 0.7988953125 0.06555156250000001 0.782015625 0.00523125 0.7745328125000001 0 0.41875 0
6 0.41875 1 0.41875 0.7390625 0 0.7390625 0 1 0.41875 1
6 1 0.7390625 0.41875 0.7390625 0.41875 1 1 1 1 0.7390625
16 0.9193312499999999 0.95594375 0.9000796875000001 0.8686281250000001 0.8916578124999999 0.8525421874999999 0.8748140624999999 0.8433515625 0.8519546874999999 0.8870093750000001 0.8543609375000001 0.923775 0.8627828125000001 0.9352640624999999 0.8796265625 0.9352640624999999 0.8904546874999999 0.95594375 0.8928609375000001 0.9973046875 0.9048921875 0.9973046875 0.9193312499999999 0.9881125000000001 0.9193312499999999 0.95594375
16 0.835109375 0.7399515625 0.8290625 0.7390625 0.8172546875 0.7390625 0.7978125 0.7514406250000001 0.794203125 0.7583328125000001 0.794203125 0.79969375 0.8254843749999999 0.8134796874999999 0.8302968749999999 0.79969375 0.835109375 0.7399515625
16 0.7472796875000001 0.82496875 0.7376546875 0.8065875 0.720809375 0.7928 0.706371875 0.7973953125000001 0.70516875 0.8134796874999999 0.69795 0.8272671875000001 0.70035625 0.8548406249999999 0.7352484375 0.90309375 0.7508890625 0.9053921875000001 0.7893890625 0.8824140625 0.7809671875 0.8617343749999999 0.7472796875000001 0.82496875
16 0.48739687500000006 0.83875625 0.497021875 0.8525421874999999 0.5126640625000001 0.8548406249999999 0.5258984375 0.8525421874999999 0.5439453125 0.8364578125 0.5487578125 0.8042890625 0.5379296874999999 0.7836093749999999 0.4573515625 0.7390625 0.4313140625 0.7390625 0.4260359375 0.7491421875000001 0.42844218749999996 0.7629296875 0.4212234375 0.7905031250000001 0.4272390625 0.8111828125 0.453709375 0.8295656250000001 0.48739687500000006 0.83875625
16 0.8902390625000001 1 0.8928609375000001 0.9973046875 0.8928609375000001 0.9651343750000001 0.8772203125000001 0.9352640624999999 0.7905921874999999 0.9214765625 0.7725453124999999 0.95594375 0.7725453124999999 0.9697296874999999 0.7785609375 0.9858156250000001 0.7833734375 0.9858156250000001 0.7929999999999999 0.9674328125 0.80021875 0.9674328125 0.8050312500000001 0.9766234375 0.81465625 0.9766234375 0.821875 0.99500625 0.8271046875 1 0.8902390625000001 1
16 0.9831671875 1 0.9818953125000001 0.9927078125 0.9566281249999999 0.9444546875000001 0.9373781250000001 0.9398593749999999 0.930159375 0.9490500000000001 0.92655 0.9651343750000001 0.92895625 0.9835171875000001 0.9566281249999999 0.9904109375000001 0.9607374999999999 1 0.9831671875 1
16 1 0.9122859375000001 0.9975359375 0.9122859375000001 0.96505 0.9375609375 0.96745625 0.9605390625 0.9830984375 0.9996015625 1 0.9977031249999999 1 0.9122859375000001