6 0 0 0 0.5796875 0.190371875 0.5796875 0.32182656249999997 0.51961875 0.391803125 0.4750296875 0.343175 0.319859375 0.28031562499999996 0.10582968749999999 0.2303390625 0 0 0
22 0 0.374403125 0.03299375 0.33554375 0.052801562499999996 0.296378125 0.052801562499999996 0.19924375 0.0444625 0.17104375 0 0.090271875 0 0.374403125
22 0.15705 0 0.15601875 0.003409375 0.0361203125 0.1459765625 0.0548875 0.202378125 0.0548875 0.23684375000000002 0.063228125 0.23997656250000002 0.2279578125 0.048843750000000005 0.22378749999999997 0.0237765625 0.210075 0 0.15705 0
7 0.2175328125 0.3966453125 0.22378749999999997 0.4154453125 0.2175328125 0.4561796875 0.2279578125 0.500046875 0.18938125 0.55488125 0.170615625 0.55488125 0.15410625 0.5796875 0.19987656250000002 0.5796875 0.2060640625 0.5768140625 0.24046875 0.5251140624999999 0.250896875 0.484378125 0.250896875 0.44991250000000005 0.2290015625 0.4013453125 0.2175328125 0.3966453125
7 0.040290625000000004 0.5157125 0.070184375 0.5796875 0.1531984375 0.5796875 0.118484375 0.5674125 0.074696875 0.5674125 0.0674 0.500046875 0.05384375 0.4859453125 0.0423765625 0.4906453125 0.040290625000000004 0.5157125
16 0.2978125 0.45774687500000005 0.254021875 0.45774687500000005 0.250896875 0.4781140625 0.26132187500000004 0.53138125 0.2759171875 0.53138125 0.2998984375 0.5204125000000001 0.3103234375 0.5016140625000001 0.3499421875 0.4859453125 0.344728125 0.43737812500000006 0.3332609375 0.42954687500000005 0.2978125 0.45774687500000005
6 0.6893078125 0 0.8792562500000001 0.1216234375 0.8168218749999999 0.14734375 0.6295296875 0.1951078125 0.594640625 0.336565625 0.459375 0.4060546875 0.459375 0.5696234375 0.46781249999999996 0.5796875 1 0.5796875 1 0.042703124999999995 0.7801828125 0 0.6893078125 0
12 0.459375 0 0.459375 0.3987796875 0.6011859375 0.3418765625 0.6127265625 0.25899218749999997 0.6725296875 0.1865953125 0.8498468750000001 0.12469375 0.7176453125 0.047053125 0.6933578125000001 0 0.459375 0
6 0.459375 1 0.459375 0.5796875 0 0.5796875 0 1 0.459375 1
0 1 0.5796875 0.459375 0.5796875 0.459375 1 1 1 1 0.5796875
1 0.6991015625 0.595425 0.703265625 0.6009765625 0.70743125 0.6009765625 0.7084718750000001 0.5995890625 0.7084718750000001 0.5968125 0.7126359375 0.591259375 0.7126359375 0.588484375 0.7060390625 0.5796875 0.68105 0.5796875 0.6824421875 0.58154375 0.684525 0.58154375 0.690771875 0.5898718749999999 0.6928546875 0.5898718749999999 0.69701875 0.595425 0.6991015625 0.595425