6 0 0 0 0.65 0.559375 0.65 0.559375 0 0 0
6 0.599134375 0 0.5748328125 0.1029171875 0.559375 0.11306093749999999 0.559375 0.65 1 0.65 1 0 0.599134375 0
6 0.41764531250000003 1 0.4189890625 0.9952937500000001 0.4483171875 0.9952937500000001 0.4517015625 0.9834406250000001 0.4517015625 0.825384375 0.4304859375 0.65 0.3947796875 0.65 0.391915625 0.6633765625 0.38740312499999996 0.6633765625 0.383584375 0.65 0.3491453125 0.65 0.347921875 0.6594249999999999 0.34228125 0.6633765625 0.338896875 0.651521875 0.3388484375 0.65 0.2256171875 0.65 0.22158125 0.6594249999999999 0.22158125 0.6989390625 0.2069171875 0.7503078125 0.2035328125 0.74635625 0.2035328125 0.722646875 0.1967640625 0.6831328125 0.1873046875 0.65 0.1819109375 0.65 0.178715625 0.6910359374999999 0.17081875 0.702890625 0.1572828125 0.6633765625 0.1516421875 0.6594249999999999 0.1584109375 0.651521875 0.158225 0.65 0.10810468749999999 0.65 0.1087765625 0.6594249999999999 0.0760640625 0.7582093750000001 0.0647828125 0.7345015625 0.053503125 0.7265984375000001 0.042221875 0.6633765625 0.0264296875 0.6554734375 0.00838125 0.6554734375 0 0.665259375 0 1 0.0057890625 1 0.006125 0.9952937500000001 0.00981875 1 0.3959796875 1 0.396428125 0.9952937500000001 0.4031953125 0.9952937500000001 0.40386718750000006 1 0.41764531250000003 1
13 0.059840625 1 0.0670390625 0.9873921875 0.0715515625 0.9636828124999999 0.0760640625 0.9636828124999999 0.088471875 0.9281203124999999 0.090728125 0.8807031249999999 0.088471875 0.825384375 0.0783203125 0.7661125 0.0647828125 0.7345015625 0.052375000000000005 0.73055 0.050118750000000004 0.6752296875 0.046734375 0.6633765625 0.042221875 0.6554734375 0.039965625 0.6633765625 0.0241734375 0.6554734375 0 0.663171875 0 0.9596671875 0.006125 0.9715859375000001 0.012209375 1 0.059840625 1
13 0.20004062500000003 1 0.2035328125 0.9755375000000001 0.21030000000000001 0.8807031249999999 0.2080453125 0.801675 0.2035328125 0.7779671875 0.18209999999999998 0.7186953125 0.1640515625 0.6949875 0.14770468750000001 0.65 0.11074375 0.65 0.11103281250000001 0.651521875 0.0771921875 0.7542578125 0.090728125 0.8332859375 0.090728125 0.912315625 0.08283125 0.9478781250000001 0.0726796875 0.9676343749999999 0.07042343749999999 0.9834406250000001 0.0719984375 1 0.20004062500000003 1
13 0.27223593749999997 1 0.2779828125 0.9597312499999999 0.2847515625 0.8728 0.2802390625 0.7542578125 0.26783125 0.702890625 0.25880625 0.71079375 0.255421875 0.6989390625 0.256975 0.65 0.23015625 0.65 0.2306046875 0.6594249999999999 0.21255625 0.7858703125 0.2148125 0.8728 0.2035328125 0.9755375000000001 0.2035328125 1 0.27223593749999997 1
13 0.39304375 1 0.39304375 0.9676343749999999 0.3817625 0.8886062499999999 0.37950625 0.809578125 0.3749953125 0.7779671875 0.3445375 0.687084375 0.3233640625 0.65 0.3203578125 0.65 0.306184375 0.671278125 0.297159375 0.6633765625 0.27685468750000003 0.671278125 0.2734703125 0.6831328125 0.2734703125 0.722646875 0.2824953125 0.7621609375 0.2847515625 0.8807031249999999 0.2734 1 0.39304375 1
13 0.42124531249999997 0.9952937500000001 0.4471890625 0.9992453125 0.4517015625 0.9913437500000001 0.4517015625 0.825384375 0.42914062499999994 0.651521875 0.42907812500000003 0.65 0.393478125 0.65 0.39304375 0.651521875 0.39304375 0.6910359374999999 0.4020671875 0.7700640625 0.4020671875 0.8728 0.42237187499999995 0.9202171874999999 0.42124531249999997 0.9952937500000001
13 0.41764531250000003 1 0.4201171875 0.9913437500000001 0.42237187499999995 0.9202171874999999 0.4020671875 0.8728 0.4020671875 0.7700640625 0.3953 0.6989390625 0.384615625 0.65 0.3466109375 0.65 0.343409375 0.6673281249999999 0.345665625 0.6910359374999999 0.3772515625 0.7858703125 0.3817625 0.8807031249999999 0.3907875 0.9281203124999999 0.39304375 0.9913437500000001 0.4054515625 0.9952937500000001 0.4067953125 1 0.41764531250000003 1
6 1 0.844890625 0.9408218749999999 0.8428531250000001 0.913671875 0.85531875 0.9114125 0.840359375 0.904625 0.85033125 0.9023625 0.8378656250000001 0.8593765624999999 0.8353718750000001 0.841278125 0.85531875 0.8390187499999999 0.845346875 0.8299671875 0.8478406250000001 0.801690625 0.826646875 0.8163953125000001 0.8204125 0.8310984375 0.834125 0.8424093750000001 0.79921875 0.8243109375 0.7717906250000001 0.83449375 0.778025 0.849196875 0.76181875 0.845803125 0.755584375 0.868428125 0.74810625 0.875215625 0.753090625 0.8797375000000001 0.7456125 0.8933140625 0.753090625 0.8978359375 0.74311875 0.9114125 0.750596875 0.915934375 0.740625 0.9295109374999999 0.74311875 0.9295109374999999 0.7356374999999999 0.8571171874999999 0.74311875 0.73495 0.792984375 0.6704749999999999 0.8416062500000001 0.696490625 0.8428531250000001 0.6908359374999999 0.851578125 0.703278125 0.85531875 0.67160625 0.8578125 0.6670812500000001 0.8428531250000001 0.6003437500000001 0.9064343750000001 0.559375 0.9696468749999999 0.559375 1 1 1 1 0.844890625
22 0.9751515625 1 0.9758875 0.9986875 0.9758875 0.971259375 0.951 0.943834375 0.9351640625 0.8815 0.915934375 0.85531875 0.8865265625 0.85033125 0.8163953125000001 0.86529375 0.80508125 0.86030625 0.7259015625 0.8952125000000001 0.6851796875 0.89770625 0.6897046875 0.922640625 0.67386875 0.915159375 0.6512453125000001 0.922640625 0.6139171875 0.9662734374999999 0.612990625 1 0.9751515625 1