6 0 0 0 0.17002343749999999 0.2132921875 0.1939890625 0.36875 0.09843125 0.36875 0 0 0
13 0.44789375 0 0.424403125 0.06600937500000001 0.424403125 0.042162500000000006 0.3885046875 0.042162500000000006 0.37893125 0.0153296875 0.36875 0.036465625 0.36875 0.14504843750000002 0.38251875 0.18078125 0.424403125 0.22996875 0.45431875 0.2314609375 0.4830375 0.1539515625 0.5500515625 0.10923281250000001 0.559621875 0.079425 0.5500515625 0.04663125 0.5874875 0 0.44789375 0
26 0.36875 0 0.36875 0.45 0.3712875 0.45 0.587146875 0.31939843749999997 0.682875 0.2389125 0.7223640625 0.0048953125 0.7224703124999999 0 0.36875 0
6 0.709153125 0.45 0.36875 0.45 0.36875 0.6439125 0.4699859375 0.6494890625 0.6807109375 0.62700625 0.7044546875 0.6045203124999999 0.707421875 0.5656828125 0.709153125 0.45
6 1 0.45 0.7399843749999999 0.45 0.7351078125 0.4651015625 0.7470671875 0.6000656249999999 0.7650046875000001 0.618171875 0.8487078125 0.6148796875 0.8654484374999999 0.6313375 0.8762125 0.6264000000000001 0.867840625 0.618171875 0.8869734375 0.6280453125000001 0.9371984375 0.6115875 0.9754625000000001 0.66425625 0.99818125 0.672484375 1 0.670259375 1 0.45
6 1 0.68400625 0.985028125 0.68400625 0.8988578125 0.7046812499999999 0.8573046874999999 0.6903718750000001 0.7845890625 0.7026359375 0.7697515625 0.7312531250000001 0.7786531250000001 0.85594375 0.7597703124999999 1 1 1 1 0.68400625
6 0.6004109375 1 0.603571875 0.9391187499999999 0.5928109375 0.9243062500000001 0.5880265625 0.930890625 0.578459375 0.9078484375 0.55813125 0.912784375 0.5748734375 0.9555796875 0.5665015624999999 0.9736828125000001 0.555740625 0.9720375000000001 0.555740625 0.9325374999999999 0.5270406249999999 0.8667 0.5545453124999999 0.8815140625 0.5593265625 0.897971875 0.5712859375 0.8848046875 0.5760671875 0.9012640624999999 0.599984375 0.9012640624999999 0.5844390625 0.893034375 0.5856343749999999 0.868346875 0.56530625 0.8667 0.56530625 0.8502421874999999 0.599984375 0.8584703125 0.607159375 0.835428125 0.6119421875 0.8420125 0.6298796875 0.8272 0.6274875 0.8041546875 0.603571875 0.7778203125 0.603571875 0.7317359375 0.6382484374999999 0.7399671875 0.645425 0.7136328125 0.65379375 0.7251531250000001 0.6490125 0.735028125 0.66096875 0.7416125 0.6777109375 0.7778203125 0.6765140625 0.78934375 0.6561859375 0.7975734375 0.6561859375 0.853534375 0.6669484375 0.868346875 0.687278125 0.8107390625 0.6801015625 0.7317359375 0.6597734375 0.697175 0.645425 0.6872984375 0.6239 0.697175 0.6310749999999999 0.6774218750000001 0.5975921875 0.6708406250000001 0.54019375 0.6872984375 0.5210609374999999 0.7070484375 0.5162796875 0.697175 0.49236250000000004 0.7004640625 0.475621875 0.6872984375 0.36875 0.68446875 0.36875 1 0.5473828125 1 0.552153125 0.9934328125 0.552725 1 0.6004109375 1
6 0.6845921875000001 1 0.67531875 0.912784375 0.6502078124999999 0.8880968749999999 0.5808515625 0.917721875 0.555740625 0.965453125 0.5473734375 1 0.6845921875000001 1
22 0.8893656249999999 0.5918375 0.8977375000000001 0.57373125 0.8927421875 0.45 0.753396875 0.45 0.7781578125 0.47168593750000004 0.7566328125 0.5013124999999999 0.7590250000000001 0.580315625 0.7697859375 0.5951265625 0.8451203125 0.6165265625 0.8893656249999999 0.5918375
22 0.8762125 0.7185703125 0.8511 0.690590625 0.7984859375 0.6938828125 0.7685890625 0.735028125 0.7662 0.787696875 0.79609375 0.8420125 0.8331625 0.8502421874999999 0.8511 0.8453046875 0.8738203125 0.8107390625 0.8857781250000001 0.7844046875 0.8857781250000001 0.7449046874999999 0.8762125 0.7185703125
9 0.68588125 1 0.6848859375 0.958871875 0.67531875 0.912784375 0.66096875 0.893034375 0.6801015625 0.8502421874999999 0.687278125 0.7909890625 0.6801015625 0.7317359375 0.65738125 0.6938828125 0.6215078125 0.6741296875 0.578459375 0.6741296875 0.5354125 0.690590625 0.4995375 0.730090625 0.48877499999999996 0.7021109375 0.47083906249999996 0.6872984375 0.36875 0.6872984375 0.36875 1 0.68588125 1
7 0.898565625 1 0.900128125 0.9720375000000001 0.834359375 0.9078484375 0.829575 0.878221875 0.8104421875 0.87493125 0.787721875 0.893034375 0.775765625 0.925953125 0.77101875 1 0.898565625 1
16 0.8762125 0.7185703125 0.8511 0.690590625 0.7984859375 0.6938828125 0.7685890625 0.735028125 0.7662 0.787696875 0.79609375 0.8420125 0.8331625 0.8502421874999999 0.8511 0.8453046875 0.8738203125 0.8107390625 0.8857781250000001 0.7844046875 0.8857781250000001 0.7449046874999999 0.8762125 0.7185703125
16 1 0.6889406250000001 0.9898125 0.690590625 0.9611124999999999 0.6774218750000001 0.9371984375 0.6872984375 0.922846875 0.710340625 0.8857781250000001 0.715278125 0.8965406249999999 0.756425 0.9587203125 0.7860515625 1 0.7901359375 1 0.6889406250000001
12 1 0.79383125 0.9730718749999999 0.7926359374999999 0.9156734375 0.7728859375 0.9073015625 0.8436578125 0.90969375 0.9325374999999999 0.919834375 1 1 1 1 0.79383125