6 0 0.42167656249999996 0.1006375 0.46875 0.6296875 0.46875 0.6296875 0.0984640625 0.5851453125 0.084675 0.562390625 0.1337796875 0.518075 0.16611875 0.4510078125 0.1373734375 0.3935171875 0.06311875 0.3312390625 0.06311875 0.3000984375 0.0295859375 0.2713578125 0.027190625000000003 0.15158906249999998 0.06311875 0.052182812499999995 0.1481515625 0.04020625 0.186478125 0.11086718749999999 0.2236046875 0 0.1904265625 0 0.42167656249999996
22 0.6296875 0.46875 0.6296875 0.299984375 0.5923296875 0.3026515625 0.4342390625 0.374515625 0.36836718749999997 0.4355953125 0.348653125 0.46875 0.6296875 0.46875
22 0.48334374999999996 0.3134296875 0.49052656250000004 0.29666562500000004 0.43902656249999994 0.25474687500000004 0.32165937499999997 0.20684062499999997 0.1731453125 0.1996515625 0.1144609375 0.2224109375 0.22105468749999999 0.30025625 0.35998437499999997 0.290675 0.48334374999999996 0.3134296875
22 0 0.4176796875 0.06415937499999999 0.445175 0.08571562499999999 0.3637328125 0.2006921875 0.289478125 0.053381250000000005 0.1972609375 0 0.183915625 0 0.4176796875
0 0.6296875 0 0.6296875 0.46875 1 0.46875 1 0 0.6296875 0
13 0.6296875 0 0.6296875 0.46875 1 0.46875 1 0 0.6296875 0
6 0.6296875 1 0.6296875 0.46875 0.601409375 0.46875 0.5859593750000001 0.5174859374999999 0.5883468749999999 0.530253125 0.57760625 0.528125 0.5656734375 0.5494015625 0.55970625 0.5089765625 0.5350953125 0.46875 0 0.46875 0 1 0.6296875 1
13 0.6175203125000001 1 0.621759375 0.985571875 0.6241453124999999 0.9345078125 0.6074390625 0.900465625 0.6002796874999999 0.8366359375 0.5859593750000001 0.8196140625 0.5835734375 0.8664234375 0.5728328125 0.8983375 0.5585140625 0.8983375 0.520328125 0.8685499999999999 0.49407500000000004 0.8345078125000001 0.482140625 0.8387640624999999 0.44753437500000004 0.900465625 0.44753437500000004 0.9302531249999999 0.4427625 0.9472734375 0.43918125 0.9536562500000001 0.4367953125 0.945146875 0.430828125 0.9600406250000001 0.430828125 0.9813171875 0.4350203125 1 0.4818109375 1 0.4916875 0.9791890625 0.51078125 0.9749328125 0.5143609375 0.9940828125 0.511515625 1 0.6175203125000001 1
13 0.1348859375 0.7089765625 0.175459375 0.5983375 0.18261875 0.56855 0.18261875 0.54301875 0.192165625 0.5217421875 0.1958796875 0.46875 0.0596109375 0.46875 0.04419375 0.5855718750000001 0.037034375 0.785571875 0.0453875 0.8047203125 0.07044687499999999 0.80259375 0.09073281250000001 0.7877 0.1348859375 0.7089765625
3 0.31865625 0.6877 0.3246234375 0.70259375 0.3520703125 0.71323125 0.40576875 0.6983374999999999 0.41173593750000004 0.6877 0.4188953125 0.6068484375 0.41054218750000004 0.5919546875 0.33297656249999996 0.5898265625 0.31865625 0.6877
3 0.553740625 0.7749328125 0.517940625 0.7494015625 0.5060078125 0.7536562499999999 0.49288125000000005 0.785571875 0.4976546875 0.8408906249999999 0.553740625 0.8940828125 0.571640625 0.896209375 0.5835734375 0.8621671875000001 0.5835734375 0.8238703125000001 0.5788 0.8068484375 0.553740625 0.7749328125
13 0.5501609375000001 0.5217421875 0.5429999999999999 0.496209375 0.5322609375 0.4813171875 0.517940625 0.47280625 0.5036203125000001 0.4770609375 0.4952671875 0.4919546875 0.4952671875 0.56855 0.500040625 0.5813171875 0.500040625 0.6068484375 0.5131671875 0.6302531250000001 0.5501609375000001 0.6664234375 0.5573203125 0.60259375 0.5501609375000001 0.5217421875
13 1 0.8316171875 0.9787671874999999 0.8316171875 0.9214593750000001 0.8745968749999999 0.9131031249999999 0.8871328125 0.908328125 0.905040625 0.9035515625 0.9122046875 0.9011640625 0.92653125 0.8868375000000001 0.9695109375 0.88325625 0.974884375 0.8808671875 0.974884375 0.8772859375 0.9838374999999999 0.8796734374999999 0.9910015624999999 0.8856734375 1 1 1 1 0.8316171875