6 0 0 0 0.1306046875 0.101915625 0.20394218749999998 0.16534218750000002 0.032015625 0.182775 0 0 0
22 0 0.1258234375 0.05232656249999999 0.16747343750000002 0.0742390625 0.106690625 0.0177296875 0.0268078125 0 0.051595312500000004 0 0.1258234375
3 0 0.13016250000000001 0.0440171875 0.1648671875 0.05314218750000001 0.163340625 0.07544218750000001 0.11451249999999999 0.0196890625 0.030590625 0 0.060226562500000004 0 0.13016250000000001
6 0.3890625 0 0.3890625 0.20539843750000003 0.4477203125 0.22189687500000002 0.44363125 0.2280609375 0.44838750000000005 0.226828125 0.6281796875000001 0.0012015625 0.6286937499999999 0 0.3890625 0
6 0.7880281250000001 0 0.76748125 0.0075125 0.7613953125 0.0338046875 0.735025 0.04695 0.7086546874999999 0.0364328125 0.6721421875 0.0390625 0.667071875 0.048264062499999996 0.667071875 0.0771859375 0.641715625 0.08638749999999999 0.6183890625 0.10873593749999999 0.6254875 0.1626359375 0.6153453125 0.1626359375 0.6092609375 0.14423125 0.5930328125 0.13634375 0.5727484375 0.16000625 0.54435 0.1652640625 0.5331921875 0.192871875 0.535221875 0.2139046875 0.51899375 0.23230937499999998 0.5220359375 0.24677031249999998 0.5605765625 0.25465781249999997 0.6092609375 0.28095 0.641715625 0.291465625 0.68025625 0.291465625 0.6843140625 0.3046125 0.6996921875 0.309375 0.8186796875000001 0.309375 0.8597765624999999 0.24545468750000002 0.8800609375 0.1718375 0.890203125 0.16657968750000002 0.895275 0.146859375 0.908459375 0.1402875 0.944971875 0.0771859375 0.9510578125 0.05878124999999999 0.9470000000000001 0.0219734375 0.9794562499999999 0.01145625 0.976509375 0 0.9277 0 0.9115015625 0.0443203125 0.9054171875 0.031175 0.8689046875 0.0048828125 0.8657656250000001 0 0.7880281250000001 0
13 0.3890625 0 0.3890625 0.058050000000000004 0.4307546875 0.0364328125 0.43379843749999997 0.05089375 0.425684375 0.056153125000000005 0.4520546875 0.06404062499999999 0.4601671875 0.05878124999999999 0.4723390625 0.0298609375 0.47387499999999994 0 0.3890625 0
13 0.47137812500000004 0 0.4723390625 0.0298609375 0.4865375 0.037748437499999996 0.49769375 0.0364328125 0.5149359375 0.016714062499999998 0.5138625 0 0.47137812500000004 0
13 0.550765625 0 0.5514484375 0.006196875 0.561590625 0.0246015625 0.5717328125 0.0246015625 0.6082453125 0.01145625 0.6044578125 0 0.550765625 0
13 0.457125 0.1494890625 0.47740937499999997 0.1784109375 0.484509375 0.1770953125 0.5311640625 0.11399531249999999 0.5108796875 0.0771859375 0.4814671875 0.0443203125 0.447996875 0.0850734375 0.429740625 0.127140625 0.457125 0.1494890625
13 0.6386734374999999 0.1744671875 0.6275171875 0.1652640625 0.568690625 0.1573765625 0.5423203125 0.16789375 0.5311640625 0.1955 0.535221875 0.2139046875 0.546378125 0.21521875000000001 0.56260625 0.23888281249999999 0.5899890625 0.24282656249999998 0.6112890625 0.23888281249999999 0.6366453125 0.2191625 0.6386734374999999 0.1744671875
13 0.630559375 0.111365625 0.6478015625 0.1337140625 0.6812703124999999 0.15343281250000002 0.692428125 0.1494890625 0.7157546875 0.10873593749999999 0.7045984375 0.0785 0.68025625 0.0732421875 0.62853125 0.09822031249999999 0.630559375 0.111365625
13 0.7848671875 0 0.7624093750000001 0.014084375 0.7624093750000001 0.037748437499999996 0.7786375 0.0850734375 0.7897937500000001 0.0969046875 0.8070359375 0.10084843750000001 0.8384765625 0.0969046875 0.8536906249999999 0.079815625 0.85571875 0.0614109375 0.82630625 0.0048828125 0.8112375000000001 0 0.7848671875 0
13 0.8618046874999999 0.2296796875 0.867890625 0.18761250000000002 0.8820890625000001 0.148175 0.8658609374999999 0.11399531249999999 0.8547046875 0.1100515625 0.794865625 0.1823546875 0.84050625 0.220478125 0.8618046874999999 0.2296796875
13 0.7299546875 0.0771859375 0.6995265625 0.142915625 0.700540625 0.1494890625 0.7248828125 0.1494890625 0.7431390625 0.13634375 0.7573390625 0.146859375 0.7887796875 0.148175 0.798921875 0.13240000000000002 0.79689375 0.10610781250000001 0.749225 0.067984375 0.7299546875 0.0771859375
13 0.7867515625 0.2296796875 0.7908078125 0.2139046875 0.7796515625 0.1941859375 0.749225 0.196815625 0.744153125 0.2033875 0.7471953124999999 0.21521875000000001 0.76748125 0.2309953125 0.7867515625 0.2296796875
12 0.7248828125 0.23888281249999999 0.718796875 0.23888281249999999 0.70966875 0.279634375 0.7228546875 0.291465625 0.7360390625 0.2901515625 0.740096875 0.263859375 0.7248828125 0.23888281249999999
18 0.6792421875 0.216534375 0.7208265625 0.1941859375 0.7198125 0.1718375 0.7127125000000001 0.16789375 0.6721421875 0.1941859375 0.6650437499999999 0.20864687499999998 0.6721421875 0.2178484375 0.6792421875 0.216534375
16 0.62853125 0.26911874999999996 0.6265015625 0.2822640625 0.652871875 0.29278125 0.6691 0.279634375 0.671128125 0.26123124999999997 0.64374375 0.22310625 0.6244734375000001 0.240196875 0.6224453125 0.25334218750000004 0.62853125 0.26911874999999996
13 0.7157546875 0.095590625 0.7340109375 0.06666875 0.728940625 0.0443203125 0.6822843749999999 0.0364328125 0.6691 0.048264062499999996 0.6701140624999999 0.075871875 0.6985125 0.0732421875 0.7157546875 0.095590625
13 0.7411109375 0.13634375 0.727925 0.1455453125 0.7431390625 0.1784109375 0.7695093749999999 0.1705234375 0.7806656249999999 0.1770953125 0.7867515625 0.1718375 0.7847234375000001 0.15343281250000002 0.7776234375 0.14423125 0.7573390625 0.146859375 0.7411109375 0.13634375
13 0.7695093749999999 0.2309953125 0.749225 0.21521875000000001 0.7451671875 0.19944375 0.7086546874999999 0.2572859375 0.6995265625 0.255971875 0.6974984375 0.28752187500000004 0.6853281250000001 0.28489375 0.6853281250000001 0.29278125 0.6974984375 0.30066875 0.69445625 0.3046125 0.7036421875000001 0.309375 0.8215671875 0.309375 0.8415203124999999 0.279634375 0.8374625 0.26123124999999997 0.80805 0.2178484375 0.791821875 0.2257359375 0.7857375 0.220478125 0.7695093749999999 0.2309953125
13 0.8070359375 0.1955 0.7857375 0.17578125 0.7755953124999999 0.1810390625 0.7745796875 0.18761250000000002 0.79689375 0.2191625 0.8050078125000001 0.21127500000000002 0.8070359375 0.1955
6 0.3890625 1 0.3890625 0.4008375 0.1186421875 0.5818390625000001 0.1150859375 0.645859375 0.12219374999999999 0.7098796875 0.30414375 1 0.3890625 1
6 0.8437875 1 0.8427265625 0.9246609375 0.8508296874999999 0.8484875000000001 0.8710875 0.7836015625 0.8538671875 0.7567984375 0.82348125 0.76244375 0.7819499999999999 0.7384609375 0.833609375 0.7060171875 0.82753125 0.6806281249999999 0.7890406249999999 0.7116609375 0.7708078125 0.6806281249999999 0.7302906250000001 0.689090625 0.7363703125 0.6552359375 0.6816703125 0.6524171875 0.65128125 0.68626875 0.6310234375 0.6608796875 0.592534375 0.6524171875 0.5469515625 0.6905015624999999 0.540875 0.7328203125 0.5793640625 0.7948875 0.52568125 0.8104015625000001 0.5084593749999999 0.8738796875 0.5145375 0.944409375 0.537834375 0.9401765624999999 0.548978125 0.9641578125000001 0.5457609375 1 0.8437875 1
12 0.8458109374999999 1 0.8447531250000001 0.9218390624999999 0.852853125 0.840025 0.8710875 0.7864203125 0.8579203124999999 0.7596203125 0.82348125 0.7596203125 0.79815625 0.7384609375 0.8366484375000001 0.7017875 0.8255046875 0.6778062499999999 0.7890406249999999 0.7088390625 0.7708078125 0.6806281249999999 0.7363703125 0.68345 0.7363703125 0.6552359375 0.6816703125 0.6524171875 0.655334375 0.68626875 0.6269734375 0.6580578125 0.592534375 0.6524171875 0.5469515625 0.6905015624999999 0.540875 0.7356390625 0.551003125 0.7582093750000001 0.52669375 0.7836015625 0.5104859375 0.8625953125000001 0.5145375 0.9697984375 0.5469515625 0.9641578125000001 0.54363125 1 0.8458109374999999 1