6 0 0 0 0.46875 0.291034375 0.46875 0.3342953125 0.38831875 0.3659796875 0.24184843749999999 0.361284375 0.014203125 0.35316875 0 0 0
22 0.206065625 0 0.20079843749999998 0.0221609375 0.20079843749999998 0.0407609375 0.215240625 0.0593609375 0.22761874999999998 0.11206562499999999 0.2234921875 0.18336875 0.24206093750000002 0.2050734375 0.31736718750000004 0.1198171875 0.3575984375 0.0562640625 0.35450312500000003 0.0237109375 0.333125 0 0.206065625 0
26 0.68173125 0 0.63339375 0.0108203125 0.5676984375 0.07973749999999999 0.5285515625 0.24618437499999998 0.592478125 0.3941765625 0.7382359375 0.4441 0.8673703125 0.31572187500000004 0.82645625 0.1178015625 0.7454562499999999 0 0.68173125 0
11 0.6972484375 0 0.6912125 0.016828125 0.672584375 0.013945312500000001 0.657059375 0.0730921875 0.6332546875 0.091846875 0.6280812499999999 0.06443750000000001 0.6125578125 0.0601078125 0.5432140624999999 0.10194531250000001 0.5390765625 0.145225 0.5514953125 0.17985 0.592890625 0.23466874999999998 0.570121875 0.2923765625 0.585646875 0.3803765625 0.63739375 0.406346875 0.77504375 0.41067187499999996 0.8205781249999999 0.35873750000000004 0.8247203125 0.335653125 0.8112656250000001 0.2851609375 0.8505921875 0.3169 0.8640484374999999 0.295259375 0.7978125 0.17696406250000002 0.8040218749999999 0.13945625 0.7957421874999999 0.10771718749999999 0.7729734374999999 0.0875203125 0.7646921875 0.0413546875 0.741109375 0 0.6972484375 0
11 0.4890625 0 0.4890625 0.46875 1 0.46875 1 0 0.4890625 0
6 0.4890625 1 0.4890625 0.8304 0.36120625 0.8458984375 0.319921875 0.8087406250000001 0.233221875 0.781903125 0.21361249999999998 0.8242203124999999 0.175421875 0.852090625 0.11762500000000001 0.8273171874999999 0.0680796875 0.763325 0.014409374999999999 0.763325 0 0.747809375 0 1 0.4890625 1
22 0.40042968749999996 0.8603453125 0.39733125 0.8448656250000001 0.2807015625 0.8603453125 0.2590265625 0.90679375 0.281734375 0.9274359375 0.40042968749999996 0.8603453125
22 0.4890625 1 0.4890625 0.8299171875000001 0.48299843750000004 0.8273171874999999 0.2951484375 0.8541546875 0.26934843750000004 0.8717 0.2590265625 0.9088578125 0.2786359375 0.9553046875 0.3735921875 0.9614968749999999 0.4417140625 0.988334375 0.45714375 1 0.4890625 1
22 0 0.9621328124999999 0.03918125 0.95943125 0.145490625 0.979040625 0.15168125 0.96459375 0.10729999999999999 0.9284687500000001 0.006153125000000001 0.8871828125000001 0 0.8868859375 0 0.9621328124999999
6 1 0.46875 0.792009375 0.46875 0.7882203125 0.47050000000000003 0.7837625 0.47050000000000003 0.7793046875 0.472559375 0.7748468749999999 0.472559375 0.7703890624999999 0.47461875 0.734728125 0.47461875 0.7302703125 0.476678125 0.7213546875 0.476678125 0.716896875 0.4787375 0.7079828125 0.4787375 0.703525 0.48079687499999996 0.694609375 0.48079687499999996 0.6901515625 0.4828546875 0.68569375 0.4828546875 0.6812359375 0.4849140625 0.6723203125 0.4849140625 0.6678625 0.4869734375 0.654490625 0.4869734375 0.6500328125 0.48903281249999997 0.645575 0.48903281249999997 0.6411171875 0.49109218749999994 0.6277437499999999 0.49109218749999994 0.6232859375 0.49315156250000003 0.6009984375 0.49315156250000003 0.596540625 0.49520937500000006 0.587625 0.49520937500000006 0.5831671875 0.49315156250000003 0.5653359375 0.49315156250000003 0.560878125 0.49109218749999994 0.5519640625 0.49109218749999994 0.54750625 0.48903281249999997 0.5341328125 0.48903281249999997 0.529675 0.4869734375 0.5163015625 0.4869734375 0.5118437499999999 0.4849140625 0.48955624999999997 0.4849140625 0.4890625 0.4846859375 0.4890625 0.7585484375 0.5051578125 0.7659828125 0.5051578125 0.7680421875000001 0.5229890625 0.7762781249999999 0.5229890625 0.7783375 0.54081875 0.7865734375 0.54081875 0.7886328125000001 0.55865 0.79686875 0.55865 0.798928125 0.6009984375 0.8184906249999999 0.60545625 0.8184906249999999 0.607684375 0.81951875 0.607684375 0.8215781249999999 0.6143703125 0.8246671875 0.6188281250000001 0.8246671875 0.6232859375 0.8267265625 0.6322015624999999 0.8267265625 0.636659375 0.8246671875 0.645575 0.8246671875 0.647803125 0.825696875 0.647803125 0.82775625 0.6522609375 0.829815625 0.6522609375 0.8318734375 0.665634375 0.8380515624999999 0.665634375 0.8401109375000001 0.6678625 0.8411406250000001 0.6723203125 0.8411406250000001 0.6901515625 0.8493765625 0.694609375 0.8493765625 0.7012953125 0.852465625 0.7012953125 0.854525 0.7079828125 0.8576124999999999 0.7124406249999999 0.8576124999999999 0.7302703125 0.86585 0.734728125 0.86585 0.761475 0.8782046875 0.7659312500000001 0.8782046875 0.7703890624999999 0.8802625000000001 0.7748468749999999 0.8802625000000001 0.7837625 0.88438125 0.7882203125 0.88438125 0.7993640625 0.8895296874999999 0.7993640625 0.8915890624999999 0.80159375 0.8926171875 0.8060515625000001 0.8926171875 0.83056875 0.9039421875 0.83056875 0.9060015625 0.8350265625000001 0.9080609374999999 0.8350265625000001 0.9101203124999999 0.8461703125 0.9152687500000001 0.9130359374999999 0.9152687500000001 0.9152640625 0.9142390625000001 0.9174921875000001 0.9132093749999999 0.930865625 0.9132093749999999 0.93978125 0.9090906249999999 0.9442390625 0.9090906249999999 0.96875625 0.8977656250000001 0.96875625 0.8957062499999999 0.9776718750000001 0.893646875 0.9776718750000001 0.8915890624999999 1 0.8812749999999999 1 0.46875
13 0.509615625 0.5662484375 0.51853125 0.56213125 0.51853125 0.560071875 0.5229890625 0.5580125 0.5229890625 0.555953125 0.5319046875 0.5518359375 0.5319046875 0.5497765625000001 0.5363609375 0.5477171875 0.5363609375 0.5456578125 0.54081875 0.5435984375 0.54081875 0.5415390625 0.5452765625 0.5394812499999999 0.5452765625 0.5353625 0.549734375 0.533303125 0.549734375 0.53124375 0.5541921875 0.5291859375 0.5541921875 0.5271265625 0.55865 0.5250671875 0.55865 0.5209484375 0.5631078125 0.5188890625 0.5631078125 0.51683125 0.5675656250000001 0.514771875 0.5675656250000001 0.5127125 0.57648125 0.50859375 0.57648125 0.506534375 0.6032265625 0.49417968749999996 0.6032265625 0.49006249999999996 0.6009984375 0.48903281249999997 0.5831671875 0.48903281249999997 0.5742515625 0.49315156250000003 0.5653359375 0.49315156250000003 0.560878125 0.49109218749999994 0.5564218750000001 0.49109218749999994 0.5519640625 0.48903281249999997 0.5430484375 0.48903281249999997 0.538590625 0.4869734375 0.529675 0.4869734375 0.5252171875 0.4849140625 0.5073875 0.4849140625 0.5029296875 0.4828546875 0.4890625 0.4828546875 0.4890625 0.5819203125 0.49624218750000004 0.578603125 0.49624218750000004 0.5765453125 0.5006999999999999 0.5744859375 0.5006999999999999 0.5724265625 0.509615625 0.5683078125 0.509615625 0.5662484375
17 0.8974328125 0.875115625 0.8929750000000001 0.87305625 0.8929750000000001 0.8648203125 0.9152640625 0.854525 0.9152640625 0.8483468750000001 0.91080625 0.8462875000000001 0.91080625 0.8339328125 0.9063484374999999 0.8318734375 0.9063484374999999 0.753628125 0.9041203124999999 0.7525984375 0.88183125 0.7525984375 0.8751453124999999 0.7556875 0.8751453124999999 0.757746875 0.879603125 0.7598046875 0.879603125 0.7680421875000001 0.8773734375 0.7690718750000001 0.8706875000000001 0.7659828125 0.8706875000000001 0.7598046875 0.8684578125 0.7587765625 0.8640015625 0.7587765625 0.8372546875 0.7711296875 0.832796875 0.7711296875 0.8216531249999999 0.7762781249999999 0.8216531249999999 0.8154015625 0.8261109375 0.8174609374999999 0.8261109375 0.829815625 0.83056875 0.8318734375 0.83056875 0.8339328125 0.8350265625000001 0.8359921874999999 0.8350265625000001 0.8421703125000001 0.8394828125 0.8442281250000001 0.8350265625000001 0.8462875000000001 0.8350265625000001 0.852465625 0.83056875 0.854525 0.83056875 0.8607015625000001 0.8261109375 0.8627609375 0.8261109375 0.8648203125 0.8216531249999999 0.8668796875 0.8216531249999999 0.8689375 0.8127375000000001 0.87305625 0.8127375000000001 0.875115625 0.8082796875 0.877175 0.8082796875 0.879234375 0.7993640625 0.8833515625 0.7993640625 0.8854109375 0.79490625 0.8874703125 0.79490625 0.8895296874999999 0.8283390624999999 0.904971875 0.832796875 0.904971875 0.8350265625000001 0.9039421875 0.8372546875 0.9029140625000001 0.8417125000000001 0.9029140625000001 0.8550859375 0.8967359374999999 0.8595437499999999 0.8967359374999999 0.8640015625 0.8946765624999999 0.8684578125 0.8946765624999999 0.8729156250000001 0.8926171875 0.8773734375 0.8926171875 0.8840609374999999 0.8895296874999999 0.8840609374999999 0.8874703125 0.8929750000000001 0.8833515625 0.8929750000000001 0.8812921875 0.8974328125 0.879234375 0.8974328125 0.875115625
17 0.8216531249999999 0.7886328125000001 0.8149656249999999 0.78554375 0.810509375 0.78554375 0.7971359375 0.791721875 0.792678125 0.791721875 0.7904484375 0.7906921875 0.7904484375 0.7886328125000001 0.79490625 0.7865734375 0.79490625 0.78245625 0.792678125 0.7814265625 0.7882203125 0.783484375 0.7837625 0.783484375 0.7793046875 0.78554375 0.7659312500000001 0.78554375 0.7637031249999999 0.7865734375 0.7637031249999999 0.7906921875 0.7770765625 0.79686875 0.7703890624999999 0.7999578125 0.7525593749999999 0.791721875 0.74364375 0.791721875 0.734728125 0.7958390625 0.7302703125 0.7958390625 0.7213546875 0.7999578125 0.716896875 0.7999578125 0.6990671875000001 0.80819375 0.694609375 0.80819375 0.676778125 0.8164312499999999 0.6723203125 0.8164312499999999 0.6678625 0.8184906249999999 0.6634046875 0.8184906249999999 0.654490625 0.8226078125 0.6500328125 0.8226078125 0.647803125 0.8236375 0.647803125 0.829815625 0.6611765625 0.8359921874999999 0.6611765625 0.8380515624999999 0.6723203125 0.8432000000000001 0.676778125 0.8432000000000001 0.7079828125 0.8576124999999999 0.7124406249999999 0.8576124999999999 0.7258125 0.863790625 0.7302703125 0.863790625 0.7481015625 0.8720265625 0.7525593749999999 0.8720265625 0.7592453124999999 0.875115625 0.7592453124999999 0.877175 0.761475 0.8782046875 0.7659312500000001 0.8782046875 0.7748468749999999 0.882321875 0.7793046875 0.882321875 0.7882203125 0.886440625 0.792678125 0.886440625 0.79490625 0.8854109375 0.8082796875 0.879234375 0.8082796875 0.877175 0.8127375000000001 0.875115625 0.8127375000000001 0.87305625 0.8216531249999999 0.8689375 0.8216531249999999 0.8668796875 0.8261109375 0.8648203125 0.8261109375 0.8586421874999999 0.83056875 0.8565828124999999 0.83056875 0.8380515624999999 0.8261109375 0.8359921874999999 0.8261109375 0.8318734375 0.8216531249999999 0.829815625 0.8216531249999999 0.7886328125000001
17 1 0.8339140625000001 0.99773125 0.8349624999999999 0.9932734375000001 0.8349624999999999 0.9910453125 0.8359921874999999 0.9910453125 0.8380515624999999 0.9843578125000001 0.8411406250000001 0.9799 0.8411406250000001 0.96875625 0.8462875000000001 0.96875625 0.8483468750000001 0.9665265625 0.8493765625 0.9620703125000001 0.8493765625 0.9553828125000001 0.852465625 0.9553828125000001 0.854525 0.9442390625 0.8596718750000001 0.93978125 0.8596718750000001 0.9353234374999999 0.8617312500000001 0.930865625 0.8596718750000001 0.9264078124999999 0.8596718750000001 0.9241796875 0.8607015625000001 0.9241796875 0.8627609375 0.9152640625 0.8668796875 0.9152640625 0.8689375 0.9063484374999999 0.87305625 0.9063484374999999 0.875115625 0.8974328125 0.879234375 0.8974328125 0.8812921875 0.8929750000000001 0.8833515625 0.8929750000000001 0.8854109375 0.88851875 0.8874703125 0.88851875 0.8895296874999999 0.8706875000000001 0.8977656250000001 0.8751453124999999 0.8998250000000001 0.8751453124999999 0.9018843750000001 0.8684578125 0.904971875 0.8640015625 0.904971875 0.8595437499999999 0.9029140625000001 0.8550859375 0.9029140625000001 0.8461703125 0.90703125 0.8417125000000001 0.90703125 0.8394828125 0.9080609374999999 0.8394828125 0.9101203124999999 0.8439406249999999 0.9121796874999999 0.8439406249999999 0.9142390625000001 0.8461703125 0.9152687500000001 0.8550859375 0.9152687500000001 0.8595437499999999 0.9132093749999999 0.8640015625 0.9132093749999999 0.8684578125 0.9152687500000001 0.8952046875 0.9152687500000001 0.8974328125 0.9142390625000001 0.8996625 0.9132093749999999 0.930865625 0.9132093749999999 0.93978125 0.9090906249999999 0.9442390625 0.9090906249999999 0.9865875000000001 0.8895296874999999 0.9865875000000001 0.8874703125 1 0.8812749999999999 1 0.8339140625000001
17 1 0.7804156250000001 0.9955015625 0.7783375 0.9955015625 0.7762781249999999 0.9865875000000001 0.772159375 0.9865875000000001 0.7701015625000001 0.9732140625 0.7639234375 0.9732140625 0.7618640625 0.96875625 0.7598046875 0.96875625 0.757746875 0.9642984374999999 0.7556875 0.9642984374999999 0.753628125 0.959840625 0.75156875 0.959840625 0.7495093749999999 0.9553828125000001 0.74745 0.9553828125000001 0.7453921875 0.9442390625 0.74024375 0.93978125 0.7423031250000001 0.9353234374999999 0.7423031250000001 0.930865625 0.7443625 0.9264078124999999 0.7443625 0.9152640625 0.7495093749999999 0.9152640625 0.753628125 0.91080625 0.7556875 0.91080625 0.780396875 0.9063484374999999 0.78245625 0.9063484374999999 0.8071640625000001 0.91080625 0.8092234375 0.91080625 0.829815625 0.9152640625 0.8318734375 0.91080625 0.8339328125 0.9152640625 0.8359921874999999 0.9152640625 0.8442281250000001 0.92195 0.8473171875000001 0.9241796875 0.8462875000000001 0.930865625 0.8432000000000001 0.9486968750000001 0.8432000000000001 0.9531546875 0.8411406250000001 0.9620703125000001 0.8411406250000001 0.9665265625 0.8390812499999999 0.9709843749999999 0.8390812499999999 0.9799 0.8349624999999999 0.9843578125000001 0.8349624999999999 1 0.8277374999999999 1 0.7804156250000001
13 0.9063484374999999 0.6939140625 0.9063484374999999 0.6959734375 0.8840609374999999 0.70626875 0.8840609374999999 0.708328125 0.879603125 0.7103875000000001 0.879603125 0.7124453125 0.8706875000000001 0.7165640625 0.8706875000000001 0.7186234375 0.8662296875 0.7206828125 0.8662296875 0.7248 0.8706875000000001 0.726859375 0.8706875000000001 0.72891875 0.8907468749999999 0.738184375 0.9264078124999999 0.738184375 0.930865625 0.74024375 0.9353234374999999 0.74024375 0.937553125 0.7392140625 0.9464671875 0.7350953125 0.9464671875 0.726859375 0.9420093749999999 0.7248 0.9420093749999999 0.7145046875000001 0.937553125 0.7124453125 0.937553125 0.6918546875 0.9330953125000001 0.6897953125 0.9330953125000001 0.68361875 0.930865625 0.6825890625000001 0.9152640625 0.6897953125 0.9152640625 0.6918546875 0.9130359374999999 0.692884375 0.908578125 0.692884375 0.9063484374999999 0.6939140625