6 0 0 0 0.41875 0.4390625 0.41875 0.4390625 0.191496875 0.43315468749999997 0.2062390625 0.41416875 0.22400000000000003 0.4129828125 0.21289843749999998 0.42366093749999995 0.1707140625 0.4390625 0.16285624999999998 0.4390625 0 0 0
17 0 0 0 0.397171875 0.003621875 0.397171875 0.02438125 0.41875 0.10833124999999999 0.41875 0.11159843750000001 0.40827187499999995 0.11159843750000001 0.368309375 0.10685156250000001 0.36386875 0.1044796875 0.3283453125 0.1044796875 0.3017046875 0.10922499999999999 0.2928234375 0.11159843750000001 0.26618125 0.1649921875 0.2373203125 0.191096875 0.210678125 0.22669375 0.1884765625 0.2326265625 0.15961562499999998 0.24449218749999999 0.150734375 0.2480515625 0.09522968750000001 0.2717828125 0.09078906249999999 0.3026328125 0.050826562500000005 0.347721875 0.10855 0.39518437500000003 0.121871875 0.41416875 0.14407343749999998 0.4260359375 0.17515624999999999 0.4390625 0.164321875 0.4390625 0 0 0
6 0.4390625 0 0.4390625 0.41875 1 0.41875 1 0.0549875 0.97476875 0.051465625 0.9779249999999999 0.03719375 0.944778125 0.00031874999999999997 0.94215 0 0.4390625 0
13 0.6265703125 0 0.6133 0.0360046875 0.5785734375 0.0241078125 0.50280625 0.019353125 0.47281562499999996 0.0348140625 0.46965781250000005 0.0467109375 0.4886015625 0.2108546875 0.4980703125 0.2441609375 0.5059640625 0.25248593750000003 0.5170140625 0.2465390625 0.5327968750000001 0.2846015625 0.5296390625 0.31790625 0.561209375 0.37975781249999996 0.60835625 0.41875 0.8117453125 0.41875 0.8674312499999999 0.3750015625 0.8863749999999999 0.34645468749999997 0.8990015625 0.27984375 0.9053156250000001 0.168034375 0.8737468749999999 0.060982812500000004 0.8097312499999999 0 0.7262390625 0 0.6764390625 0.014593749999999999 0.6441578125 0 0.6265703125 0
13 1 0.2631734375 0.9826609375 0.25010781249999997 0.9510921874999999 0.25010781249999997 0.9084734375 0.27508750000000004 0.8895328125 0.36310625 0.82639375 0.4130640625 0.8226203125 0.41875 1 0.41875 1 0.2631734375
14 0.5571046875000001 0.41875 0.551740625 0.37024375 0.5280609375 0.330990625 0.4390625 0.357134375 0.4390625 0.373909375 0.45096406250000004 0.41875 0.5571046875000001 0.41875
3 0.4390625 0 0.4390625 0.0079515625 0.46492187500000004 0.026487500000000004 0.5627875 0.019353125 0.6085640625 0.03005625 0.6142624999999999 0 0.4390625 0
7 0.8958468749999999 0.09428906249999999 0.9510921874999999 0.0716890625 0.9684546875000001 0.051465625 0.9652968749999999 0.0205421875 0.9416203124999999 0.0026984375000000003 0.9163656250000001 0.0026984375000000003 0.8579640625 0.03005625 0.8769031249999999 0.08001406250000001 0.8958468749999999 0.09428906249999999
13 1 0.056310937500000005 0.9889765625000001 0.05265625 0.8895328125 0.10618125 0.9116296875 0.18706562499999999 0.9053156250000001 0.253675 0.9163656250000001 0.26438125 0.95425 0.2477296875 0.9795046875000001 0.2477296875 1 0.262315625 1 0.056310937500000005
6 0.35406875000000004 0.670578125 0.3574546875 0.675315625 0.348990625 0.6812375 0.342221875 0.6693921875 0.318525 0.6693921875 0.304984375 0.6646546875 0.2931375 0.670578125 0.2914453125 0.68360625 0.315140625 0.685975 0.3219109375 0.6765 0.323603125 0.682421875 0.332065625 0.685975 0.3472984375 0.684790625 0.342221875 0.6930828124999999 0.27113437500000004 0.6907140625 0.25420937499999996 0.7001890625 0.24066875 0.6883453125 0.227128125 0.685975 0.200046875 0.6930828124999999 0.18819999999999998 0.7013734375 0.18481406250000001 0.7155875 0.191584375 0.7298015625 0.218665625 0.751121875 0.2169734375 0.778365625 0.227128125 0.780734375 0.384534375 0.77955 0.4390625 0.779028125 0.4390625 0.6664671875 0.4234640625 0.6599171875 0.3997671875 0.6622859375 0.3963828125 0.6670234374999999 0.3794578125 0.6693921875 0.36253125 0.6670234374999999 0.35406875000000004 0.670578125
21 0.3269875 0.7155875 0.3337578125 0.736909375 0.3472984375 0.739278125 0.37099375 0.7274328125 0.3777640625 0.7155875 0.3777640625 0.7061124999999999 0.3523765625 0.6978203125 0.33883593749999996 0.7001890625 0.3269875 0.7155875
16 0.2999078125 0.77718125 0.306678125 0.7558609374999999 0.27282656250000004 0.7321703125 0.26944218750000004 0.71321875 0.262671875 0.7061124999999999 0.2338984375 0.685975 0.1932765625 0.6954515625 0.18481406250000001 0.70848125 0.18481406250000001 0.7179562500000001 0.2017390625 0.741646875 0.24236093749999998 0.7677046875 0.25082343749999997 0.778365625 0.2897515625 0.77955 0.2999078125 0.77718125
13 0.4390625 0.7772718750000001 0.4390625 0.723415625 0.420078125 0.716771875 0.40653750000000005 0.716771875 0.35914687500000003 0.7333546875 0.32021875 0.77244375 0.3219109375 0.778365625 0.4390625 0.7772718750000001
13 0.43700312500000005 0.714403125 0.4390625 0.71464375 0.4390625 0.66300625 0.4234640625 0.6575484375 0.3997671875 0.6599171875 0.3777640625 0.6682078125 0.3743796875 0.6871609375000001 0.3963828125 0.716771875 0.43700312500000005 0.714403125
13 0.2897515625 0.71321875 0.2812890625 0.714403125 0.26944218750000004 0.7226953125 0.26944218750000004 0.7321703125 0.2999078125 0.7534921875 0.2999078125 0.7605984375 0.306678125 0.7653359375 0.3100625 0.7558609374999999 0.318525 0.7546765625 0.3303734375 0.746384375 0.323603125 0.736909375 0.3032921875 0.7250640625 0.306678125 0.71321875 0.33714374999999996 0.6990046875 0.3252953125 0.6930828124999999 0.3083703125 0.6907140625 0.2677484375 0.6907140625 0.2592859375 0.6966359375 0.2592859375 0.7013734375 0.27113437500000004 0.709665625 0.2897515625 0.71321875
13 0.38115 0.6658390625 0.35914687500000003 0.6646546875 0.3252953125 0.6693921875 0.32021875 0.6729468749999999 0.32021875 0.684790625 0.3252953125 0.6907140625 0.34052812499999996 0.6918984375 0.348990625 0.6907140625 0.35914687500000003 0.6812375 0.3693015625 0.67886875 0.38115 0.6658390625
6 1 0.41875 0.4390625 0.41875 0.4390625 1 1 1 1 0.41875