6 0 0 0 0.0326703125 0.0492484375 0.106296875 0.1393234375 0.1396046875 0.1917859375 0.123828125 0.2323703125 0.009875 0.23200625000000002 0 0 0
6 0.5317999999999999 0 0.49408593749999996 0.061446875 0.45 0.25539375 0.45 0.485721875 0.452640625 0.5285421875 0.4528203125 0.5296875 1 0.5296875 1 0 0.921946875 0 0.9193906249999999 0.0191109375 0.8799187500000001 0.043693749999999996 0.7567984375 0 0.5317999999999999 0
14 0.6411171875 0.47527656250000005 0.6125 0.5258093749999999 0.612378125 0.5296875 0.711178125 0.5296875 0.711178125 0.52035 0.704271875 0.505325 0.666771875 0.4834734375 0.6588796875 0.4889359375 0.6470359375 0.47527656250000005 0.6411171875 0.47527656250000005
25 0.6115125 0.2922625 0.65493125 0.28407031250000003 0.6746671875 0.3277734375 0.695390625 0.3291390625 0.755584375 0.3277734375 0.771371875 0.322309375 0.786175 0.30455625 0.7901234374999999 0.2854359375 0.7684140625 0.24172968749999998 0.7684140625 0.22807499999999997 0.7545968750000001 0.1871 0.7476906249999999 0.1802703125 0.6924296875 0.1775375 0.660853125 0.1693453125 0.6411171875 0.1693453125 0.617434375 0.1802703125 0.6046046875 0.20895156250000002 0.6026312500000001 0.22534218749999999 0.6046046875 0.288165625 0.6115125 0.2922625
13 0.9226484375 0 0.9114968749999999 0.027303125 0.875971875 0.046425 0.8503171875 0.0382296875 0.8246593750000001 0.111984375 0.7753187500000001 0.1037875 0.7467046875000001 0.13246875 0.7506484375 0.1679796875 0.79209375 0.26358125 0.8019640625 0.337334375 0.8266328125 0.37147968750000004 0.842421875 0.3824046875 0.9559031250000001 0.391965625 0.9864921875 0.3742125 1 0.34304999999999997 1 0 0.9226484375 0
13 1 0.368365625 0.9884656250000001 0.379671875 0.95096875 0.3987953125 0.8345265625 0.38786718750000004 0.8078843750000001 0.4602546875 0.819725 0.506690625 0.8295937500000001 0.5148859375 0.819725 0.5258093749999999 0.8200046875 0.5296875 1 0.5296875 1 0.368365625
13 0.7180859374999999 0.3824046875 0.7072328125 0.40016093750000004 0.715125 0.44659531250000006 0.74275625 0.506690625 0.7526234374999999 0.5121546875 0.75420625 0.5296875 0.8197109375 0.5296875 0.813803125 0.49030312499999995 0.7822281249999999 0.43020781250000006 0.7575578125 0.40698749999999995 0.7378218750000001 0.404259375 0.72795625 0.38513593749999997 0.7180859374999999 0.3824046875
13 0.5976984375 0.305921875 0.5809234375 0.337334375 0.56908125 0.391965625 0.5640703125 0.5296875 0.6098578125 0.5296875 0.624340625 0.4575234375 0.6657859375 0.36465000000000003 0.6638140625 0.30455625 0.65493125 0.286803125 0.6154609375 0.28953125 0.5976984375 0.305921875
13 0.48224375 0.506690625 0.4817078125 0.5296875 0.5258765624999999 0.5296875 0.5434234375 0.40016093750000004 0.5434234375 0.3865015625 0.5404640625 0.3824046875 0.49901875 0.39333125 0.4921125 0.405621875 0.48224375 0.506690625
13 0.5167828125 0.2267078125 0.486190625 0.274509375 0.4625078125 0.5094218749999999 0.4630703125 0.5296875 0.5594328125 0.5296875 0.5671078125 0.4739109375 0.5710546875 0.36191874999999996 0.5592140624999999 0.3264078125 0.55329375 0.22807499999999997 0.5444109375 0.21578124999999998 0.5167828125 0.2267078125
6 0.45 1 0.45 0.710503125 0.4163265625 0.643 0.3714875 0.5296875 0 0.5296875 0 0.8706343750000001 0.14418906250000002 1 0.45 1
6 1 0.5296875 0.45 0.5296875 0.45 0.79564375 0.6214921875 0.8173625 0.6690968749999999 0.7816562499999999 0.715715625 0.6933828125 0.7672890625 0.673546875 0.9339140625000001 0.7370234375 0.9854875 0.788596875 1 0.7789234375 1 0.5296875