6 0 0 0 0.459375 0.45 0.459375 0.45 0 0 0
16 0 0 0 0.28525 0.083178125 0.32592656249999996 0.0918578125 0.34635781250000003 0.1504515625 0.3580296875 0.1775796875 0.377 0.1981953125 0.42807031249999994 0.23725468749999998 0.4543390625 0.3023609375 0.4485 0.3077515625 0.459375 0.3787 0.459375 0.39242187500000003 0.4178578125 0.34250625 0.37408125000000003 0.3294859375 0.309875 0.30019062500000004 0.26171875 0.0658140625 0.060345312500000005 0.031040625 0 0 0
13 0 0.459375 0.133621875 0.459375 0.146109375 0.4514203125 0.186259375 0.44704062499999997 0.190596875 0.423696875 0.16998125 0.372621875 0.141771875 0.3580296875 0.087515625 0.355109375 0.007220312500000001 0.2879828125 0 0.28492656250000004 0 0.459375
3 0.396746875 0 0.3967640625 0.0005171875000000001 0.40977968750000004 0.026782812499999996 0.3989296875 0.08515 0.33816875 0.2252359375 0.344678125 0.341978125 0.3739765625 0.3901328125 0.43473750000000005 0.42515000000000003 0.44125 0.4426609375 0.45 0.43825000000000003 0.45 0 0.396746875 0
3 0.042175000000000004 0 0.0473703125 0.026782812499999996 0.076665625 0.06618437499999999 0.2665546875 0.21064375000000002 0.36095625 0.159575 0.39025 0.0997421875 0.3967640625 0.0705578125 0.394340625 0 0.042175000000000004 0
6 0.45 0 0.45 0.18088125 0.5217390625 0.16995 0.5478265625 0.15835625 0.5847828125000001 0.1612546875 0.5978265625 0.1496609375 0.619565625 0.1467625 0.6260875 0.1351671875 0.6347828125 0.1351671875 0.6402171875 0.12792187500000002 0.63695625 0.088790625 0.605434375 0.0873421875 0.605434375 0.052559375 0.617390625 0.051109375 0.6260875 0.0685015625 0.6543484375 0.0685015625 0.6597828125 0.0786453125 0.6597828125 0.10763125 0.6739124999999999 0.11487812500000001 0.6782609374999999 0.12357343750000001 0.682609375 0.11487812500000001 0.7010875000000001 0.1047328125 0.692390625 0.119225 0.692390625 0.151109375 0.706521875 0.15835625 0.7097828125000001 0.16560312500000002 0.7097828125000001 0.21777656250000002 0.7282609375 0.251109375 0.7467390625 0.2554578125 0.744565625 0.2931390625 0.7293484375 0.301834375 0.7293484375 0.3221234375 0.767390625 0.35835625000000004 0.7728265624999999 0.35690625 0.78804375 0.3221234375 0.7945656249999999 0.3163265625 0.7945656249999999 0.25255937500000003 0.7815218749999999 0.2467625 0.7771734375 0.16850156249999998 0.7706515625 0.15690625 0.7760875 0.152559375 0.7782609375 0.15835625 0.7913046875 0.1612546875 0.7967390625 0.1540078125 0.8 0.11197968750000001 0.8086953125 0.11777656249999999 0.830434375 0.11777656249999999 0.8521734375 0.10618281249999999 0.9 0.10908124999999999 0.907609375 0.119225 0.9010875 0.13661718750000001 0.9010875 0.151109375 0.9152171875 0.1496609375 0.918478125 0.1453125 0.9206515625 0.0873421875 0.9271734374999999 0.0786453125 0.9271734374999999 0.0670515625 0.932609375 0.065603125 0.9358703125 0.075746875 0.9293484375000001 0.0873421875 0.9315218749999999 0.10763125 0.9413046875 0.11487812500000001 1 0.11487812500000001 1 0 0.45 0
13 0.4782609375 0.054007812499999995 0.45652187499999997 0.059804687499999995 0.45 0.0685015625 0.45 0.0844421875 0.455434375 0.0844421875 0.47608750000000005 0.0685015625 0.49782656249999996 0.062703125 0.5032609375 0.038065625 0.48695625 0.039515625 0.4782609375 0.054007812499999995
13 0.5521734375 0.054007812499999995 0.5445656249999999 0.05835625 0.5489124999999999 0.0728484375 0.5456515625 0.077196875 0.5260875 0.0858921875 0.5152171875 0.077196875 0.5043484375 0.077196875 0.45 0.1098765625 0.45 0.1345875 0.457609375 0.177196875 0.481521875 0.177196875 0.5456515625 0.1612546875 0.5793484375 0.125021875 0.5728265625 0.0844421875 0.5521734375 0.054007812499999995
6 0.11354375000000001 1 0.1081734375 0.8364203124999999 0.1245140625 0.8118375 0.1288734375 0.8577296875 0.2051359375 0.9101734374999999 0.2748609375 0.9396734375 0.3794484375 0.9429515625 0.38816562499999996 0.9658984374999999 0.45 0.9783 0.45 0.6129703125 0.43610156250000004 0.6315546875 0.37675625 0.459375 0.23580625 0.459375 0.1691828125 0.505359375 0.20404687500000002 0.6036953125 0.146303125 0.6086125 0.10708437500000001 0.680725 0.089653125 0.677446875 0.046075 0.759390625 0 0.7954328125 0 1 0.11354375000000001 1
16 0.45 0.8389828125 0.4164921875 0.83478125 0.384896875 0.8626421875 0.3718234375 0.924925 0.39034375 0.9691734375 0.45 0.9745796875 0.45 0.8389828125
18 0.3685546875 0.9101734374999999 0.3990578125 0.8380593749999999 0.45 0.8266453125 0.45 0.6731390625 0.3767453125 0.459375 0.24091875 0.459375 0.1691828125 0.515190625 0.2955609375 0.7872546875 0.3020984375 0.9019765625 0.3162609375 0.9265640625 0.336959375 0.924925 0.3685546875 0.9101734374999999
0 1 0.459375 0.45 0.459375 0.45 0.8393984375000001 0.4575390625 0.8393984375000001 0.459709375 0.8365046875000001 0.5421875 0.8365046875000001 0.5443578125 0.8336109374999999 0.5530390625 0.8336109374999999 0.5573796875 0.8278234375 0.5660624999999999 0.8278234375 0.5682328125 0.8249296875000001 0.570403125 0.8278234375 0.5769140625 0.8278234375 0.579084375 0.8307171875 0.5801703125000001 0.8292703124999999 0.5801703125000001 0.8263765624999999 0.5812546875 0.8249296875000001 0.5899375 0.8249296875000001 0.591021875 0.8263765624999999 0.5899375 0.8278234375 0.585596875 0.8278234375 0.5845109374999999 0.8292703124999999 0.585596875 0.8307171875 0.5921078125 0.8307171875 0.594278125 0.8336109374999999 0.6051296875000001 0.8336109374999999 0.6073000000000001 0.8365046875000001 0.6116421875 0.8365046875000001 0.6138125 0.8393984375000001 0.618153125 0.8393984375000001 0.6203234375 0.8365046875000001 0.6268343749999999 0.8365046875000001 0.6290046874999999 0.8336109374999999 0.6528796875 0.8336109374999999 0.65505 0.8365046875000001 0.6854375 0.8365046875000001 0.6876078125 0.8336109374999999 0.689778125 0.8336109374999999 0.6919484375 0.8307171875 0.69411875 0.8307171875 0.6962890625 0.8336109374999999 0.722334375 0.8336109374999999 0.7245046875 0.8307171875 0.7310171875 0.8307171875 0.7331875 0.8336109374999999 0.7353578125 0.8336109374999999 0.737528125 0.8307171875 0.7657437500000001 0.8307171875 0.7679140624999999 0.8336109374999999 0.7700843749999999 0.8336109374999999 0.7722546875 0.8307171875 0.8004703125000001 0.8307171875 0.8026406250000001 0.8336109374999999 0.8134937499999999 0.8336109374999999 0.8156640625 0.8307171875 0.8351984375000001 0.8307171875 0.8373687500000001 0.8336109374999999 0.8395390624999999 0.8336109374999999 0.841709375 0.8307171875 0.869925 0.8307171875 0.8720953124999999 0.8336109374999999 0.8742656249999999 0.8336109374999999 0.8764359374999999 0.8307171875 0.8786078125 0.8307171875 0.880778125 0.8336109374999999 0.8981406249999999 0.8336109374999999 0.9003109374999999 0.8307171875 0.9089937499999999 0.8307171875 0.9111640624999999 0.8278234375 0.913334375 0.8278234375 0.9155046875 0.8249296875000001 0.9198453125 0.8249296875000001 0.922015625 0.8278234375 0.9545734375 0.8278234375 0.95674375 0.8307171875 0.965425 0.8307171875 0.9675953125 0.8278234375 0.9893000000000001 0.8278234375 0.9914703125000001 0.8249296875000001 1 0.8249296875000001 1 0.459375
17 0.973021875 0.6093484375 0.96868125 0.6035609375 0.96868125 0.5804109375000001 0.9665109375000001 0.5775171875 0.9665109375000001 0.5717296875 0.9632546874999999 0.5673890625 0.95674375 0.5673890625 0.9545734375 0.5702828125 0.952403125 0.5702828125 0.9502328125 0.5731765625 0.94155 0.5731765625 0.9372093749999999 0.5789640625 0.9306984375 0.5789640625 0.928528125 0.5818578125 0.9263578125 0.5818578125 0.925271875 0.5833046875 0.925271875 0.5890921875 0.9296125 0.5948796875 0.9296125 0.5977734375 0.9317828125000001 0.6006671875 0.9317828125000001 0.6064546875 0.933953125 0.6093484375 0.933953125 0.6238171875 0.9361234375 0.6267109375000001 0.9361234375 0.6411796875 0.9382953125 0.6440734375 0.9382953125 0.6556484375 0.9404656250000001 0.6585421874999999 0.9404656250000001 0.670115625 0.9426359375000001 0.673009375 0.9426359375000001 0.6759031249999999 0.9437203125 0.67735 0.952403125 0.67735 0.9534874999999999 0.6759031249999999 0.9545734375 0.67445625 0.95674375 0.67445625 0.957828125 0.673009375 0.957828125 0.667221875 0.9599984375 0.664328125 0.9599984375 0.6469671875 0.9665109375000001 0.6382859375 0.9665109375000001 0.6324984375 0.96868125 0.6296046875 0.96868125 0.6238171875 0.9708515625 0.6209234375 0.9708515625 0.6151359375000001 0.973021875 0.6122421874999999 0.973021875 0.6093484375
2 1 0.5876453125000001 0.9958109374999999 0.5876453125000001 0.9936406249999999 0.5847515624999999 0.9914703125000001 0.5876453125000001 0.9871296875000001 0.5876453125000001 0.9849593750000001 0.5847515624999999 0.9827890625 0.5847515624999999 0.9773624999999999 0.5919859375 0.9773624999999999 0.6006671875 0.9751921875 0.6035609375 0.9751921875 0.6093484375 0.973021875 0.6122421874999999 0.973021875 0.6209234375 0.9708515625 0.6238171875 0.9708515625 0.6324984375 0.96868125 0.6353921875 0.9708515625 0.6382859375 0.9708515625 0.6411796875 0.9741078125 0.6455203125 0.9827890625 0.6455203125 0.9838734375 0.6440734375 0.9871296875000001 0.6397328124999999 0.9914703125000001 0.6397328124999999 0.9936406249999999 0.6426265625 1 0.6426265625 1 0.5876453125000001
2 0.8872890625000001 0.7699484375 0.8883734375 0.7685015625 0.8883734375 0.7627140625 0.88511875 0.758375 0.880778125 0.758375 0.8786078125 0.75548125 0.8764359374999999 0.75548125 0.8742656249999999 0.7525875 0.8634140625000001 0.7525875 0.862328125 0.754034375 0.862328125 0.7569281250000001 0.8612437500000001 0.758375 0.8590734375 0.758375 0.8547328125 0.7641609375 0.8482203125 0.7641609375 0.84605 0.7670546875 0.841709375 0.7670546875 0.8395390624999999 0.7699484375 0.833028125 0.7699484375 0.8265156250000001 0.7786296875 0.8200046875 0.7786296875 0.8167500000000001 0.7829703125 0.822175 0.7902046875 0.8243453125 0.7902046875 0.8265156250000001 0.7930984375000001 0.841709375 0.7930984375000001 0.8427953125000001 0.7916515625 0.8438796875 0.7902046875 0.850390625 0.7902046875 0.8525625 0.7873109375 0.856903125 0.7873109375 0.8590734375 0.7844171875 0.8634140625000001 0.7844171875 0.8677546875000001 0.7786296875 0.869925 0.7786296875 0.8720953124999999 0.7757359375 0.8742656249999999 0.7757359375 0.8764359374999999 0.7728421875 0.880778125 0.7728421875 0.8829484375 0.7699484375 0.8872890625000001 0.7699484375
17 0.8080671875000001 0.699053125 0.805896875 0.701946875 0.805896875 0.704840625 0.8037265625 0.707734375 0.8037265625 0.710628125 0.80155625 0.713521875 0.80155625 0.716415625 0.7993859375000001 0.719309375 0.7993859375000001 0.722203125 0.80155625 0.725096875 0.80155625 0.727990625 0.8048125 0.73233125 0.8156640625 0.73233125 0.8167500000000001 0.730884375 0.8210906250000001 0.725096875 0.8210906250000001 0.719309375 0.8232609375 0.716415625 0.8232609375 0.713521875 0.8341125 0.699053125 0.8341125 0.6961593749999999 0.833028125 0.6947125 0.8308578125 0.6947125 0.8286875 0.69181875 0.8265156250000001 0.6947125 0.8243453125 0.69181875 0.8113234374999999 0.69181875 0.8080671875000001 0.6961593749999999 0.8080671875000001 0.699053125
17 0.7907031250000001 0.733778125 0.7950453125 0.727990625 0.7950453125 0.725096875 0.7993859375000001 0.719309375 0.7993859375000001 0.716415625 0.80155625 0.713521875 0.80155625 0.710628125 0.8037265625 0.707734375 0.8037265625 0.704840625 0.805896875 0.701946875 0.805896875 0.699053125 0.8080671875000001 0.6961593749999999 0.8080671875000001 0.693265625 0.8091531249999999 0.69181875 0.8113234374999999 0.69181875 0.8134937499999999 0.688925 0.8156640625 0.688925 0.817834375 0.68603125 0.8200046875 0.68603125 0.8232609375 0.681690625 0.8232609375 0.673009375 0.8276015624999999 0.667221875 0.8276015624999999 0.664328125 0.8319421874999999 0.6585421874999999 0.8319421874999999 0.6556484375 0.840625 0.6440734375 0.840625 0.6411796875 0.844965625 0.6353921875 0.844965625 0.6324984375 0.8471359375 0.6296046875 0.8471359375 0.6267109375000001 0.84930625 0.6238171875 0.8482203125 0.6223703125 0.84605 0.6223703125 0.8438796875 0.6194765624999999 0.841709375 0.6194765624999999 0.8395390624999999 0.6165828125 0.8373687500000001 0.6165828125 0.8351984375000001 0.6136890625 0.8134937499999999 0.6136890625 0.8113234374999999 0.6107953125 0.8091531249999999 0.6107953125 0.8037265625 0.6035609375 0.8037265625 0.6006671875 0.8026406250000001 0.5992203125 0.8004703125000001 0.5992203125 0.792875 0.5890921875 0.792875 0.5861984375 0.7907031250000001 0.5833046875 0.7907031250000001 0.5804109375000001 0.7874484374999999 0.5760703125 0.7852781249999999 0.5760703125 0.7809375000000001 0.5702828125 0.7765953125 0.5702828125 0.773340625 0.5746234375 0.773340625 0.5775171875 0.7765953125 0.5818578125 0.778765625 0.5818578125 0.7820218750000001 0.5861984375 0.7798515625 0.5890921875 0.7798515625 0.5977734375 0.77768125 0.6006671875 0.77768125 0.6064546875 0.7755109375 0.6093484375 0.7755109375 0.6151359375000001 0.773340625 0.6180296875 0.773340625 0.6209234375 0.7711703125 0.6238171875 0.7711703125 0.6267109375000001 0.7603171875 0.6411796875 0.7603171875 0.6440734375 0.758146875 0.6469671875 0.758146875 0.6527546875 0.7570625 0.6542015625000001 0.754890625 0.6542015625000001 0.75380625 0.6556484375 0.75380625 0.6585421874999999 0.7527203124999999 0.6599890625 0.7505499999999999 0.6599890625 0.7483796875000001 0.6628812500000001 0.7440390625 0.6628812500000001 0.74186875 0.665775 0.7396984375 0.665775 0.737528125 0.6686687499999999 0.7353578125 0.6686687499999999 0.7331875 0.6715625000000001 0.7310171875 0.6715625000000001 0.7288453125000001 0.67445625 0.7245046875 0.67445625 0.722334375 0.67735 0.7201640625 0.67735 0.71799375 0.68024375 0.713653125 0.68024375 0.7082265624999999 0.6874781249999999 0.7158234375 0.69760625 0.71799375 0.69760625 0.7201640625 0.7005 0.722334375 0.7005 0.7288453125000001 0.70918125 0.7310171875 0.70918125 0.7321015625 0.710628125 0.7321015625 0.713521875 0.7364421875 0.719309375 0.7364421875 0.722203125 0.7429546874999999 0.730884375 0.7429546874999999 0.733778125 0.75380625 0.748246875 0.75380625 0.751140625 0.758146875 0.7569281250000001 0.758146875 0.7598203125 0.7624875 0.7656078125 0.7624875 0.7685015625 0.7679140624999999 0.7757359375 0.7700843749999999 0.7757359375 0.7711703125 0.7742890625000001 0.7722546875 0.7728421875 0.774425 0.7728421875 0.7755109375 0.7713953124999999 0.7755109375 0.7685015625 0.77768125 0.7656078125 0.77768125 0.7627140625 0.7798515625 0.7598203125 0.7798515625 0.7569281250000001 0.7841921875 0.751140625 0.7841921875 0.748246875 0.7885328125 0.7424593749999999 0.7885328125 0.739565625 0.7907031250000001 0.7366718750000001 0.7907031250000001 0.733778125
17 0.6398578125000001 0.7062875 0.6376875 0.7062875 0.63443125 0.710628125 0.63443125 0.725096875 0.6322609375 0.727990625 0.63443125 0.730884375 0.63443125 0.733778125 0.630090625 0.739565625 0.630090625 0.7424593749999999 0.62575 0.748246875 0.631175 0.75548125 0.6420281250000001 0.75548125 0.6431125 0.754034375 0.6474546875 0.748246875 0.6474546875 0.739565625 0.649625 0.7366718750000001 0.649625 0.733778125 0.6517953125 0.730884375 0.6517953125 0.727990625 0.653965625 0.725096875 0.6517953125 0.722203125 0.6517953125 0.719309375 0.650709375 0.7178625000000001 0.6463687499999999 0.7178625000000001 0.6431125 0.713521875 0.6431125 0.710628125 0.6398578125000001 0.7062875
17 0.7407828125 0.7569281250000001 0.7386125 0.7598203125 0.7386125 0.7656078125 0.7440390625 0.7728421875 0.7462093750000001 0.7728421875 0.7483796875000001 0.7757359375 0.7505499999999999 0.7757359375 0.7527203124999999 0.7786296875 0.761403125 0.7786296875 0.7624875 0.7771828125 0.7646578125 0.7742890625000001 0.7646578125 0.7713953124999999 0.758146875 0.7627140625 0.758146875 0.7598203125 0.7570625 0.758375 0.754890625 0.758375 0.7516359375 0.754034375 0.7516359375 0.751140625 0.7505499999999999 0.7496937499999999 0.7462093750000001 0.7496937499999999 0.7440390625 0.7525875 0.74186875 0.7525875 0.7407828125 0.754034375 0.7407828125 0.7569281250000001
13 0.7093125 0.6831375000000001 0.7125671875 0.678796875 0.7125671875 0.670115625 0.7028 0.6570953125 0.7006296875 0.6570953125 0.69411875 0.6484140625 0.6919484375 0.6484140625 0.689778125 0.6455203125 0.6876078125 0.6455203125 0.6854375 0.6426265625 0.6810953125 0.6426265625 0.678925 0.6455203125 0.6767546875 0.6455203125 0.674584375 0.6484140625 0.6724140625 0.6484140625 0.6691578125000001 0.6527546875 0.6691578125000001 0.661434375 0.6669875000000001 0.664328125 0.6669875000000001 0.667221875 0.665903125 0.6686687499999999 0.6637328124999999 0.6686687499999999 0.65830625 0.6759031249999999 0.65830625 0.678796875 0.6561359375 0.681690625 0.6561359375 0.6874781249999999 0.653965625 0.6903718750000001 0.653965625 0.693265625 0.6561359375 0.6961593749999999 0.6561359375 0.704840625 0.65830625 0.707734375 0.65830625 0.710628125 0.6604765625 0.713521875 0.6604765625 0.716415625 0.662646875 0.719309375 0.662646875 0.722203125 0.6648171875 0.725096875 0.6648171875 0.730884375 0.6669875000000001 0.733778125 0.6669875000000001 0.7366718750000001 0.674584375 0.7468 0.6810953125 0.7468 0.68218125 0.7453531250000001 0.6876078125 0.73811875 0.689778125 0.73811875 0.6962890625 0.7294375 0.698459375 0.7294375 0.6995453125 0.727990625 0.6995453125 0.719309375 0.698459375 0.7178625000000001 0.6962890625 0.7178625000000001 0.6886921874999999 0.707734375 0.6886921874999999 0.693265625 0.6919484375 0.688925 0.7028 0.688925 0.7071421875 0.6831375000000001 0.7093125 0.6831375000000001
1 0.5628062500000001 0.8148015624999999 0.5628062500000001 0.8090140625 0.5573796875 0.8017796875000001 0.555209375 0.8017796875000001 0.5530390625 0.7988859374999999 0.55086875 0.8017796875000001 0.546528125 0.8017796875000001 0.5421875 0.8075671874999999 0.537846875 0.8075671874999999 0.535675 0.8046734375 0.5324203125 0.8090140625 0.5324203125 0.8148015624999999 0.5335046875 0.8162484375 0.561721875 0.8162484375 0.5628062500000001 0.8148015624999999
1 0.697375 0.5659421874999999 0.697375 0.5630484375 0.6962890625 0.561603125 0.689778125 0.561603125 0.6876078125 0.5587093750000001 0.6810953125 0.5587093750000001 0.6800109375 0.56015625 0.6800109375 0.5659421874999999 0.6810953125 0.5673890625 0.6832671875 0.5673890625 0.6854375 0.5702828125 0.69411875 0.5702828125 0.6952046875 0.5688359375 0.697375 0.5659421874999999
1 0.749465625 0.53700625 0.7527203124999999 0.541346875 0.754890625 0.541346875 0.7559765625 0.5399 0.7603171875 0.5341125 0.7603171875 0.5312187500000001 0.7624875 0.5283249999999999 0.7624875 0.52543125 0.7646578125 0.5225375 0.7646578125 0.51964375 0.761403125 0.515303125 0.7592328125 0.515303125 0.7559765625 0.51964375 0.7559765625 0.5225375 0.7516359375 0.5283249999999999 0.7516359375 0.5312187500000001 0.749465625 0.5341125 0.749465625 0.53700625
17 0.459709375 0.7728421875 0.4607953125 0.7713953124999999 0.46730625000000003 0.7627140625 0.46730625000000003 0.7598203125 0.478159375 0.7453531250000001 0.478159375 0.739565625 0.4727328125 0.73233125 0.466221875 0.73233125 0.462965625 0.7366718750000001 0.462965625 0.739565625 0.45645468749999996 0.748246875 0.45645468749999996 0.751140625 0.4521140625 0.7569281250000001 0.4521140625 0.7685015625 0.45536875 0.7728421875 0.459709375 0.7728421875
1 0.556696875 0.5874078125 0.5517624999999999 0.601175 0.55759375 0.6005765625 0.5614078124999999 0.5909984374999999 0.5582671875 0.5874078125 0.556696875 0.5874078125