6 0 0 0 0.2796875 0.5796875 0.2796875 0.5796875 0 0 0
6 0 0 0 0.2796875 0.5796875 0.2796875 0.5796875 0 0 0
6 0 0.7437984375 0.5796875 0.4513328125 0.5796875 0.2796875 0.17724375 0.2796875 0 0.3542921875 0 0.7437984375
13 0.51125625 0.377265625 0.51125625 0.37191874999999996 0.521175 0.34785937499999997 0.519190625 0.3398375 0.5062953125 0.32513125 0.502328125 0.32513125 0.48248749999999996 0.311765625 0.4547140625 0.311765625 0.45074531249999994 0.314440625 0.4477703125 0.36122343749999997 0.4586796875 0.365234375 0.484471875 0.383946875 0.49935156249999996 0.3826109375 0.5082796875 0.3812734375 0.51125625 0.377265625
13 0.5796875 0.4504171875 0.5796875 0.32146718750000003 0.5320875 0.3358265625 0.515225 0.366571875 0.49538593750000004 0.4253875 0.49538593750000004 0.48955000000000004 0.5033203125 0.49489375 0.5796875 0.4504171875
13 0.5796875 0.31535156249999996 0.5796875 0.28311406250000004 0.5737546874999999 0.2796875 0.4306421875 0.2796875 0.42991406249999997 0.29438749999999997 0.45074531249999994 0.311765625 0.484471875 0.311765625 0.52514375 0.3398375 0.54200625 0.32780468749999997 0.5796875 0.31535156249999996
12 0.224571875 0.3358265625 0.22953281250000002 0.3398375 0.21564531250000002 0.36122343749999997 0.21564531250000002 0.37191874999999996 0.224571875 0.3812734375 0.2335015625 0.3799359375 0.2483796875 0.37058125 0.2543328125 0.37058125 0.2563171875 0.37325624999999996 0.2632625 0.36924531250000003 0.2632625 0.3157765625 0.26127812499999997 0.30775625 0.257309375 0.3024078125 0.257309375 0.28904375 0.26127812499999997 0.28102187500000003 0.26127812499999997 0.2796875 0.2186203125 0.2796875 0.21762968749999997 0.28102187500000003 0.205725 0.30508125 0.20969375 0.3157765625 0.211678125 0.3344890625 0.21663749999999998 0.33849999999999997 0.224571875 0.3358265625
6 1 0.2796875 0.9310328125 0.2796875 0.9310499999999999 0.28037812500000003 0.9302718750000001 0.2796875 0.6956265625 0.2796875 0.66718125 0.30444218749999996 0.6155999999999999 0.2990953125 0.60071875 0.3111234375 0.59713125 0.35124374999999997 0.638415625 0.3565734375 0.6205609375 0.42073593750000005 0.6126234375 0.5116296874999999 0.5796875 0.533821875 0.5796875 0.66196875 0.9310499999999999 0.772290625 1 0.787625 1 0.2796875
16 1 0.31023125 0.9831609374999999 0.300775 0.889053125 0.28395625 0.8565890625 0.2796875 0.79375625 0.2796875 0.7891843749999999 0.2813671875 0.7354109375 0.29042500000000004 0.714284375 0.29948437499999997 0.6720312500000001 0.3020703125 0.6336203125 0.3085421875 0.6182578125 0.2956015625 0.60193125 0.3020703125 0.599053125 0.34347812499999997 0.6009703125 0.344771875 0.6249796875 0.3525375 0.6509046875 0.3797078125 0.7286875 0.4081765625 0.781503125 0.4469953125 0.8900124999999999 0.45217343750000005 0.9543531249999999 0.47029062499999996 0.9985234374999999 0.45735000000000003 1 0.4493953125 1 0.31023125
17 0.9399765625000001 0.4742046875 0.8913703125 0.4381125 0.8417703124999999 0.44345937500000004 0.8308609375 0.4581625 0.8526843749999999 0.49291718749999996 0.8169703125 0.5704453125 0.8665703125 0.602528125 0.883434375 0.5985171874999999 0.9012890625000001 0.563765625 0.9330343750000001 0.563765625 0.9439453125 0.5116296874999999 0.9399765625000001 0.4742046875
13 0.7713390625 0.6292609375 0.749515625 0.5918359375 0.749515625 0.5330203124999999 0.7753078125 0.4528140625 0.6989265625 0.3819703125 0.665196875 0.328503125 0.638415625 0.361921875 0.6225421875 0.41004218750000004 0.6126234375 0.5330203124999999 0.6324625 0.68005625 0.6880124999999999 0.6960984375 0.6959500000000001 0.6479781250000001 0.7128125 0.6225765625 0.7713390625 0.6292609375