6 0 0 0 0.4796875 0.36875 0.4796875 0.36875 0 0 0
3 0.11845625 0.22308124999999998 0.1125578125 0.2461140625 0.10174687499999999 0.247759375 0.154825 0.3793828125 0.189225 0.43696875 0.2226453125 0.4632953125 0.26785625 0.4764546875 0.27008125 0.4796875 0.31563125 0.4796875 0.2983265625 0.45506718749999997 0.20790000000000003 0.2707953125 0.1538421875 0.1868859375 0.14401250000000002 0.180303125 0.1263203125 0.22637187499999997 0.11845625 0.22308124999999998
3 0 0 0 0.44977656250000003 0.030978125000000002 0.399128125 0.1744828125 0.106265625 0.172515625 0.014128125 0.1656453125 0 0 0
6 0.36875 0 0.36875 0.4796875 1 0.4796875 1 0 0.36875 0
22 0.36875 0 0.36875 0.174640625 0.5392421875 0.1547140625 0.6391421875 0.147821875 0.64081875 0 0.36875 0
22 0.9353859375000001 0.084065625 0.9198859374999999 0.023753125 0.876828125 0.0375390625 0.842378125 0.073725 0.7493703125 0.2822296875 0.6735875 0.3752796875 0.553021875 0.45626718750000006 0.42039687499999995 0.47350000000000003 0.36875 0.45794375 0.36875 0.4796875 0.650553125 0.4796875 0.8372109375000001 0.3614921875 0.9250515625 0.38561718749999996 0.9371109375 0.2684421875 0.8940484375000001 0.147821875 0.9353859375000001 0.084065625
22 0.7834203125 0 0.7597031249999999 0.02203125 0.695978125 0.0168609375 0.6529171875 0.0771703125 0.6529171875 0.147821875 0.5426875 0.15299218750000002 0.36875 0.23589218750000002 0.36875 0.3218 0.4341765625 0.3528765625 0.549575 0.33909375 0.695978125 0.24087187499999999 0.6925328125 0.189178125 0.7321500000000001 0.1116359375 0.8285984375 0.00996875 0.7854296875 0 0.7834203125 0
0 0.36875 1 0.36875 0.4796875 0 0.4796875 0 1 0.36875 1
16 0.14542187499999998 0.704396875 0.13953125 0.69654375 0.13953125 0.6939265625 0.1287328125 0.6795296875 0.12677031249999998 0.6795296875 0.12480625000000001 0.6769109375 0.12284375 0.6769109375 0.1218609375 0.6756031250000001 0.1218609375 0.672984375 0.1208796875 0.671675 0.1149890625 0.671675 0.1110625 0.666440625 0.10713593749999999 0.666440625 0.10517343750000001 0.663821875 0.09732031249999999 0.663821875 0.09535625 0.6612046874999999 0.087503125 0.6612046874999999 0.08554062500000001 0.6585875 0.07965 0.6585875 0.07768749999999999 0.65596875 0.0678703125 0.65596875 0.06590625 0.6533515624999999 0.040384375 0.6533515624999999 0.0384203125 0.65596875 0.0364578125 0.65596875 0.035475 0.657278125 0.035475 0.6598953125 0.0335125 0.6625140625 0.0335125 0.6651312500000001 0.0315484375 0.6677484375 0.0315484375 0.6782203124999999 0.0335125 0.6808375 0.0335125 0.6860734374999999 0.035475 0.688690625 0.035475 0.691309375 0.037439062499999995 0.6939265625 0.037439062499999995 0.69654375 0.0502 0.713559375 0.0521640625 0.713559375 0.054126562499999996 0.716178125 0.056090625000000005 0.716178125 0.058053125000000004 0.7187953125 0.0600171875 0.7187953125 0.061979687500000005 0.7214125 0.06590625 0.7214125 0.0678703125 0.72403125 0.07179687500000001 0.72403125 0.0737609375 0.7266484375 0.07965 0.7266484375 0.0816140625 0.729265625 0.08357656249999999 0.729265625 0.08554062500000001 0.731884375 0.0914296875 0.731884375 0.09339375 0.7345015625 0.09732031249999999 0.7345015625 0.0992828125 0.7371203125 0.1091 0.7371203125 0.1110625 0.7397375 0.1149890625 0.7397375 0.11695312499999999 0.7423546875 0.12480625000000001 0.7423546875 0.1257875 0.741046875 0.12677031249999998 0.7397375 0.130696875 0.7397375 0.132659375 0.7371203125 0.1503296875 0.7371203125 0.153275 0.7331921875 0.153275 0.730575 0.1552375 0.7279578124999999 0.1552375 0.7201046875 0.153275 0.7174859375 0.153275 0.71486875 0.1503296875 0.7109421874999999 0.148365625 0.7109421874999999 0.14542187499999998 0.707015625 0.14542187499999998 0.704396875
17 0.3633484375 0.89549375 0.36138593750000003 0.8928765625 0.36138593750000003 0.8745515625 0.356478125 0.8680078124999999 0.3446984375 0.8680078124999999 0.3397890625 0.8745515625 0.3397890625 0.87716875 0.3378265625 0.8797875 0.3378265625 0.885021875 0.3358625 0.8876406250000001 0.3358625 0.8928765625 0.3339 0.89549375 0.3339 0.9059640625000001 0.3319359375 0.9085828125000001 0.3319359375 0.9112 0.32997343749999997 0.9138171875 0.32997343749999997 0.921671875 0.3329171875 0.9255984375 0.33488125 0.9255984375 0.33684375 0.928215625 0.33880781249999997 0.928215625 0.3456796875 0.9373781250000001 0.3456796875 0.9399953125 0.3466609375 0.9413046875 0.356478125 0.9413046875 0.35844062499999996 0.943921875 0.3682578125 0.943921875 0.36875 0.9432656250000001 0.36875 0.9262546875 0.36727656249999996 0.9242890625 0.36727656249999996 0.9138171875 0.36531250000000004 0.9112 0.36531250000000004 0.9059640625000001 0.3633484375 0.9033468750000001 0.3633484375 0.89549375
17 0.33684375 0.8104171875 0.3407703125 0.8104171875 0.342734375 0.813034375 0.3466609375 0.813034375 0.348625 0.8156515625 0.3545140625 0.8156515625 0.3554953125 0.8143437499999999 0.3554953125 0.8091078125 0.348625 0.7999453125 0.3466609375 0.7999453125 0.3407703125 0.7920921875 0.33880781249999997 0.7920921875 0.33684375 0.789475 0.3319359375 0.79601875 0.3319359375 0.7986375 0.32997343749999997 0.8012546875 0.3319359375 0.8038718749999999 0.3319359375 0.806490625 0.3329171875 0.8077984375 0.33488125 0.8077984375 0.33684375 0.8104171875
17 0.359575 1 0.3604046875 0.9988953125 0.36433125 0.9988953125 0.36875 0.9930031250000001 0.36875 0.9465406249999999 0.36629375 0.9465406249999999 0.36433125 0.943921875 0.36236718749999997 0.9465406249999999 0.3604046875 0.9465406249999999 0.35844062499999996 0.9491578125 0.356478125 0.9491578125 0.3505875 0.9570109375 0.348625 0.9570109375 0.3378265625 0.9714078125000001 0.3378265625 0.9792624999999999 0.341753125 0.9844968749999999 0.341753125 0.987115625 0.343715625 0.9897328125 0.343715625 0.9975859375 0.3455265625 1 0.359575 1
17 0.2380109375 0.900853125 0.235065625 0.8969250000000001 0.235065625 0.8943078124999999 0.2311390625 0.889071875 0.2311390625 0.8864546875 0.23015781249999998 0.8851453125000001 0.22426718750000002 0.8851453125000001 0.21739531250000002 0.8943078124999999 0.21935937499999997 0.8969250000000001 0.21935937499999997 0.89954375 0.21739531250000002 0.9021609375 0.21739531250000002 0.9178671875 0.22132187499999997 0.9231031249999999 0.22132187499999997 0.933575 0.22328593749999998 0.9361921875 0.22328593749999998 0.9414281250000001 0.22623125000000002 0.9453546875000001 0.22819375000000003 0.9453546875000001 0.229175 0.9440453124999999 0.23212031249999998 0.9401187500000001 0.2419375 0.9401187500000001 0.2468453125 0.933575 0.2468453125 0.9231031249999999 0.248809375 0.9204859375 0.248809375 0.9178671875 0.250771875 0.91525 0.250771875 0.9126328125000001 0.2527359375 0.9100140624999999 0.2527359375 0.9073968750000001 0.24979062500000002 0.9034703125 0.2478265625 0.9034703125 0.2458640625 0.900853125 0.2380109375 0.900853125
17 0.36236718749999997 0.8208875000000001 0.36433125 0.8208875000000001 0.3682578125 0.8261234375000001 0.36875 0.8261234375000001 0.36875 0.813034375 0.36629375 0.813034375 0.36433125 0.8156515625 0.36236718749999997 0.8156515625 0.36138593750000003 0.8169609375 0.36138593750000003 0.8195781249999999 0.36236718749999997 0.8208875000000001
17 0.043328125 0.756753125 0.0482375 0.763296875 0.0502 0.763296875 0.051182812499999994 0.76460625 0.051182812499999994 0.7672234375 0.058053125000000004 0.7763859375 0.06590625 0.7763859375 0.0668890625 0.7750765625 0.072778125 0.7672234375 0.072778125 0.756753125 0.06885156249999999 0.7515171875 0.06885156249999999 0.7489 0.06590625 0.7449734375 0.06394375 0.7449734375 0.061979687500000005 0.7423546875 0.0600171875 0.7423546875 0.058053125000000004 0.7397375 0.0502 0.7397375 0.0482375 0.7371203125 0.0462734375 0.7371203125 0.043328125 0.741046875 0.043328125 0.756753125
17 0.027621875 0.8038718749999999 0.0305671875 0.8077984375 0.03253125 0.8077984375 0.034493750000000004 0.8104171875 0.042346875 0.8104171875 0.043328125 0.8091078125 0.0443109375 0.8077984375 0.0462734375 0.8077984375 0.047254687499999996 0.806490625 0.047254687499999996 0.8038718749999999 0.04921875 0.8012546875 0.04921875 0.7907828125 0.047254687499999996 0.788165625 0.047254687499999996 0.7829296875 0.0443109375 0.779003125 0.026640625 0.779003125 0.025659375 0.7803125 0.025659375 0.7986375 0.027621875 0.8012546875 0.027621875 0.8038718749999999
17 0.0816140625 0.9098906250000001 0.07768749999999999 0.9151265625 0.0757234375 0.9151265625 0.072778125 0.9190531249999999 0.072778125 0.9242890625 0.0747421875 0.92690625 0.0747421875 0.9295249999999999 0.07768749999999999 0.9334515624999999 0.07965 0.9334515624999999 0.08259531249999999 0.9373781250000001 0.08259531249999999 0.9399953125 0.08357656249999999 0.9413046875 0.0894671875 0.9413046875 0.0904484375 0.9399953125 0.0924109375 0.9373781250000001 0.0924109375 0.9295249999999999 0.09339375 0.928215625 0.101246875 0.928215625 0.102228125 0.92690625 0.102228125 0.9242890625 0.1041921875 0.921671875 0.1041921875 0.9138171875 0.09732031249999999 0.90465625 0.09535625 0.90465625 0.09339375 0.9072734375 0.08554062500000001 0.9072734375 0.08357656249999999 0.9098906250000001 0.0816140625 0.9098906250000001
17 0.12284375 0.9491578125 0.1218609375 0.9504671874999999 0.12284375 0.9517749999999999 0.12480625000000001 0.9517749999999999 0.1257875 0.9504671874999999 0.12480625000000001 0.9491578125 0.12284375 0.9491578125
6 0.5403749999999999 1 0.685784375 0.8266375 0.7051859375 0.631915625 0.6666609375 0.4796875 0.36875 0.4796875 0.36875 1 0.5403749999999999 1
22 0.3783921875 1 0.5766453125 0.884209375 0.5548171875000001 0.7860015625 0.4529546875 0.7843078125 0.36875 0.849753125 0.36875 1 0.3783921875 1
12 0.496946875 0.742540625 0.5342484375 0.767203125 0.5882359375 0.7658328125 0.6392796875 0.7356921875 0.6706890624999999 0.6123937500000001 0.6263171875 0.4796875 0.55105 0.4796875 0.5440625 0.49594375 0.5048 0.5041625 0.462590625 0.576771875 0.4567015625 0.6069109375 0.4586625 0.65623125 0.496946875 0.742540625
12 0.3819390625 1 0.55584375 0.8959796875 0.5646765625 0.883653125 0.5450437499999999 0.8398109375 0.5450437499999999 0.790490625 0.4989109375 0.7781625 0.4517921875 0.7836421875 0.390934375 0.8247421875000001 0.36875 0.8500734375000001 0.36875 1 0.3819390625 1
12 0.5744921875 0.8781703125 0.594125 0.8535125000000001 0.6098312499999999 0.8261125 0.617684375 0.7987093749999999 0.6314265625 0.7685734375 0.6343687499999999 0.7480234375 0.618665625 0.7480234375 0.5852890625 0.769940625 0.5617328125000001 0.769940625 0.552896875 0.782271875 0.54111875 0.8178890624999999 0.5450437499999999 0.823371875 0.5450437499999999 0.8343328124999999 0.550934375 0.8535125000000001 0.5627140625 0.8754328125 0.5656578125 0.879540625 0.5744921875 0.8781703125
12 0.42430781250000005 0.528821875 0.40663906250000004 0.5178609375 0.3870078125 0.5178609375 0.36875 0.5324234375 0.36875 0.67376875 0.38406250000000003 0.6754109374999999 0.41645625 0.665821875 0.4331421875 0.6480125 0.44295937500000004 0.6233500000000001 0.4449203125 0.5712921875 0.42430781250000005 0.528821875