6 0 0 0 0.359375 0.4796875 0.359375 0.4796875 0 0 0
6 1 0.051000000000000004 0.7678140625000001 0.0551296875 0.7485203125 0.0702890625 0.7319828125 0.113009375 0.7053375 0.08406875 0.499534375 0.0785578125 0.4796875 0.08305 0.4796875 0.359375 1 0.359375 1 0.051000000000000004
12 0.4796875 0.128375 0.4829265625 0.13161406250000002 0.499184375 0.1072265625 0.5154421874999999 0.11419375000000001 0.522409375 0.1072265625 0.53866875 0.11071093750000001 0.58511875 0.096775 0.5990546875 0.11071093750000001 0.6455062500000001 0.096775 0.6757 0.096775 0.7128609375 0.11419375000000001 0.7233125 0.2204515625 0.7233125 0.2657421875 0.714021875 0.318 0.71861875 0.359375 0.7315484375 0.359375 0.7349249999999999 0.3458703125 0.7326015625 0.13335468749999999 0.719828125 0.093290625 0.7058921875 0.07935624999999999 0.4796875 0.08255625 0.4796875 0.128375
21 0.6153125 0.22219375000000002 0.552603125 0.19780625000000002 0.5421515625 0.2030328125 0.53866875 0.2396125 0.611828125 0.2622578125 0.6187968749999999 0.23438750000000003 0.6153125 0.22219375000000002
21 0.49686250000000004 0.18038749999999998 0.4910546875 0.1856125 0.4864109375 0.2030328125 0.48989374999999996 0.2152265625 0.5328609375 0.22741875 0.53866875 0.1943234375 0.49686250000000004 0.18038749999999998
21 0.5607328125000001 0.1995484375 0.565378125 0.1751609375 0.5572484375 0.16296875 0.5154421874999999 0.1455484375 0.5096359374999999 0.150775 0.504990625 0.164709375 0.508475 0.183871875 0.5607328125000001 0.1995484375
21 0.5607328125000001 0.164709375 0.5665390625 0.176903125 0.63273125 0.1751609375 0.6373765625 0.16819375 0.6373765625 0.1368390625 0.6315703125 0.13161406250000002 0.5665390625 0.1281296875 0.5607328125000001 0.1368390625 0.5607328125000001 0.164709375
21 0.7116984375000001 0.150775 0.71634375 0.1403234375 0.7128609375 0.11419375000000001 0.6733765625 0.096775 0.660603125 0.1020015625 0.6559578125 0.1194203125 0.659440625 0.13858125 0.7116984375000001 0.150775
21 0.63389375 0.13161406250000002 0.6431828125 0.1455484375 0.653634375 0.14380625 0.6559578125 0.10896874999999999 0.6501515625 0.100259375 0.612990625 0.1072265625 0.6025390625 0.1159359375 0.6037 0.1281296875 0.63389375 0.13161406250000002
21 0.7105375 0.156 0.698925 0.156 0.6884734375 0.16819375 0.689634375 0.19780625000000002 0.71634375 0.1960640625 0.7209890624999999 0.1751609375 0.7105375 0.156
21 0.714021875 0.28316093750000004 0.7209890624999999 0.27619375 0.7209890624999999 0.20651562499999998 0.7128609375 0.1943234375 0.6919578125 0.19780625000000002 0.6907953124999999 0.25877343750000004 0.701246875 0.284903125 0.714021875 0.28316093750000004
21 0.660603125 0.19258124999999998 0.6861515625 0.1856125 0.6884734375 0.164709375 0.6826671875 0.1525171875 0.6397 0.1577421875 0.6373765625 0.1856125 0.6431828125 0.1943234375 0.660603125 0.19258124999999998
21 0.672215625 0.318 0.6826671875 0.3371609375 0.6907953124999999 0.33541875 0.70473125 0.32496718750000003 0.70473125 0.3040640625 0.6884734375 0.23438750000000003 0.68034375 0.225678125 0.666409375 0.22916093750000002 0.672215625 0.318
21 0.6350546875 0.2448390625 0.6373765625 0.31103125 0.642021875 0.33541875 0.6501515625 0.3476125 0.6559578125 0.3458703125 0.6745375 0.331934375 0.6698921875 0.255290625 0.6617640625 0.22916093750000002 0.6431828125 0.22916093750000002 0.6350546875 0.2448390625
20 0.6524734375000001 0.225678125 0.6745375 0.22741875 0.6884734375 0.2204515625 0.6849890624999999 0.1908390625 0.6513125 0.1960640625 0.6524734375000001 0.225678125
21 0.5618937500000001 0.2500640625 0.53866875 0.243096875 0.5154421874999999 0.22219375000000002 0.4957 0.22741875 0.493378125 0.255290625 0.499184375 0.264 0.5154421874999999 0.27096718750000004 0.5479578125 0.30232187499999996 0.5607328125000001 0.3005796875 0.570021875 0.28316093750000004 0.5677 0.25877343750000004 0.5618937500000001 0.2500640625
21 0.510796875 0.34064375 0.558409375 0.33890312499999997 0.5572484375 0.30580625 0.5317000000000001 0.30232187499999996 0.5073140625 0.31103125 0.510796875 0.34064375
21 0.487571875 0.1699359375 0.4796875 0.16655625000000002 0.4796875 0.2536734375 0.4910546875 0.1786453125 0.487571875 0.1699359375
21 0.4796875 0.16159375 0.4922171875 0.18038749999999998 0.50266875 0.1786453125 0.5073140625 0.14380625 0.4852484375 0.142065625 0.4796875 0.16041875 0.4796875 0.16159375
21 0.5073140625 0.1403234375 0.5119578125 0.1159359375 0.5061515625 0.1072265625 0.49686250000000004 0.1072265625 0.4864109375 0.1194203125 0.48408749999999995 0.13335468749999999 0.48989374999999996 0.142065625 0.5073140625 0.1403234375
20 0.53866875 0.1072265625 0.5119578125 0.1194203125 0.5073140625 0.1368390625 0.510796875 0.1490328125 0.5607328125000001 0.1612265625 0.5607328125000001 0.1368390625 0.5665390625 0.1281296875 0.59789375 0.122903125 0.5897640625 0.100259375 0.53866875 0.1072265625
20 0.576990625 0.3005796875 0.6025390625 0.3040640625 0.60950625 0.269225 0.594409375 0.25703125 0.57350625 0.2535484375 0.576990625 0.3005796875
20 0.57350625 0.3580640625 0.5796265625 0.359375 0.6246796875 0.359375 0.6304093749999999 0.3458703125 0.6246031249999999 0.31277343750000003 0.5781515625 0.30232187499999996 0.570021875 0.31451562499999997 0.5677 0.3458703125 0.57350625 0.3580640625
21 0.607184375 0.297096875 0.6199578125 0.31277343750000003 0.6280875 0.31103125 0.6373765625 0.3005796875 0.6373765625 0.2657421875 0.6350546875 0.24135468750000003 0.6222796875000001 0.2326453125 0.60950625 0.2657421875 0.607184375 0.297096875
21 0.48852343749999994 0.359375 0.493378125 0.3423859375 0.4864109375 0.31451562499999997 0.4796875 0.311765625 0.4796875 0.359375 0.48852343749999994 0.359375
21 0.5514421875 0.3528375 0.5456359375 0.34064375 0.493378125 0.3458703125 0.49466406249999995 0.359375 0.550353125 0.359375 0.5514421875 0.3528375
21 0.5514421875 0.3493546875 0.550328125 0.359375 0.5783296874999999 0.359375 0.5595703125 0.3371609375 0.5514421875 0.3493546875
21 0.4796875 0.311975 0.48408749999999995 0.31103125 0.4910546875 0.3040640625 0.4910546875 0.2936125 0.480603125 0.2744515625 0.4796875 0.2744515625 0.4796875 0.311975
20 0.611828125 0.213484375 0.6234421875 0.1821296875 0.6083453125 0.1734203125 0.5967328125 0.176903125 0.590925 0.19258124999999998 0.5955703125 0.20651562499999998 0.6037 0.2152265625 0.611828125 0.213484375
21 0.6350546875 0.23438750000000003 0.6466671875000001 0.2204515625 0.6466671875000001 0.2030328125 0.636215625 0.1873546875 0.6246031249999999 0.1873546875 0.6141515625 0.21696718750000002 0.6222796875000001 0.2326453125 0.6350546875 0.23438750000000003
21 0.7186671875 0.359375 0.7186671875 0.3423859375 0.7128609375 0.3336765625 0.6733765625 0.3371609375 0.660603125 0.3493546875 0.6592671875 0.359375 0.7186671875 0.359375
20 0.8858921875 0.2622578125 0.9126015625000001 0.319740625 0.9323421875 0.318 0.9486000000000001 0.297096875 0.9509234375 0.28316093750000004 0.9253750000000001 0.2239359375 0.9056328125 0.2152265625 0.8858921875 0.2448390625 0.8858921875 0.2622578125
21 0.7871828125 0.21174218749999998 0.7755703125 0.21870937499999998 0.7697625 0.2378703125 0.779053125 0.25180625 0.779053125 0.2622578125 0.7964734375 0.2918703125 0.806925 0.29012812499999996 0.8138921874999999 0.2796765625 0.8138921874999999 0.2657421875 0.7999562499999999 0.22741875 0.7871828125 0.21174218749999998
21 0.7929890625 0.33541875 0.8080859374999999 0.3580640625 0.8231828125 0.356321875 0.8324718750000001 0.3423859375 0.83015 0.3214828125 0.8173765625 0.30232187499999996 0.8011171875 0.2988375 0.7929890625 0.318 0.7929890625 0.33541875
21 0.8022796874999999 0.1821296875 0.8266656250000001 0.176903125 0.8324718750000001 0.16819375 0.8266656250000001 0.13858125 0.7836984375 0.15425781249999998 0.786021875 0.1751609375 0.791828125 0.183871875 0.8022796874999999 0.1821296875
20 0.8847296874999999 0.100259375 0.8498921875000001 0.0898078125 0.8324718750000001 0.0950328125 0.8289890625 0.135096875 0.8789234374999999 0.150775 0.8882140625 0.122903125 0.8847296874999999 0.100259375
20 0.8789234374999999 0.24135468750000003 0.89634375 0.225678125 0.90215 0.21000000000000002 0.8731171874999999 0.15948437499999998 0.8638265625000001 0.15948437499999998 0.8440859375 0.19258124999999998 0.8707953125 0.243096875 0.8789234374999999 0.24135468750000003
20 0.9451171875 0.1734203125 0.9369875000000001 0.21000000000000002 0.9369875000000001 0.2448390625 0.9427937500000001 0.25703125 0.9532453125 0.25877343750000004 0.9683421875 0.2500640625 0.9718265625000001 0.230903125 0.96718125 0.1960640625 0.9520843749999999 0.1873546875 0.9451171875 0.1734203125
21 0.9695031249999999 0.24832187499999997 0.9799546875 0.2674828125 0.988084375 0.2657421875 0.999696875 0.25180625 0.9927296875 0.1995484375 0.982278125 0.1873546875 0.970665625 0.1908390625 0.96718125 0.1960640625 0.9695031249999999 0.24832187499999997
21 0.9695031249999999 0.297096875 0.97879375 0.2866453125 0.9811171875 0.272709375 0.9683421875 0.2500640625 0.9497625 0.260515625 0.9486000000000001 0.27619375 0.9590515625 0.2988375 0.9695031249999999 0.297096875
21 0.95556875 0.3493546875 0.9625359375 0.3423859375 0.9625359375 0.31451562499999997 0.9520843749999999 0.2953546875 0.9323421875 0.318 0.9323421875 0.331934375 0.9404718750000001 0.3476125 0.95556875 0.3493546875
21 0.91956875 0.32670937499999997 0.9009874999999999 0.3092890625 0.8754406250000001 0.3092890625 0.8673109374999999 0.3284515625 0.8696328125000001 0.33890312499999997 0.8824078125 0.3510953125 0.8928593749999999 0.3493546875 0.928859375 0.3476125 0.9323421875 0.33541875 0.928859375 0.32670937499999997 0.91956875 0.32670937499999997
21 0.8487312499999999 0.2796765625 0.8313109375 0.28141875 0.8255046875 0.2622578125 0.8196984374999999 0.260515625 0.8138921874999999 0.269225 0.8138921874999999 0.28316093750000004 0.8324718750000001 0.331934375 0.8429234375 0.3510953125 0.8580203125000001 0.3493546875 0.8673109374999999 0.33890312499999997 0.8673109374999999 0.3284515625 0.8487312499999999 0.2796765625
21 0.868471875 0.2674828125 0.85918125 0.2674828125 0.853375 0.2936125 0.856859375 0.30232187499999996 0.8673109374999999 0.3005796875 0.874278125 0.2796765625 0.868471875 0.2674828125
21 1 0.25475781249999996 0.9625359375 0.3075484375 0.9625359375 0.3423859375 0.976471875 0.3458703125 1 0.3125375 1 0.25475781249999996
21 0.779053125 0.255290625 0.7662796875 0.2361296875 0.7488609375 0.2448390625 0.7511828125 0.32496718750000003 0.7604734375 0.331934375 0.779053125 0.2796765625 0.779053125 0.255290625
20 1 0.0672265625 0.9590515625 0.058453124999999995 0.9416328125 0.0776140625 0.9439562499999999 0.15425781249999998 0.9544078125000001 0.1873546875 0.9718265625000001 0.189096875 1 0.1871765625 1 0.0672265625
20 0.7987953125 0.07935624999999999 0.7825375 0.07238750000000001 0.7720859375 0.0810984375 0.767440625 0.105484375 0.779053125 0.1159359375 0.8022796874999999 0.10896874999999999 0.7987953125 0.07935624999999999
20 0.8406015625000001 0.0898078125 0.874278125 0.0950328125 0.8731171874999999 0.0619359375 0.8347953125 0.0671625 0.8347953125 0.08458125 0.8406015625000001 0.0898078125
20 0.7744078125 0.2204515625 0.790665625 0.1856125 0.7744078125 0.1159359375 0.7569890625 0.093290625 0.7511828125 0.0985171875 0.7488609375 0.150775 0.7627953125 0.21696718750000002 0.7744078125 0.2204515625
20 0.7558281250000001 0.2378703125 0.7604734375 0.23438750000000003 0.7604734375 0.2030328125 0.7546671875000001 0.1873546875 0.7476984375 0.1873546875 0.744215625 0.230903125 0.7476984375 0.2396125 0.7558281250000001 0.2378703125
20 0.8022796874999999 0.2204515625 0.8406015625000001 0.1943234375 0.8417625 0.1786453125 0.8382796875 0.1734203125 0.8173765625 0.176903125 0.7836984375 0.1995484375 0.7941499999999999 0.22219375000000002 0.8022796874999999 0.2204515625
20 0.81156875 0.25877343750000004 0.8185375 0.25877343750000004 0.8580203125000001 0.22741875 0.845246875 0.1943234375 0.8022796874999999 0.2204515625 0.81156875 0.25877343750000004
20 0.917246875 0.1490328125 0.90215 0.1612265625 0.8975046875 0.189096875 0.90795625 0.2082578125 0.9253750000000001 0.21000000000000002 0.9358265625 0.204775 0.9416328125 0.189096875 0.9369875000000001 0.164709375 0.928859375 0.1525171875 0.917246875 0.1490328125
21 0.8928593749999999 0.3075484375 0.90215 0.297096875 0.8858921875 0.2622578125 0.88356875 0.2448390625 0.8754406250000001 0.243096875 0.8696328125000001 0.255290625 0.87195625 0.3075484375 0.8928593749999999 0.3075484375
21 0.6553765625 0.359375 0.6559578125 0.356321875 0.6315703125 0.31277343750000003 0.6246031249999999 0.31277343750000003 0.6304093749999999 0.331934375 0.6243109375 0.359375 0.6553765625 0.359375
6 0 0.7588796875 0.00516875 0.760503125 0.016771875 0.7699765625 0.03998125 0.7731343749999999 0.0446234375 0.7826078125 0.0713140625 0.7968203125 0.058548437499999995 0.804715625 0.0515859375 0.7984 0.045784375 0.80629375 0.04694375 0.8141890625 0.072475 0.8110312499999999 0.077115625 0.804715625 0.100325 0.804715625 0.10612656250000001 0.799978125 0.1049671875 0.795240625 0.11192968750000001 0.795240625 0.11076875 0.799978125 0.11657187499999999 0.8015578124999999 0.1258546875 0.8141890625 0.137459375 0.8141890625 0.14674375 0.8205046875 0.1560265625 0.8362953125000001 0.17459375 0.8362953125000001 0.19316093750000002 0.8426109374999999 0.31616875 0.8994562500000001 0.3416984375 0.9057718749999999 0.367228125 0.9215625 0.399721875 0.93419375 0.40552343750000003 0.9326156250000001 0.42292968750000004 0.9247203125000001 0.4763109375 0.8836656250000001 0.4796875 0.8814296875000001 0.4796875 0.359375 0.21640156250000003 0.359375 0.2163703125 0.35943125 0.2162734375 0.359375 0.16303125000000002 0.359375 0.13978125 0.39101093750000004 0.130496875 0.39101093750000004 0.098003125 0.375221875 0.077115625 0.375221875 0.060868750000000006 0.3815375 0.035340625 0.4068015625 0.0179328125 0.43680312499999996 0.015612500000000001 0.44627812499999997 0.0179328125 0.4715421875 0.00865 0.5189109375000001 0 0.5453921875 0 0.7588796875
3 0 0.7584640625 0.0248953125 0.7652390625 0.0272171875 0.7241859374999999 0.038820312499999995 0.67365625 0.041142187499999996 0.657865625 0.038820312499999995 0.6420765625 0.0515859375 0.5710203125 0.058548437499999995 0.5710203125 0.07943750000000001 0.586809375 0.1421015625 0.618390625 0.176915625 0.552071875 0.19316093750000002 0.5710203125 0.2128890625 0.5473343749999999 0.215209375 0.5189109375000001 0.2036046875 0.46522500000000006 0.1792359375 0.4289078125 0.14906406249999998 0.40048593749999994 0.12817499999999998 0.387853125 0.0956828125 0.375221875 0.0747953125 0.375221875 0.060868750000000006 0.3815375 0.049265625 0.397328125 0.037660937500000005 0.40364374999999997 0.0179328125 0.43364531250000005 0.0202546875 0.44311875 0.015612500000000001 0.44627812499999997 0.0202546875 0.45259375 0.0179328125 0.4715421875 0 0.5484078125 0 0.7584640625
7 0.40436249999999996 0.40364374999999997 0.3892765625 0.42417187500000003 0.3892765625 0.4304875 0.36955 0.4541734375 0.325453125 0.4541734375 0.299921875 0.4699625 0.28019531249999996 0.4936484375 0.275553125 0.5062796875 0.1734328125 0.6610234375 0.18155625 0.6720765625 0.18851875 0.6720765625 0.22333281249999998 0.6941828125 0.283675 0.7636609375 0.31965 0.7652390625 0.33589531250000004 0.7494484375 0.36838906250000003 0.6862890625 0.4194484375 0.6073375000000001 0.42641093750000003 0.5473343749999999 0.424090625 0.525228125 0.4322125 0.5268078125 0.4391765625 0.507859375 0.441496875 0.5173328125000001 0.45194062500000004 0.515753125 0.4542625 0.4999640625 0.45194062500000004 0.458909375 0.45658281250000005 0.4399609375 0.45194062500000004 0.42417187500000003 0.4322125 0.40364374999999997 0.41364687499999997 0.397328125 0.40436249999999996 0.40364374999999997
6 1 0.359375 0.4796875 0.359375 0.4796875 1 1 1 1 0.359375
12 0.9447796875 0.5726734375 0.9296843750000001 0.599521875 0.94245625 0.6387640625000001 0.972646875 0.6263703125 0.981934375 0.65115625 0.9947078125000001 0.649090625 0.9633578125 0.576803125 0.9447796875 0.5726734375