6 0.1307953125 0 0.1296875 0.0075265625 0.1326171875 0.0194765625 0.1521484375 0.0194765625 0.158984375 0.031428125 0.158984375 0.0447078125 0.162890625 0.0500203125 0.162890625 0.06595625000000001 0.166796875 0.07657968750000001 0.1609375 0.097828125 0.151171875 0.11376250000000002 0.151171875 0.12172968749999999 0.1580078125 0.1230578125 0.1677734375 0.115090625 0.1736328125 0.115090625 0.1794921875 0.1283703125 0.1912109375 0.1283703125 0.1921875 0.119075 0.2 0.1031390625 0.2 0.092515625 0.2068359375 0.085875 0.213671875 0.092515625 0.209765625 0.10845156250000001 0.2166015625 0.112434375 0.221484375 0.1243859375 0.221484375 0.145634375 0.2498046875 0.168209375 0.2546875 0.1748484375 0.256640625 0.196096875 0.2703125 0.2040640625 0.278125 0.25718125000000003 0.276171875 0.2624953125 0.280078125 0.3023328125 0.283984375 0.3076453125 0.2859375 0.3262359375 0.287890625 0.41388125000000003 0.29375 0.41388125000000003 0.299609375 0.40857031250000003 0.299609375 0.36341875 0.29765625 0.344828125 0.29375 0.336859375 0.28984375 0.26515 0.2859375 0.2598375 0.2830078125 0.18680000000000002 0.2927734375 0.18680000000000002 0.3025390625 0.1947671875 0.3533203125 0.20008125 0.3806640625 0.1947671875 0.4080078125 0.1947671875 0.4275390625 0.18680000000000002 0.4392578125 0.18680000000000002 0.4509765625 0.1788328125 0.4880859375 0.165553125 0.502734375 0.1536015625 0.502734375 0.13766562499999999 0.5369140625 0.0911875 0.5466796875 0.0832203125 0.55 0.076446875 0.55 0 0.1307953125 0
13 0.335428125 0 0.33671875 0.0022140625 0.3416015625 0.008853125 0.3474609375 0.008853125 0.3572265625 0.027445312500000003 0.3630859375 0.0301015625 0.3748046875 0.0460359375 0.4041015625 0.061971874999999996 0.408984375 0.0739234375 0.40703125 0.084546875 0.4099609375 0.0911875 0.4314453125 0.107121875 0.4451171875 0.10977812499999999 0.4509765625 0.1230578125 0.4646484375 0.1230578125 0.4802734375 0.13368125 0.5046875 0.13766562499999999 0.5369140625 0.0911875 0.55 0.0781375 0.55 0 0.335428125 0
13 0.2986328125 0.168209375 0.2927734375 0.168209375 0.2888671875 0.16024218750000002 0.2859375 0.17750468749999998 0.2908203125 0.18414375 0.3015625 0.188128125 0.30546875 0.17750468749999998 0.2986328125 0.168209375
13 0.4646484375 0.168209375 0.4685546875 0.170865625 0.4900390625 0.162896875 0.502734375 0.1509453125 0.502734375 0.142978125 0.4998046875 0.13899375 0.4763671875 0.13368125 0.4666015625 0.1257140625 0.4587890625 0.1257140625 0.444140625 0.1536015625 0.43828125 0.1721921875 0.4265625 0.1828171875 0.4421875 0.1828171875 0.4568359375 0.1788328125 0.4646484375 0.168209375
13 0.309375 0.16156874999999998 0.3240234375 0.1947671875 0.358203125 0.196096875 0.358203125 0.1854734375 0.3484375 0.1695359375 0.35234375 0.16156874999999998 0.35234375 0.1509453125 0.3318359375 0.12040312500000001 0.311328125 0.142978125 0.309375 0.16156874999999998
13 0.256640625 0.16156874999999998 0.26640625 0.1536015625 0.26640625 0.13766562499999999 0.2625 0.12172968749999999 0.2439453125 0.1018109375 0.2341796875 0.0964984375 0.2166015625 0.0964984375 0.215625 0.10845156250000001 0.2234375 0.12704218750000001 0.221484375 0.13766562499999999 0.225390625 0.145634375 0.2361328125 0.16024218750000002 0.2458984375 0.162896875 0.2517578125 0.170865625 0.2546875 0.1695359375 0.256640625 0.16156874999999998
6 0.55 0 0.55 0.2837015625 0.5576171875 0.2942359375 0.5634765625 0.29693749999999997 0.5927734375 0.29693749999999997 0.6005859375 0.307740625 0.6162109375 0.3185453125 0.62890625 0.3171953125 0.6298828125 0.3131421875 0.6240234375 0.3131421875 0.6162109375 0.305040625 0.6044921875 0.30233906250000003 0.599609375 0.2928859375 0.6123046875 0.28343281249999996 0.6142578125 0.2780296875 0.6376953125 0.30233906250000003 0.6474609375 0.30233906250000003 0.6552734375 0.307740625 0.6669921875 0.307740625 0.6689453125 0.31044218749999997 0.6865234375 0.307740625 0.6904296875 0.30233906250000003 0.7001953125 0.2996375 0.7236328125 0.28073125 0.7314453125 0.2780296875 0.7451171875 0.26182500000000003 0.7529296875 0.2591234375 0.7685546875 0.23751562499999998 0.7802734375 0.23751562499999998 0.7822265625 0.23481562500000003 0.8134765625 0.23751562499999998 0.84375 0.20375468749999998 0.849609375 0.179446875 0.8671875 0.15513749999999998 0.873046875 0.13893125 0.876953125 0.11732499999999998 0.87109375 0.0822125 0.873046875 0.0498 0.869140625 0.047099999999999996 0.869140625 0.0173890625 0.8642578125 0.005234375 0.8603515625 0.005234375 0.8564453125 0.010635937500000001 0.84765625 0.0038843750000000002 0.850465625 0 0.55 0
6 0.55 1 0.55 0.5226828125 0.5240328125 0.5143484375 0.3375359375 0.5045171875000001 0.326784375 0.4390625 0.31721093749999996 0.4390625 0.22073749999999998 0.4750234375 0.0869890625 0.5667796875 0 0.685621875 0 0.9606468749999999 0.021053125 0.9845937499999999 0.037290625 1 0.55 1
21 0.534909375 0.5998046875 0.54165 0.566603125 0.5225531250000001 0.5382796875 0.5045796874999999 0.5285140625 0.4663875 0.5304703125 0.35293437499999997 0.595896875 0.40235937499999996 0.6662109375 0.4214546875 0.659375 0.4371828125 0.6652359375 0.45964687499999995 0.645703125 0.493346875 0.6359375 0.534909375 0.5998046875
0 1 0.4390625 0.55 0.4390625 0.55 1 1 1 1 0.4390625
1 0.850390625 0.5934890625 0.85234375 0.5908859375 0.85234375 0.58828125 0.854296875 0.5856765625 0.854296875 0.5830734375 0.8396484375 0.5635421875 0.8376953125 0.5635421875 0.830859375 0.57265625 0.830859375 0.5752609375 0.8357421875 0.5817703125 0.8376953125 0.5817703125 0.8455078125 0.5921875 0.8474609375 0.5921875 0.8494140625 0.5947921875 0.850390625 0.5934890625