6 0 0 0 0.459375 0.4890625 0.459375 0.4890625 0 0 0
6 0.4890625 0 0.4890625 0.459375 0.8255984375000001 0.459375 0.8382578125 0.41467968749999995 0.882284375 0.3650453125 0.923471875 0.1340609375 0.91800625 0 0.4890625 0
17 0.597221875 0.29615625 0.5907984374999999 0.293278125 0.584371875 0.299034375 0.5597421875 0.34075937500000003 0.5404656250000001 0.3609 0.5351109375 0.379603125 0.4944171875 0.41125625 0.4890625 0.41845 0.4890625 0.459375 0.5637875 0.459375 0.5715203125 0.4572984375 0.6164968749999999 0.40837812500000004 0.641128125 0.3724078125 0.641128125 0.35514531250000003 0.597221875 0.29615625
6 0.4890625 1 0.4890625 0.459375 0 0.459375 0 1 0.4890625 1
12 0.1908359375 1 0.1621546875 0.9339171875 0.14508749999999998 0.9301265624999999 0.1312203125 0.9547734374999999 0.142953125 0.990796875 0.1706890625 0.9794203125 0.17840625000000002 1 0.1908359375 1
6 1 0.4892265625 0.9987468749999999 0.48913593750000006 0.9689859375 0.459375 0.741865625 0.459375 0.7342390625 0.48378125 0.6839062499999999 0.47414218750000003 0.6410703125 0.5212609375 0.620725 0.5287578125 0.59288125 0.6165703125 0.5628953125 0.6294234375000001 0.57544375 0.7 0.5661078125000001 0.6968890625 0.5693203125 0.7172359375 0.5543265625 0.7365109375000001 0.5371937499999999 0.8093328124999999 0.5414765625 0.835034375 0.528628125 0.854309375 0.532909375 0.8971453125 0.571725 1 1 1 1 0.4892265625
21 0.59288125 0.7557875000000001 0.6175109375 0.778275 0.6721250000000001 0.7857734375 0.7374484375 0.7739921875 0.751371875 0.7622125 0.748159375 0.6540546875000001 0.6367875 0.6497703125000001 0.5907390625 0.6851078125 0.5821703125 0.7322265625 0.59288125 0.7557875000000001
21 0.7386734374999999 1 0.7406625 0.9913828125 0.7256703124999999 0.9635390625 0.6742671875 0.922846875 0.667840625 0.8971453125 0.69675625 0.8660875000000001 0.7299546875 0.85859375 0.6689125 0.791128125 0.6239343749999999 0.7825593750000001 0.5778859375 0.8221812500000001 0.5693203125 0.8500249999999999 0.6100140625 0.9099937499999999 0.6549921875 0.9399796874999999 0.6549921875 1 0.7386734374999999 1
16 0.87303125 1 0.926996875 0.9442640625 0.9462734375 0.9121359375000001 0.9441312500000001 0.8478828125 0.9109343750000001 0.8403859375 0.8938015625 0.8082609375 0.8702421875 0.8125453125 0.8370421875 0.8457421875 0.8541765625 0.867159375 0.8349 0.982815625 0.7545859375 0.9924546875000001 0.7488515625 1 0.87303125 1
14 0.8541765625 0.8007640625000001 0.767434375 0.7804171875 0.7620796875 0.8093328124999999 0.7706484375 0.8328921875 0.8306171875 0.8457421875 0.8541765625 0.8007640625000001
14 0.8766640625000001 0.754715625 0.9034375000000001 0.7258015624999999 0.9762578124999999 0.5309 0.9805421875 0.48806562500000006 0.9640609375 0.459375 0.7433109375 0.459375 0.7171015625 0.5694515625000001 0.7213859375 0.5865875 0.7492296875 0.6080062500000001 0.75565625 0.7536453125 0.8370421875 0.7686390624999999 0.8766640625000001 0.754715625