6 0 0.5526921875 0.037109375 0.6582453125 0.033203125 0.6992953125 0.0361328125 0.7066250000000001 0.0517578125 0.7007609375 0.0703125 0.7462078125 0.0634765625 0.7506046875 0.0380859375 0.7124890625 0 0.731546875 0.0009765625 0.9968984375 0.3642578125 0.9968984375 0.3818359375 0.9881015625 0.3916015625 0.9968984375 0.5771484375 0.9910343749999999 0.67578125 0.9983625 0.7421875 0.99543125 0.73828125 0.8107125 0.71484375 0.7637984375 0.6044921875 0.7388765625 0.5927734375 0.7124890625 0.5732421875 0.7066250000000001 0.560546875 0.6875671875 0.552734375 0.6435859374999999 0.52734375 0.61133125 0.5234375 0.590809375 0.4892578125 0.5658859374999999 0.4775390625 0.5629546875 0.4677734375 0.59520625 0.4345703125 0.5688187499999999 0.4169921875 0.5688187499999999 0.3876953125 0.5981375 0.3779296875 0.47792500000000004 0.369140625 0.48232187499999996 0.3779296875 0.61573125 0.3427734375 0.61573125 0.3173828125 0.6421187500000001 0.2841796875 0.6303921875 0.2412109375 0.6479828125 0.244140625 0.61133125 0.2314453125 0.604003125 0.2138671875 0.6567796875 0.1767578125 0.6567796875 0.1435546875 0.6802374999999999 0.1396484375 0.6919640625000001 0.1318359375 0.6919640625000001 0.115234375 0.6611765625 0.123046875 0.6523828125 0.123046875 0.628925 0.1142578125 0.627459375 0.1064453125 0.6421187500000001 0.0283203125 0.5043124999999999 0.0166015625 0.4984484375 0.0126953125 0.5189734374999999 0 0.5204375 0 0.5526921875
15 0.3828125 0.48232187499999996 0.3720703125 0.4749921875 0.3671875 0.48232187499999996 0.37109375 0.5438953125 0.376953125 0.6084015625 0.3828125 0.6142640625 0.388671875 0.5966734375 0.3828125 0.48232187499999996
15 0.19140625 0.796053125 0.20703125 0.775528125 0.23828125 0.64651875 0.244140625 0.6084015625 0.2373046875 0.6010703125 0.2265625 0.61133125 0.20703125 0.6934312499999999 0.1875 0.784325 0.19140625 0.796053125
15 0.1718765625 0.848828125 0.138671875 0.99543125 0.15234375 0.9983625 0.1640625 0.9837046875000001 0.189453125 0.8546921875000001 0.1806640625 0.8385671875 0.1718765625 0.848828125
15 0.23828125 0.64651875 0.2412109375 0.604003125 0.2333984375 0.6010703125 0.2265625 0.61133125 0.185546875 0.7931203124999999 0.193359375 0.796053125 0.2109375 0.7608671874999999 0.23828125 0.64651875
15 0.30859375 0.7637984375 0.3828125 0.930928125 0.396484375 0.9455859375 0.400390625 0.9279953125 0.38671875 0.892809375 0.314453125 0.7256828125 0.2958984375 0.6919640625000001 0.2900390625 0.6948953125 0.2890625 0.7139546875 0.30859375 0.7637984375
15 0.3525390625 0.8884109375 0.341796875 0.8986734375 0.34375 0.913334375 0.3955078125 0.9998312500000001 0.416015625 0.9983625 0.3525390625 0.8884109375
15 0.5087890625 0.9294593750000001 0.5224609375 0.9441203125 0.53125 0.942653125 0.53515625 0.92213125 0.4716796875 0.8385671875 0.455078125 0.8546921875000001 0.5087890625 0.9294593750000001
12 0.404296875 0.866421875 0.4404296875 0.9265281249999999 0.494140625 0.95145 0.5146484375 0.947053125 0.5156265624999999 0.9338593749999999 0.4697265625 0.8796156249999999 0.45703125 0.8517609374999999 0.4697265625 0.8385671875 0.5419921875 0.9265281249999999 0.56640625 0.9016046875000001 0.56640625 0.8165765625000001 0.5546875 0.7725953125 0.5283203125 0.73594375 0.4931640625 0.7183531249999999 0.4619140625 0.7183531249999999 0.4267578125 0.7388765625 0.4140625 0.7608671874999999 0.404296875 0.8165765625000001 0.404296875 0.866421875
13 0.6455078125 0.9968984375 0.693359375 0.842965625 0.7041015625 0.8268375000000001 0.7109375 0.8341687500000001 0.708984375 0.8546921875000001 0.6640625 0.99543125 0.740234375 0.9983625 0.740234375 0.81364375 0.71484375 0.7637984375 0.6591796875 0.7476734375 0.6357421875 0.7535375 0.6044921875 0.779925 0.59765625 0.7901890625 0.599609375 0.8253734375 0.5810546875 0.8385671875 0.5703125 0.866421875 0.572265625 0.892809375 0.587890625 0.9045375 0.576171875 0.9837046875000001 0.5849609375 0.9939656250000001 0.6005859375 0.9881015625 0.6083984375 0.9968984375 0.6455078125 0.9968984375
15 0.7109375 0.8341687500000001 0.7041015625 0.8268375000000001 0.6953125 0.8371015625 0.646484375 0.9895671875 0.6474609375 0.9998312500000001 0.662109375 0.9983625 0.708984375 0.8546921875000001 0.7109375 0.8341687500000001
15 0.427734375 0.9983625 0.435546875 0.9866343750000001 0.427734375 0.9250624999999999 0.4169921875 0.8942765625 0.4052734375 0.8972078124999999 0.3984375 0.916265625 0.408203125 0.9631796874999999 0.4140625 0.9895671875 0.427734375 0.9983625
6 0.873046875 0.300534375 0.8623046875 0.2902734375 0.845703125 0.2917390625 0.865234375 0.26241875000000003 0.86328125 0.189115625 0.875 0.18032187500000002 0.8720703125 0.1671265625 0.8505859375 0.15833124999999998 0.8076171875 0.175921875 0.78515625 0.21550625 0.75 0.3298546875 0.7314453125 0.3547765625 0.7177734375 0.348915625 0.6826171875 0.42221562500000004 0.6376953125 0.442740625 0.5966796875 0.48965312499999997 0.5791015625 0.47792500000000004 0.5615234375 0.48085781250000004 0.5302734375 0.5043124999999999 0.521484375 0.5204375 0.521484375 0.5526921875 0.5322265625 0.57175 0.6279296875 0.5746828125000001 0.6357421875 0.5922734375 0.654296875 0.590809375 0.6748046875 0.577615625 0.6865234375 0.5541578125 0.7158203125 0.54829375 0.7314453125 0.5189734374999999 0.7509765625 0.5101765625 0.7744140625 0.4544671875 0.8134765625 0.448603125 0.849609375 0.3943609375 0.84765625 0.35917656249999996 0.8525390625 0.348915625 0.8955078125 0.348915625 0.904296875 0.3327875 0.8955078125 0.310796875 0.8623046875 0.3166609375 0.8593765624999999 0.3064 0.873046875 0.300534375