6 0 0 0 0.2296875 0.4296875 0.2296875 0.4296875 0 0 0
6 0.4922046875 0 0.49710625 0.028721875 0.46208906250000004 0.0069171875 0.5115234375 0.059875 0.5074062500000001 0.10349062499999999 0.5280046875 0.15645 0.5280046875 0.19695000000000001 0.58016875 0.2296875 1 0.2296875 1 0 0.4922046875 0
3 0.9346328125 0 0.9317343749999999 0.013148437499999999 0.9317343749999999 0.059875 0.9379140625 0.08791718750000001 0.9595421875 0.1299703125 0.986321875 0.1486640625 1 0.14965 1 0 0.9346328125 0
3 0.558503125 0 0.5455125 0.005359375 0.5331515625 0.017821875 0.5197640625 0.041185937500000006 0.5094640625 0.07545468749999999 0.5094640625 0.109721875 0.51564375 0.12841249999999998 0.5280046875 0.14710625 0.523884375 0.181375 0.5280046875 0.200065625 0.5352125 0.20785468749999997 0.5547796875000001 0.206296875 0.576409375 0.1798171875 0.6134875 0.1580078125 0.63305625 0.1190703125 0.6392359375 0.08791718750000001 0.6371765625 0.069221875 0.6155484375 0.027164062500000002 0.6093671875 0.027164062500000002 0.5908296875 0.005359375 0.5778390625000001 0 0.558503125 0
15 0.4412296875 0 0.45693906249999994 0.017821875 0.46723593750000003 0.0240484375 0.48371718750000003 0.042743750000000004 0.504315625 0.0583171875 0.51049375 0.0676640625 0.5115234375 0.06610625 0.51564375 0.059875 0.51564375 0.0474171875 0.5125531249999999 0.042743750000000004 0.4693328125 0 0.4412296875 0
14 0.6402640625 0.1050484375 0.6103984375 0.1689125 0.6042171875 0.2094125 0.5970078125 0.21720156249999997 0.5887687500000001 0.21720156249999997 0.5877390625000001 0.221871875 0.5914312500000001 0.2296875 0.7088046875 0.2296875 0.7154499999999999 0.221871875 0.7195703124999999 0.206296875 0.7133890625 0.184490625 0.669103125 0.11751249999999999 0.6567453125 0.10816406249999999 0.6402640625 0.1050484375
13 0.1229078125 1 0.4296875 0.5433656250000001 0.4296875 0.305784375 0.3212546875 0.3449125 0.2160796875 0.4975296875 0.22017812499999997 0.5453375 0.1805671875 0.5766 0.1491515625 0.521434375 0.1245671875 0.40559218750000003 0.0917859375 0.37985 0.0917859375 0.4147875 0.0685640625 0.40926875 0.07539375000000001 0.3908828125 0.059003125000000003 0.359621875 0 0.36660312500000003 0 1 0.1229078125 1
6 0.1232515625 1 0.37515624999999997 0.6325375 0.4296875 0.5332656250000001 0.4296875 0.3014890625 0.427684375 0.3013203125 0.3803078125 0.3179484375 0.363828125 0.340121875 0.32675312500000003 0.331809375 0.29379374999999996 0.4011 0.1887421875 0.2846875 0.16402343749999998 0.276371875 0.13724375 0.28745937499999996 0.0991375 0.3442796875 0.097078125 0.369225 0.11458593749999998 0.4011 0.087809375 0.39278749999999996 0.06926875 0.41218750000000004 0.0682390625 0.37476875 0.050731250000000006 0.3622984375 0 0.366925 0 1 0.1232515625 1
6 1 0.6292359375000001 0.9811109374999999 0.5083703125000001 0.923309375 0.370375 0.862415625 0.2917234375 0.7984234375 0.2558421875 0.7199796875 0.2558421875 0.6725 0.2889625 0.667978125 0.2296875 0.550646875 0.2296875 0.49497187499999995 0.25308125000000004 0.4296875 0.2676296875 0.4296875 1 0.8788640624999999 1 0.7664265625 0.947184375 0.8665406250000001 0.9844453124999999 0.9243421875 0.981684375 0.985240625 0.9389078124999999 0.944984375 0.8409296875000001 0.9615 0.8685265624999999 1 0.867059375 1 0.6292359375000001
16 0.6126343750000001 0.8216140624999999 0.62811875 0.8229890624999999 0.6570171874999999 0.7926359374999999 0.6735328125 0.74295625 0.626053125 0.701559375 0.6136671875 0.6408421875 0.5858015625 0.5953046875 0.4296875 0.4619578125 0.4296875 0.683671875 0.44336562500000004 0.6863796875 0.46917187499999996 0.7043203124999999 0.48878125 0.7526140625 0.5259359375 0.77745625 0.587865625 0.7719343750000001 0.6126343750000001 0.8216140624999999
3 0.9181515625 0.471109375 0.9563375000000001 0.491809375 0.9645984375 0.5580437500000001 0.9759484374999999 0.5815046875000001 0.988334375 0.5787453124999999 0.9707890625 0.47525000000000006 0.9109234374999999 0.3482984375 0.8500296875 0.283440625 0.7901625 0.2558421875 0.691078125 0.26964062499999997 0.6755984374999999 0.2848203125 0.6776625000000001 0.3482984375 0.6900453125 0.37313593749999996 0.6797234375000001 0.42833125 0.6219265625 0.5608046875 0.62811875 0.6712015625000001 0.6559890625 0.7167390625000001 0.713784375 0.749853125 0.7199796875 0.7664125 0.7364921875 0.7581359375 0.78190625 0.8160921875 0.884090625 0.8450703125000001 0.944984375 0.8271296875 0.9790453125 0.7622765625000001 0.9811109374999999 0.73191875 0.9687234374999999 0.73191875 0.944984375 0.785734375 0.8727359375000001 0.7995328125000001 0.8438343749999999 0.7829734375 0.7911953125 0.690515625 0.7911953125 0.6491203125 0.8097765625 0.6077234375 0.8056468750000001 0.5608046875 0.8293859375 0.5539078125 0.8562203125 0.5207875 0.9037000000000001 0.5207875 0.9006015625 0.4862875 0.9181515625 0.471109375
3 0.6714687500000001 0.44212968750000003 0.6776625000000001 0.41453281249999996 0.6714687500000001 0.23514062500000002 0.6691625 0.2296875 0.544915625 0.2296875 0.48878125 0.2558421875 0.4296875 0.27113437500000004 0.4296875 0.453134375 0.5538046875 0.5470046875000001 0.6436015625 0.4987125 0.6714687500000001 0.44212968750000003
3 0.8817421875000001 1 0.8861546875 0.994103125 0.8768625 0.9872015624999999 0.8520937500000001 0.9844453124999999 0.7984234375 0.9568421875 0.7911953125 0.9582234375 0.797390625 0.9665046875 0.7922281250000001 0.9734015625 0.7850046875000001 0.9582234375 0.7777765624999999 0.9540875 0.7746828125 0.9582234375 0.78913125 0.9747828125 0.7870703125 0.9803046875 0.7932609375 0.98858125 0.7932609375 1 0.7954203125 1 0.795325 0.9996203124999999 0.7984234375 0.995484375 0.8004484375 1 0.8817421875000001 1
3 0.611009375 1 0.5992203125 0.95270625 0.5403859375 0.8795703125 0.49290625 0.8519734375000001 0.508390625 0.8340328124999999 0.486715625 0.8271296875 0.459878125 0.7802125 0.4309796875 0.7829734375 0.4296875 0.7839031249999999 0.4296875 0.9838796875 0.46607343749999997 0.9927234374999999 0.46879375 1 0.611009375 1
15 0.67185625 1 0.5971546875 0.7871140624999999 0.587865625 0.7746953125 0.5754796875 0.7746953125 0.5723828125 0.7871140624999999 0.582703125 0.8202343750000001 0.6363749999999999 0.960984375 0.6473187499999999 1 0.67185625 1