6 0 0 0 0.4890625 0.51875 0.4890625 0.51875 0 0 0
6 1 0.3536296875 0.98433125 0.3247171875 0.9622999999999999 0.3210203125 0.9500624999999999 0.34688906249999996 0.9096734375000001 0.289609375 0.93048125 0.2877609375 0.926809375 0.2674328125 0.9782125 0.21200156250000002 0.90355625 0.05493749999999999 0.8864203125 0.0512421875 0.8643906250000001 0.088196875 0.8007515625 0.1362421875 0.7052859375 0.16950156249999998 0.6857046875 0.199065625 0.653884375 0.2064578125 0.65633125 0.2249328125 0.6098250000000001 0.19536875 0.5657671875 0.2766734375 0.51875 0.33117968750000004 0.51875 0.4890625 1 0.4890625 1 0.3536296875
6 0.51875 1 0.51875 0.5832843750000001 0.51758125 0.583025 0.4028359375 0.591965625 0.40039375 0.5889859375000001 0.2661171875 0.591965625 0.2697796875 0.560675 0.2746625 0.5547140625 0.2697796875 0.551734375 0.2880890625 0.5472640625 0.296634375 0.5219328125 0.2795453125 0.4980921875 0.2776953125 0.4890625 0.18510312499999998 0.4890625 0.179446875 0.4980921875 0.1586953125 0.5174624999999999 0.12695625 0.5264031250000001 0.10742499999999999 0.5383234375 0.08789375 0.5621640625000001 0.078128125 0.5651437500000001 0.07080468749999999 0.577065625 0.0647015625 0.5547140625 0.0549359375 0.5368328124999999 0.041507812500000005 0.5234234375 0.026859375 0.5174624999999999 0.0158734375 0.5040515625 0.0183140625 0.4980921875 0.0118421875 0.4890625 0 0.4890625 0 1 0.51875 1
3 0.0927765625 0.7499125 0.0732453125 0.7499125 0.0610390625 0.7588515625000001 0.050053125 0.77524375 0.0402875 0.799084375 0.0341828125 0.8303750000000001 0.0777140625 0.8406484375 0.07462656250000001 0.8516999999999999 0.0329625 0.8437859375000001 0.030521874999999997 0.897428125 0.0378453125 0.92126875 0.04883125 0.9346796875000001 0.07202499999999999 0.93616875 0.0830109375 0.92871875 0.12451562499999999 0.9346796875000001 0.13428125 0.92871875 0.1489296875 0.9317 0.21972968750000002 0.9257390624999999 0.241703125 0.9078578125 0.24902656250000002 0.9078578125 0.280765625 0.8899781250000001 0.2893109375 0.8676265624999999 0.261234375 0.8422953124999999 0.23437812500000002 0.8303750000000001 0.2172890625 0.815475 0.12207343749999999 0.7767328124999999 0.0927765625 0.7499125
3 0.3173859375 0.857196875 0.335696875 0.831865625 0.3479046875 0.80504375 0.3479046875 0.7871640625 0.2563515625 0.68435 0.2465859375 0.66646875 0.2319375 0.66646875 0.20996406250000002 0.68435 0.1892125 0.715640625 0.1745640625 0.7514015625 0.1745640625 0.781203125 0.292971875 0.8661359375 0.303959375 0.8676265624999999 0.3173859375 0.857196875
3 0 0.650896875 0.0402875 0.667959375 0.0549359375 0.6381578125 0.05737656249999999 0.60835625 0.06714218749999999 0.584515625 0.06714218749999999 0.5636546874999999 0.06225937499999999 0.548753125 0.04883125 0.5293828125 0.021976562499999998 0.5144828125 0 0.5165453125 0 0.650896875
3 0.51875 1 0.51875 0.9012765625 0.507815625 0.8959374999999999 0.4809609375 0.89891875 0.460209375 0.9331890625 0.440678125 0.9480906250000001 0.4455609375 0.9689515625 0.4455609375 0.9927921874999999 0.43965468750000003 1 0.51875 1
3 0 0.818725 0.017093749999999998 0.824415625 0.031742187500000005 0.824415625 0.0402875 0.7961031249999999 0.05249374999999999 0.7722625 0.05249374999999999 0.7603421875 0.042728125 0.7305406249999999 0.026859375 0.7081906250000001 0 0.6945296875 0 0.818725
3 0.09521874999999999 0.7499125 0.11230781249999999 0.7707734375 0.136721875 0.78269375 0.1428265625 0.781203125 0.1452671875 0.7365015625 0.157475 0.697759375 0.157475 0.6798796874999999 0.15015 0.65901875 0.1293984375 0.6336875 0.11230781249999999 0.6277265625 0.0927765625 0.6277265625 0.07080468749999999 0.6366671875 0.05737656249999999 0.6530578125 0.05249374999999999 0.667959375 0.05981875 0.7514015625 0.0634796875 0.755871875 0.0732453125 0.7499125 0.09521874999999999 0.7499125
7 0.4338390625 1 0.44311875 0.9927921874999999 0.4455609375 0.9749109375 0.4382359375 0.9480906250000001 0.42725 0.9346796875000001 0.4150421875 0.9346796875000001 0.3955109375 0.9525593750000001 0.3442421875 0.955540625 0.3076203125 0.9734203125 0.2781609375 1 0.4338390625 1
13 0 0.5204421875 0.0024453125 0.5204421875 0.0048859375 0.5144828125 0.021976562499999998 0.5144828125 0.0244171875 0.5204421875 0.030521874999999997 0.518953125 0.02075625 0.5040515625 0.0183140625 0.49213125 0.0158 0.4890625 0 0.4890625 0 0.5204421875
13 0.2765078125 1 0.312503125 0.970440625 0.319828125 0.955540625 0.3418 0.955540625 0.3479046875 0.9480906250000001 0.3454625 0.93915 0.32593125 0.92126875 0.32593125 0.8914671875 0.312503125 0.8720968750000001 0.280765625 0.8691171875 0.2795453125 0.8616671874999999 0.273440625 0.857196875 0.2697796875 0.864646875 0.2746625 0.879546875 0.2697796875 0.8825265625000001 0.2697796875 0.8884874999999999 0.2233921875 0.92126875 0.22583437499999998 0.9331890625 0.22095156249999998 0.95405 0.2233921875 0.962990625 0.21972968750000002 0.9674609375 0.195315625 0.9674609375 0.192875 0.9585203124999999 0.1916546875 0.9659703125 0.1818890625 0.9749109375 0.1843296875 0.98683125 0.1951171875 1 0.2765078125 1
18 0.23437812500000002 0.5532234375 0.1904328125 0.5472640625 0.1818890625 0.551734375 0.17700625 0.584515625 0.183109375 0.591965625 0.195315625 0.5979265625 0.2233921875 0.5964359375 0.2661171875 0.591965625 0.2697796875 0.5636546874999999 0.2661171875 0.559184375 0.23437812500000002 0.5532234375
13 0.1926765625 1 0.1843296875 0.9898109375 0.175784375 0.970440625 0.1513703125 0.9674609375 0.147709375 0.962990625 0.15015 0.9570296875000001 0.140384375 0.9510703125 0.136721875 0.937659375 0.1293984375 0.9406390625000001 0.12207343749999999 0.9346796875000001 0.08057031249999999 0.9317 0.06225937499999999 0.945109375 0.0647015625 0.977890625 0.0624375 1 0.1926765625 1
15 0 0.8357374999999999 0.0073281250000000004 0.839315625 0.036625000000000005 0.8422953124999999 0.039065625 0.8452765624999999 0.05615625 0.84825625 0.05859687500000001 0.8512359375 0.0683625 0.8512359375 0.07080468749999999 0.8542156249999999 0.0842328125 0.8527265625 0.08667343749999999 0.8497453125 0.08667343749999999 0.8437859375000001 0.08057031249999999 0.839315625 0.046390625000000005 0.8333546875 0.0439484375 0.8303750000000001 0.036625000000000005 0.8303750000000001 0.0341828125 0.8273953125 0.026859375 0.8273953125 0.014651562500000001 0.8214343749999999 0.0048859375 0.8214343749999999 0.0024453125 0.8184546875 0 0.8184546875 0 0.8357374999999999
15 0 0.5648640625 0.010990625 0.590475 0.021976562499999998 0.609846875 0.0280796875 0.60835625 0 0.545215625 0 0.5648640625
6 1 0.4890625 0.667275 0.4890625 0.6613078125 0.5170343749999999 0.6613078125 0.553703125 0.674753125 0.5834953125 0.7016421875 0.5926640625 0.7004203125 0.5995390625 0.70653125 0.60183125 0.7114203125 0.61558125 0.7480890625 0.6430828125 0.752978125 0.6568328125 0.7798671875000001 0.6614171875 0.7859796875 0.677459375 0.7884249999999999 0.7049593749999999 0.78475625 0.73016875 0.7749796875 0.7210015624999999 0.7676453125 0.698084375 0.733421875 0.7026671875 0.7260875 0.7210015624999999 0.7138656250000001 0.7210015624999999 0.707753125 0.7416296874999999 0.7101984375 0.81038125 0.70653125 0.81725625 0.68941875 0.808090625 0.6820859375 0.78975625 0.6429734375 0.7530859375000001 0.6209718750000001 0.71641875 0.6160828125 0.71641875 0.6038593750000001 0.7393359375 0.59408125 0.666 0.581859375 0.666 0.564746875 0.6935015625000001 0.5476359375000001 0.698084375 0.523190625 0.666 0.51875 0.6650203125 0.51875 1 1 1 1 0.4890625