6 0.0344109375 0.49210312500000003 0.04775 0.6828593749999999 0.11303749999999999 0.6735234375 0.1561109375 0.680821875 0.16100625 0.6617124999999999 0.1453421875 0.5857703125 0.114015625 0.5013578125 0.0797515625 0.4433296875 0.0347203125 0.4038984375 0.0344109375 0.49210312500000003
6 1 0.2901234375 0.9914703125000001 0.28319218749999997 0.9791531250000001 0.2072671875 0.956978125 0.16511875 0.9385015624999999 0.18250468749999998 0.8639796875 0.2028375 0.8510453124999999 0.2017140625 0.8368781249999999 0.199365625 0.83071875 0.1910078125 0.8270250000000001 0.188453125 0.823328125 0.2048890625 0.82025 0.22808437499999998 0.847965625 0.39137656249999997 0.8442703125 0.41898437499999996 0.799925 0.41848124999999997 0.80361875 0.3864015625 0.8030046875 0.3254609375 0.7869906249999999 0.31122031250000004 0.76605 0.30828125 0.7481890625000001 0.3000234375 0.745725 0.2741140625 0.7377171875 0.224259375 0.730328125 0.17222500000000002 0.7358718750000001 0.1492453125 0.7290953124999999 0.11848906249999999 0.72416875 0.08677968750000001 0.7093859375 0.0799078125 0.68783125 0.0802671875 0.666890625 0.0840328125 0.6582671875 0.10674375 0.65395625 0.1454734375 0.6404062500000001 0.127534375 0.609609375 0.1013953125 0.5775828125 0.11313437500000001 0.557259375 0.1482375 0.5338546875 0.211 0.524 0.20344062499999999 0.5073703125 0.1662421875 0.5005953125 0.134371875 0.4925890625 0.09233749999999999 0.46856875000000003 0.064553125 0.434078125 0.0671390625 0.4039 0.0924453125 0.355859375 0.1463640625 0.3453875 0.1409859375 0.329990625 0.107246875 0.3065875 0.079515625 0.27702343749999997 0.09146875 0.23083125 0.1243203125 0.182790625 0.1659484375 0.168009375 0.19818125 0.1612328125 0.24674999999999997 0.1834078125 0.2888984375 0.1661609375 0.337675 0.11442656250000001 0.3331765625 0.0842453125 0.333903125 0.0663859375 0.347990625 0.04298125 0.37165 0.0442125 0.4019234375 0.034359375 0.40441874999999994 0.0342625 0.4899859375 0.066984375 0.957921875 0.3226015625 0.9791624999999999 0.53108125 1 1 1 1 0.2901234375
16 0.7268359375 0.181734375 0.730753125 0.1288 0.7219421875 0.083640625 0.6690796875 0.0825921875 0.6583109375 0.0976390625 0.6543953124999999 0.132815625 0.66026875 0.19014999999999999 0.6309 0.5427546875 0.6406890625 0.5720171875 0.6671203125 0.6116078125 0.752290625 0.652753125 0.780678125 0.625034375 0.7894890625000001 0.5920578125 0.7268359375 0.181734375
16 0.7777421875 0.46318281250000004 0.7797 0.44559218749999996 0.7992796875 0.4188828125 0.8031953125 0.3268828125 0.780678125 0.301840625 0.7513109375 0.29928750000000004 0.748375 0.31146093750000003 0.76599375 0.4337453125 0.7777421875 0.46318281250000004
12 0.8149421875 0.5161390625 0.8541000000000001 0.4840265625 0.8541000000000001 0.4556140625 0.841375 0.42076874999999997 0.808090625 0.417875 0.7797 0.44559218749999996 0.783615625 0.502759375 0.7963421875 0.5162953124999999 0.8149421875 0.5161390625
14 1 0.33138125 0.9696171874999999 0.1779828125 0.9471 0.17425 0.8629109375 0.2095484375 0.84333125 0.2078453125 0.825709375 0.19210624999999998 0.820815625 0.21121249999999997 0.8247312499999999 0.254171875 0.8717218750000001 0.49976562500000005 0.8560593750000001 0.5197140625000001 0.8541000000000001 0.54795625 0.8717218750000001 0.638278125 0.8834687499999999 0.6570578125 0.8834687499999999 0.7209859375 1 0.7700578124999999 1 0.33138125
21 0.3362359375 0.398153125 0.3215515625 0.4164078125 0.3176375 0.504859375 0.3274265625 0.7827328125 0.34113125 0.7910265625 0.44881562500000005 0.654775 0.46643749999999995 0.4467671875 0.45566874999999996 0.415640625 0.41846875 0.391096875 0.3812671875 0.3878625 0.3362359375 0.398153125
25 0.16394375 0.3441046875 0.10520624999999999 0.3354453125 0.071921875 0.3432046875 0.0484265625 0.362471875 0.04353125 0.378028125 0.0484265625 0.405090625 0.08366875 0.44366874999999995 0.11597500000000001 0.501528125 0.1590484375 0.6189234375 0.1590484375 0.5301359375 0.17373125 0.504775 0.2060375 0.480946875 0.20799375000000003 0.4313953125 0.223659375 0.4078953125 0.2217 0.3722109375 0.18156406249999998 0.34918593750000004 0.1786265625 0.32229375 0.208975 0.266334375 0.21876406249999997 0.26718593749999997 0.23051093749999998 0.30016875 0.2403 0.290365625 0.267709375 0.2963015625 0.25400625 0.2631453125 0.20114218749999999 0.24789374999999997 0.16394375 0.3441046875
25 0.177646875 0.505115625 0.1629625 0.5269234375 0.15708906250000002 0.5477218749999999 0.16100625 0.640403125 0.17177343750000001 0.6821843750000001 0.24225781249999997 0.7096234375 0.2716265625 0.701521875 0.281415625 0.7236828125 0.3235109375 0.7681843749999999 0.3147 0.4921734375 0.28533125 0.478965625 0.21876406249999997 0.48027968750000005 0.177646875 0.505115625
25 0.194290625 0.9487343750000001 0.21680468749999998 0.9453640625 0.23246875 0.9076609375 0.3225328125 0.8160453125 0.32546875000000003 0.79676875 0.3195953125 0.7749484375 0.267709375 0.7082828125 0.252046875 0.72823125 0.236384375 0.7162140625 0.19526875 0.7126390625 0.1443640625 0.729521875 0.10912031250000001 0.761975 0.090521875 0.7940968749999999 0.076815625 0.846178125 0.0915 0.8954015625 0.13848906249999998 0.9385546874999999 0.194290625 0.9487343750000001
25 0.0477171875 0.682378125 0.16100625 0.6759203125 0.1551328125 0.6221359375 0.1257640625 0.527240625 0.0954171875 0.466 0.042553125000000004 0.40457968749999995 0.0337421875 0.4055890625 0.035103125 0.502003125 0.0477171875 0.682378125