6 0.474090625 0.0458984375 0.529340625 0.080078125 0.6113296874999999 0.111328125 0.6861843750000001 0.126953125 0.705790625 0.1220703125 0.702225 0.0791015625 0.718265625 0.009765625 0.718265625 0 0.4384453125 0.0009765625 0.474090625 0.0458984375
6 1 1 0.9906937499999999 0.2881546875 0.9918140624999999 0 0.43899999999999995 0.0006156250000000001 0.4356359375 0.01044375 0.405359375 0.009215625 0.37956875 0.032564062500000004 0.36387187499999996 0.050379687500000006 0.36050781249999997 0.0804875 0.36050781249999997 0.1320953125 0.310046875 0.14930000000000002 0.2696796875 0.12718125 0.220340625 0.1339390625 0.1867 0.1486859375 0.14072656249999999 0.196609375 0.10372343749999999 0.2426890625 0.08914531249999999 0.27218125 0.1149359375 0.2955265625 0.1474546875 0.31088593750000004 0.1519390625 0.3213328125 0.0936296875 0.36925625 0.0655984375 0.3993609375 0.059990625 0.4337671875 0.08578125 0.45772812500000004 0.12727187499999998 0.46571562499999997 0.1586671875 0.47247500000000003 0.1945515625 0.48906406249999995 0.2012765625 0.4988953125 0.1362421875 0.522240625 0.09923593750000001 0.542515625 0.08465937500000001 0.574465625 0.10820624999999999 0.6051859375 0.12502968750000001 0.618703125 0.08578125 0.623003125 0.0622328125 0.6316046875 0.0566265625 0.6524953124999999 0.054384375 0.6739984375 0.059990625 0.68874375 0.0913875 0.693659375 0.12166406249999999 0.70041875 0.14521250000000002 0.6948875 0.19679375 0.7022609375 0.24613125 0.7102468749999999 0.271921875 0.71270625 0.27865 0.7305234375 0.279771875 0.7514140625 0.2926671875 0.7673875 0.353778125 0.7680015625000001 0.386296875 0.7643156249999999 0.3829328125 0.8085531250000001 0.3549015625 0.8122390625 0.193428125 0.784590625 0.1698796875 0.7876624999999999 0.1530609375 0.79135 0.15530312500000001 0.795034375 0.1631546875 0.8011796875 0.1642734375 0.8153109374999999 0.1642734375 0.8282140625000001 0.1373609375 0.90255625 0.1183 0.9209875000000001 0.1586671875 0.9431062499999999 0.2337953125 0.9553953125 0.25846718750000003 0.9891875000000001 0.27528593749999997 1 1 1
16 0.525778125 0.595703125 0.1693171875 0.625 0.1122859375 0.619140625 0.0766390625 0.623046875 0.060598437500000005 0.6337890625 0.057034375000000005 0.6865234375 0.10159218750000001 0.6953125 0.1550609375 0.69140625 0.5614234375 0.75390625 0.5952890625 0.7451171875 0.6255859375 0.716796875 0.5917234375 0.6318359375 0.55429375 0.60546875 0.525778125 0.595703125
16 0.270909375 0.7158203125 0.270909375 0.7451171875 0.294078125 0.767578125 0.3867578125 0.763671875 0.41527343749999995 0.744140625 0.4330984375 0.7421875 0.40457968749999995 0.73046875 0.283384375 0.712890625 0.270909375 0.7158203125
12 0.41527343749999995 0.744140625 0.3849765625 0.7724609375 0.3849765625 0.8056640625 0.4188390625 0.818359375 0.44735625 0.818359375 0.48300312500000003 0.779296875 0.484784375 0.7607421875 0.47230937500000003 0.748046875 0.41527343749999995 0.744140625
14 0.6006359375 0.8359375 0.51151875 0.818359375 0.48300312500000003 0.8203125 0.46161562500000003 0.8359375 0.21922187499999998 0.7890625 0.1764453125 0.78515625 0.1568421875 0.7900390625 0.1711015625 0.8076171875 0.1711015625 0.8271484375 0.12832656250000002 0.9111328125 0.1301078125 0.93359375 0.46161562500000003 1 0.732525 0.99609375 0.6826203125 0.84765625 0.6184578125 0.84765625 0.6006359375 0.8359375
21 0.42596718750000007 0.287109375 0.40636406249999996 0.3017578125 0.3921046875 0.3466796875 0.3921046875 0.3837890625 0.4134921875 0.4208984375 0.44379375000000004 0.431640625 0.6541015625 0.4140625 0.8002499999999999 0.306640625 0.793121875 0.29296875 0.515084375 0.283203125 0.42596718750000007 0.287109375
25 0.4384453125 0.0146484375 0.4117109375 0.009765625 0.3956703125 0.0146484375 0.3742828125 0.0380859375 0.3635890625 0.0712890625 0.3671546875 0.1298828125 0.26734375 0.1669921875 0.2780375 0.2197265625 0.3101203125 0.2333984375 0.3065546875 0.2060546875 0.3172484375 0.1962890625 0.28516875 0.1845703125 0.28516875 0.1748046875 0.3439828125 0.14453125 0.3707171875 0.1474609375 0.3903234375 0.1875 0.42596718750000007 0.189453125 0.45092187499999997 0.173828125 0.5008250000000001 0.171875 0.5275593749999999 0.1396484375 0.55429375 0.125 0.6434078125 0.125 0.529340625 0.08203125 0.474090625 0.0498046875 0.4384453125 0.0146484375
25 0.727178125 0.2080078125 0.705790625 0.1376953125 0.6647953125 0.126953125 0.5721171875 0.123046875 0.550728125 0.12890625 0.5275593749999999 0.1435546875 0.49904374999999995 0.1845703125 0.491915625 0.2509765625 0.502609375 0.2802734375 0.7788625 0.2890625 0.737871875 0.2470703125 0.7164843750000001 0.2373046875 0.727178125 0.2080078125
25 0.8786734375 0.04296875 0.8252046875 0.056640625 0.791340625 0.0751953125 0.75569375 0.1103515625 0.73430625 0.1611328125 0.73430625 0.2021484375 0.745 0.2177734375 0.7236125 0.2333984375 0.78599375 0.28515625 0.80738125 0.291015625 0.8269859374999999 0.2880859375 0.9267953125 0.1982421875 0.9660062500000001 0.1826171875 0.971353125 0.16015625 0.9660062500000001 0.1044921875 0.9267953125 0.0576171875 0.8786734375 0.04296875
25 0.495478125 0.0615234375 0.55429375 0.091796875 0.6469734375 0.12109375 0.70044375 0.126953125 0.718265625 0.00390625 0.44022812499999997 0 0.4384453125 0.0087890625 0.495478125 0.0615234375