6 0.08176093749999999 0.48 0.11319531249999999 0.6645484374999999 0.1722 0.659928125 0.2159296875 0.6699390625 0.21960000000000002 0.6512718750000001 0.19892656250000001 0.574834375 0.16197343749999998 0.48898125 0.1237859375 0.42914531250000004 0.0759984375 0.38709375 0.08176093749999999 0.48
6 1 0.232265625 0.9865812500000001 0.20904375000000003 0.9691593749999999 0.2251265625 0.8956468750000001 0.240546875 0.8825859375 0.2386 0.8682062500000001 0.23535937499999998 0.861478125 0.22666406249999999 0.8576015625 0.22388906249999999 0.8549609374999999 0.23997812500000001 0.8533781250000001 0.26281875 0.8918421875 0.42679062500000003 0.889928125 0.4539765625 0.845365625 0.4506328125 0.8469859375000001 0.41900624999999997 0.8424015624999999 0.3584359375 0.8253937499999999 0.34326406249999997 0.8041734375 0.33900312499999996 0.7856984375 0.32965625 0.7815375 0.3037609375 0.7702515625 0.25372812499999997 0.7594421875 0.2015703125 0.7635125 0.17909999999999998 0.75470625 0.1481171875 0.74769375 0.116303125 0.7324015625 0.10853125 0.7107796875 0.10750625 0.6899953125 0.10990312499999999 0.682815625 0.131909375 0.6810078125000001 0.170103125 0.6662328125 0.151415625 0.6336062499999999 0.12347656250000001 0.6022078125 0.133084375 0.584084375 0.1666484375 0.5646687499999999 0.22748906249999998 0.5542812500000001 0.21935 0.535159375 0.181334375 0.5262796875 0.14924375 0.5155031250000001 0.106978125 0.4895734375 0.077840625 0.45510624999999993 0.0781984375 0.42644843750000005 0.1014 0.3817171875 0.15187656249999998 0.3708515625 0.1458625 0.35319375000000003 0.1113640625 0.3278859375 0.08231875 0.2989765625 0.0922953125 0.254728125 0.1219640625 0.209196875 0.16023437499999998 0.1964515625 0.191303125 0.1928109375 0.2391109375 0.217821875 0.282396875 0.20367812500000002 0.329740625 0.151434375 0.3219546875 0.12117343750000001 0.32074375 0.10415624999999999 0.333590625 0.08219375 0.355590625 0.0854015625 0.385740625 0.07566874999999999 0.38758750000000003 0.08153906250000001 0.4787 0.1604171875 0.9417796875000001 0.40254375 0.9769484374999999 0.5451406249999999 1 1 1 1 0.232265625
16 0.7565546875 0.2107921875 0.7570421875 0.1584640625 0.7452546875 0.11304375 0.6921 0.10861406250000001 0.682265625 0.12286875 0.680625 0.1575578125 0.69025625 0.21488281250000002 0.683721875 0.5632359375 0.6954578125 0.5929296875000001 0.7245781250000001 0.6339484375 0.812784375 0.680278125 0.8394875 0.654565625 0.8461874999999999 0.6223765625000001 0.7565546875 0.2107921875
16 0.826 0.49361249999999995 0.8268203125 0.47626718749999997 0.8447437499999999 0.4509921875 0.8426843749999999 0.35986093750000003 0.8184437499999999 0.33354374999999997 0.7887875 0.3291234375 0.7866296875 0.341028125 0.8122859375000001 0.463621875 0.826 0.49361249999999995
12 0.8668046875 0.5485984375 0.9040359375 0.5192125 0.9021859375 0.4909921875 0.8871375 0.4555640625 0.853525 0.45055468750000005 0.8268203125 0.47626718749999997 0.834475 0.5333015624999999 0.8481375 0.5475625 0.8668046875 0.5485984375
14 1 0.2226046875 0.9772562499999999 0.21747968750000002 0.8950125 0.2471421875 0.8752390625 0.244196875 0.85651875 0.22743281249999997 0.8528484375 0.24609687500000002 0.859578125 0.28901875 0.92275625 0.5359765624999999 0.9083265624999999 0.5547859374999999 0.9081984375 0.5827125 0.931775 0.6735578125 0.94479375 0.6929640625 0.94895625 0.7564625 1 0.7803312499999999 1 0.2226046875
21 0.37840625 0.400715625 0.36484843749999996 0.41790781250000003 0.3666765625 0.5055125 0.3945984375 0.782146875 0.408903125 0.7912640625 0.5081671875 0.66283125 0.51231875 0.45735000000000003 0.499478125 0.42574375 0.46052499999999996 0.398978125 0.42295625000000003 0.39338125 0.37840625 0.400715625
25 0.2018703125 0.335984375 0.142321875 0.3236171875 0.10940468750000001 0.3291921875 0.08706562500000001 0.3468234375 0.0831625 0.3619609375 0.0898390625 0.38915625 0.1277421875 0.42973437499999995 0.16394999999999998 0.489275 0.2148484375 0.6086437499999999 0.2090671875 0.5204515625 0.2221609375 0.49620312499999997 0.2530515625 0.47460781250000006 0.251790625 0.4255140625 0.26599062500000004 0.4031765625 0.2617 0.36760625 0.21989687500000002 0.34216250000000004 0.215196875 0.3152625 0.2420265625 0.261625 0.2519125 0.263096875 0.26585625 0.2966125 0.2750484375 0.28750156250000003 0.3029609375 0.2951546875 0.287040625 0.26134375 0.2329609375 0.2428046875 0.2018703125 0.335984375
25 0.226115625 0.49679375 0.21278906250000001 0.5175125 0.20824531249999997 0.5377953125 0.2182125 0.6301046875 0.23174687500000002 0.6722953125 0.3043140625 0.70406875 0.333278125 0.6979046875 0.3445515625 0.72054375 0.3897203125 0.7674453125 0.3629015625 0.49272499999999997 0.33254843749999996 0.477721875 0.2657875 0.474759375 0.226115625 0.49679375
25 0.27171249999999997 0.9384984375000001 0.294103125 0.9365953125 0.307378125 0.9001484375000001 0.391853125 0.8149234375000001 0.3935484375 0.7959640625 0.38622812500000003 0.7739140625 0.329784375 0.7043703125 0.3153546875 0.7231796875 0.29884374999999996 0.7102390625 0.25732343750000003 0.7040515625 0.207303125 0.7175578125000001 0.174025 0.7475328125 0.1574390625 0.778246875 0.1470671875 0.8291000000000001 0.16501875 0.878934375 0.21501562500000002 0.924809375 0.27171249999999997 0.9384984375000001
25 0.11320156249999999 0.6645796875000001 0.220525 0.6653828125000001 0.211125 0.6115828125 0.17545468749999998 0.51544375 0.1409921875 0.45266875000000006 0.0839078125 0.388271875 0.07512656250000001 0.388709375 0.082975 0.48713281249999996 0.11320156249999999 0.6645796875000001