6 0 0.4156984375 0.0699375 0.41206875 0.38155625 0.366184375 0.49294374999999996 0.322134375 0.374925 0.15694687499999999 0.1455203125 0.0211265625 0 0.051384375 0 0.4156984375
14 0.159121875 0.0568234375 0.14254375 0.048221875 0.1280390625 0.04535625 0.121821875 0.039621875 0.1135328125 0.039621875 0.10627968750000001 0.04965625 0.10420624999999999 0.0668578125 0.1010984375 0.0711578125 0.0845203125 0.08549375000000001 0.07623125 0.08835937499999999 0.057581249999999994 0.1055625 0.046182812499999996 0.12133125 0.03789375 0.1528671875 0.010954687500000001 0.195871875 0.002665625 0.230275 0.00888125 0.2388765625 0.024425 0.23170937500000002 0.0389296875 0.2173734375 0.0658703125 0.21164062499999997 0.074159375 0.20303906249999998 0.0845203125 0.20303906249999998 0.1031703125 0.22884218750000002 0.111459375 0.22884218750000002 0.159121875 0.21450624999999998 0.2047125 0.1887046875 0.22647187500000002 0.1586015625 0.197459375 0.11272968750000001 0.197459375 0.10412812499999999 0.2016046875 0.09552812499999999 0.2016046875 0.075459375 0.1674109375 0.0568234375 0.159121875 0.0568234375
0 0.532434375 0 0.5521796875 0.08483906249999999 0.631040625 0.45 1 0.45 1 0 0.532434375 0
17 0.780784375 0.265175 0.7879078125000001 0.2719171875 0.7923859375 0.27061562499999997 0.7941578125000001 0.26795625 0.7893234375 0.2637234375 0.7846515625 0.26154687499999996 0.7806234375 0.263240625 0.780784375 0.265175
17 0.8434625 0.16969375 0.8296046875 0.1557875 0.8249328125 0.1525234375 0.8046312500000001 0.15929374999999998 0.7948015625 0.1650984375 0.7927078125 0.1670328125 0.796128125 0.175471875 0.8039859375 0.17428749999999998 0.8139765625000001 0.181784375 0.8236437499999999 0.1792453125 0.8434625 0.16969375
1 0.5573140624999999 0.04706875 0.5628015625 0.043671875 0.56581875 0.04181875 0.564584375 0.039245312500000004 0.5614296875 0.037803125 0.559509375 0.038935937500000004 0.5484 0.0457109375 0.5493578125 0.0484078125 0.551003125 0.050364062499999994 0.5531984375000001 0.049642187500000004 0.5573140624999999 0.04706875
1 0.6746046875 0.0955359375 0.672409375 0.09450625 0.669390625 0.09512343749999999 0.6698031249999999 0.096771875 0.6755640625 0.10263906249999999 0.6795421875 0.1060359375 0.67899375 0.10583125 0.6811890625 0.10716875 0.6833843749999999 0.10583125 0.6836578125 0.10459531250000001 0.6746046875 0.0955359375
16 0.741103125 0.190378125 0.746625 0.190378125 0.753528125 0.185203125 0.753528125 0.18313125 0.7562890624999999 0.18106093750000002 0.7562890624999999 0.1769203125 0.753528125 0.17485 0.753528125 0.1727796875 0.7438640624999999 0.16553281250000002 0.7272984375 0.16553281250000002 0.7245375000000001 0.16760312500000002 0.7217765625 0.16760312500000002 0.719015625 0.1696734375 0.7162546875 0.1696734375 0.71349375 0.1717453125 0.7107328125000001 0.1717453125 0.7079703125 0.173815625 0.705209375 0.173815625 0.7024484375 0.17588593749999998 0.6996875 0.17588593749999998 0.6969265625000001 0.17795624999999998 0.694165625 0.17795624999999998 0.6914046875000001 0.1800265625 0.68864375 0.1800265625 0.683121875 0.1841671875 0.6803609374999999 0.1841671875 0.6734578124999999 0.18934375 0.6734578124999999 0.19141406249999998 0.670696875 0.193484375 0.670696875 0.1955546875 0.66655625 0.1986609375 0.6637953125 0.1986609375 0.659653125 0.201765625 0.659653125 0.20590625 0.665175 0.21004843750000002 0.665175 0.21211875 0.6693171875 0.2152234375 0.672078125 0.2152234375 0.6734578124999999 0.21418906249999997 0.6776 0.2110828125 0.694165625 0.2110828125 0.6969265625000001 0.2090125 0.705209375 0.2090125 0.7079703125 0.2110828125 0.7121125 0.2079765625 0.7121125 0.20590625 0.71349375 0.20487187499999998 0.7162546875 0.20487187499999998 0.7217765625 0.20073124999999997 0.7245375000000001 0.20073124999999997 0.7272984375 0.1986609375 0.730059375 0.1986609375 0.741103125 0.190378125
2 0.918128125 0.0326859375 0.9044703125 0.0313546875 0.9007453125 0.0337515625 0.897196875 0.039875 0.8982609374999999 0.0465296875 0.898990625 0.0483671875 0.917240625 0.052253125 0.9362187499999999 0.0541171875 0.935509375 0.055315625 0.9477484374999999 0.0565140625 0.9491671875 0.0547828125 0.9489906250000001 0.0525203125 0.9507640625 0.053851562500000005 0.9525375 0.0501234375 0.9509421874999999 0.037478125 0.9477484374999999 0.034815625 0.9408312499999999 0.034017187500000004 0.9360421875 0.035215625 0.918128125 0.0326859375
1 0.9544890625000001 0.182246875 0.9514734375 0.18184687500000002 0.9388796875000001 0.1843765625 0.9367515624999999 0.185175 0.9373140624999999 0.185075 0.9397671875 0.1890359375 0.9468624999999999 0.18743749999999998 0.9537796875 0.18690625 0.9559078124999999 0.18650625 0.9544890625000001 0.182246875
6 0 0.9635703124999999 0.0605640625 0.9635703124999999 0.06194375 0.962534375 0.06332499999999999 0.9615 0.0826515625 0.9615 0.0854125 0.9594296874999999 0.0881734375 0.9594296874999999 0.0936953125 0.9552890625 0.101978125 0.9552890625 0.10473906250000001 0.957359375 0.1157828125 0.957359375 0.1185453125 0.9594296874999999 0.12130624999999999 0.957359375 0.12406718750000001 0.9594296874999999 0.1544375 0.9594296874999999 0.1571984375 0.9615 0.1875703125 0.9615 0.19033125 0.9594296874999999 0.19309218749999998 0.9594296874999999 0.19585312500000002 0.957359375 0.201375 0.957359375 0.20413593749999998 0.9552890625 0.2096578125 0.9552890625 0.21241875000000002 0.9532187499999999 0.2151796875 0.9532187499999999 0.217940625 0.9511484375 0.22346249999999998 0.9511484375 0.22622343749999999 0.9490765624999999 0.23174531250000002 0.9490765624999999 0.23450625 0.9470062499999999 0.2372671875 0.9470062499999999 0.24002812499999998 0.9449359375 0.24279062499999998 0.9449359375 0.2496921875 0.9397609375 0.2496921875 0.9376906249999999 0.257975 0.9314781249999999 0.257975 0.9294078125 0.2621171875 0.9263031249999999 0.26487812499999996 0.9263031249999999 0.2717796875 0.9211265624999999 0.2717796875 0.9128453125 0.2662578125 0.9087031250000001 0.2662578125 0.9066328125 0.26763906249999997 0.9055984374999999 0.27040000000000003 0.9055984374999999 0.27316093750000003 0.903528125 0.275921875 0.903528125 0.28006406250000004 0.9004218749999999 0.28006406250000004 0.8942109374999999 0.282825 0.892140625 0.282825 0.8900703125 0.2855859375 0.8880000000000001 0.2855859375 0.8735062499999999 0.2911078125 0.869365625 0.2911078125 0.8672953124999999 0.29386875 0.865225 0.29386875 0.8631546875 0.29662968749999996 0.8610843750000001 0.29662968749999996 0.8507312499999999 0.29386875 0.8486609375 0.29386875 0.84245 0.29662968749999996 0.8403796874999999 0.29662968749999996 0.8362390625 0.299390625 0.8341671875 0.299390625 0.815534375 0.29662968749999996 0.8134640624999999 0.29662968749999996 0.7803359375000001 0.29386875 0.778265625 0.29386875 0.7720546875000001 0.2911078125 0.769984375 0.2911078125 0.7637734375 0.29386875 0.761703125 0.29386875 0.7575624999999999 0.29662968749999996 0.755490625 0.29662968749999996 0.7389281249999999 0.2911078125 0.7347875 0.2911078125 0.7120124999999999 0.29386875 0.7099421875 0.29386875 0.701659375 0.2855859375 0.6954484375 0.2855859375 0.693378125 0.282825 0.6913078125000001 0.282825 0.6892375000000001 0.2662578125 0.6768140625 0.2662578125 0.67474375 0.263496875 0.6726734375000001 0.2662578125 0.670603125 0.2662578125 0.6623218750000001 0.2717796875 0.6581812499999999 0.26763906249999997 0.655075 0.2565953125 0.655075 0.253834375 0.6530046875 0.23174531250000002 0.6530046875 0.22898437500000002 0.6509343750000001 0.217940625 0.6509343750000001 0.2151796875 0.6488640625000001 0.21241875000000002 0.6488640625000001 0.20827656249999998 0.6457578125000001 0.20827656249999998 0.639546875 0.20689687499999998 0.6385109375 0.20413593749999998 0.6385109375 0.1986140625 0.6343703125 0.19309218749999998 0.6343703125 0.19033125 0.6323000000000001 0.1875703125 0.6323000000000001 0.184809375 0.6302296875 0.1792875 0.6302296875 0.17790625 0.6291953125 0.17790625 0.625053125 0.1751453125 0.6229828125 0.1751453125 0.6209125 0.1737640625 0.619878125 0.17100312499999998 0.619878125 0.1682421875 0.6178078124999999 0.159959375 0.6178078124999999 0.1571984375 0.619878125 0.1516765625 0.619878125 0.1461546875 0.6157375 0.14339375000000001 0.6157375 0.13925156249999998 0.61263125 0.13925156249999998 0.6105609375000001 0.13235 0.6053843750000001 0.126828125 0.6053843750000001 0.12406718750000001 0.6033140625 0.1157828125 0.6033140625 0.11302187500000001 0.6053843750000001 0.1075 0.6053843750000001 0.10473906250000001 0.6074546875 0.068846875 0.6074546875 0.0660859375 0.609525 0.06332499999999999 0.609525 0.0591828125 0.61263125 0.0591828125 0.6147015625 0.04951875 0.6219484375000001 0.0467578125 0.6219484375000001 0.0370953125 0.6291953125 0.0370953125 0.6312656249999999 0.034334375 0.6333359375 0.034334375 0.6354062500000001 0.032953125 0.636440625 0.02743125 0.636440625 0.023290625000000002 0.6333359375 0.023290625000000002 0.6312656249999999 0.0177671875 0.6271234375 0.0177671875 0.625053125 0.0039625 0.6147015625 0.0039625 0.61263125 0.0025828125 0.6115953125 0 0.6115953125 0 0.9635703124999999
17 0 0.9615 0.02743125 0.9615 0.030192187500000002 0.9594296874999999 0.032953125 0.9594296874999999 0.0357140625 0.9615 0.07436875 0.9615 0.0771296875 0.9594296874999999 0.0881734375 0.9594296874999999 0.0895546875 0.9583937499999999 0.0895546875 0.9563234375 0.08679375 0.9542531249999999 0.08679375 0.9501125 0.08403125 0.9480421874999999 0.08403125 0.9294078125 0.0812703125 0.9273374999999999 0.0812703125 0.91905625 0.078509375 0.9169859375 0.078509375 0.9066328125 0.0757484375 0.9045624999999999 0.0757484375 0.9024921875 0.07298750000000001 0.9004218749999999 0.07298750000000001 0.8942109374999999 0.0702265625 0.892140625 0.0702265625 0.8838578125 0.0591828125 0.8755765625 0.0591828125 0.8735062499999999 0.056421874999999996 0.8714359375 0.056421874999999996 0.869365625 0.0481390625 0.8631546875 0.0481390625 0.8610843750000001 0.045378125000000005 0.8590125000000001 0.045378125000000005 0.8569421875 0.0426171875 0.8548718750000001 0.0426171875 0.8486609375 0.039856249999999996 0.8465906249999999 0.039856249999999996 0.8445203125 0.0370953125 0.84245 0.0370953125 0.8403796874999999 0.034334375 0.838309375 0.034334375 0.8362390625 0.0315734375 0.8341671875 0.0315734375 0.8320968750000001 0.026051562499999997 0.8279562500000001 0.026051562499999997 0.8217453125 0.023290625000000002 0.8196749999999999 0.023290625000000002 0.815534375 0.020528125 0.8134640624999999 0.020528125 0.8051812500000001 0.0177671875 0.8031109375 0.0177671875 0.7989703125000001 0.015006249999999999 0.7969 0.015006249999999999 0.7948296874999999 0 0.7835765625 0 0.9615
17 0.23450625 0.9470062499999999 0.2372671875 0.9449359375 0.24279062499999998 0.9449359375 0.24693125 0.9418312500000001 0.24693125 0.9397609375 0.252453125 0.93561875 0.252453125 0.9335484375 0.25935625 0.9283734375 0.26487812499999996 0.9283734375 0.26901875 0.9252671875 0.26901875 0.923196875 0.2745421875 0.91905625 0.2717796875 0.9169859375 0.2717796875 0.9149156250000001 0.253834375 0.9014578125 0.2510734375 0.9014578125 0.2483125 0.8993874999999999 0.2455515625 0.8993874999999999 0.2372671875 0.8931749999999999 0.23450625 0.8931749999999999 0.22898437500000002 0.8890343749999999 0.22622343749999999 0.8890343749999999 0.22346249999999998 0.8869640625 0.217940625 0.8869640625 0.2165609375 0.8880000000000001 0.2165609375 0.8900703125 0.20689687499999998 0.8973156250000001 0.20413593749999998 0.8973156250000001 0.201375 0.8993874999999999 0.1986140625 0.8993874999999999 0.19585312500000002 0.9014578125 0.19309218749999998 0.9014578125 0.19033125 0.903528125 0.1875703125 0.903528125 0.1820484375 0.90766875 0.1792875 0.90766875 0.176525 0.9097390624999999 0.1737640625 0.9097390624999999 0.17100312499999998 0.911809375 0.16548125 0.911809375 0.1571984375 0.9180203125 0.1544375 0.9180203125 0.148915625 0.9221609374999999 0.1461546875 0.9221609374999999 0.14339375000000001 0.9242312500000001 0.14063281249999998 0.9242312500000001 0.1351109375 0.9283734375 0.13235 0.9283734375 0.1295890625 0.93044375 0.126828125 0.93044375 0.12406718750000001 0.9325140624999999 0.12130624999999999 0.9325140624999999 0.1185453125 0.934584375 0.0992171875 0.934584375 0.09645625 0.9325140624999999 0.090934375 0.9325140624999999 0.0895546875 0.9335484375 0.0895546875 0.93561875 0.08679375 0.9376906249999999 0.08679375 0.9480421874999999 0.0895546875 0.9501125 0.0895546875 0.9521828125 0.090934375 0.9532187499999999 0.0936953125 0.9532187499999999 0.09645625 0.9552890625 0.101978125 0.9552890625 0.10473906250000001 0.957359375 0.12406718750000001 0.957359375 0.126828125 0.9594296874999999 0.1544375 0.9594296874999999 0.1571984375 0.9615 0.1875703125 0.9615 0.18895 0.9604640625 0.19033125 0.9594296874999999 0.19585312500000002 0.9594296874999999 0.1986140625 0.957359375 0.201375 0.957359375 0.20413593749999998 0.9552890625 0.20689687499999998 0.9552890625 0.2096578125 0.9532187499999999 0.2151796875 0.9532187499999999 0.217940625 0.9511484375 0.22346249999999998 0.9511484375 0.22622343749999999 0.9490765624999999 0.22898437500000002 0.9490765624999999 0.23174531250000002 0.9470062499999999 0.23450625 0.9470062499999999
17 0.2455515625 0.6757796875000001 0.26901875 0.6581812499999999 0.26901875 0.6561109375 0.26763906249999997 0.655075 0.253834375 0.655075 0.2510734375 0.6530046875 0.22346249999999998 0.6530046875 0.2207015625 0.6509343750000001 0.2096578125 0.6509343750000001 0.205515625 0.654040625 0.205515625 0.6581812499999999 0.201375 0.6612859375 0.19585312500000002 0.6612859375 0.19309218749999998 0.66335625 0.184809375 0.66335625 0.1820484375 0.6654265625 0.1737640625 0.6654265625 0.17100312499999998 0.6674984375 0.1682421875 0.6674984375 0.159959375 0.6737093749999999 0.1571984375 0.6737093749999999 0.1544375 0.6757796875000001 0.14339375000000001 0.6757796875000001 0.14063281249999998 0.6737093749999999 0.1295890625 0.6737093749999999 0.126828125 0.6757796875000001 0.10473906250000001 0.6757796875000001 0.103359375 0.6768140625 0.103359375 0.68095625 0.1075 0.6840609375 0.11026093749999999 0.6840609375 0.11302187500000001 0.6861312500000001 0.1157828125 0.6861312500000001 0.1171640625 0.6871671874999999 0.1171640625 0.6892375000000001 0.12406718750000001 0.6944140625 0.126828125 0.6944140625 0.1295890625 0.696484375 0.13235 0.696484375 0.14063281249999998 0.7026953125000001 0.14339375000000001 0.7026953125000001 0.1461546875 0.7047656250000001 0.1571984375 0.7047656250000001 0.16272031250000002 0.70890625 0.16548125 0.70890625 0.1682421875 0.7109765625 0.1792875 0.7109765625 0.1806671875 0.7099421875 0.19309218749999998 0.7006249999999999 0.19585312500000002 0.7006249999999999 0.201375 0.696484375 0.20413593749999998 0.696484375 0.21241875000000002 0.690271875 0.2151796875 0.690271875 0.217940625 0.6882015625 0.2207015625 0.6882015625 0.22622343749999999 0.6840609375 0.22898437500000002 0.6840609375 0.23450625 0.6799203125 0.2372671875 0.6799203125 0.24279062499999998 0.6757796875000001 0.2455515625 0.6757796875000001
9 0.1282078125 0.7596328125 0.13235 0.7627375 0.1351109375 0.7627375 0.14063281249999998 0.7668781250000001 0.14339375000000001 0.7668781250000001 0.1461546875 0.7689484375 0.148915625 0.7689484375 0.1516765625 0.7710203124999999 0.16548125 0.7710203124999999 0.1668625 0.769984375 0.1682421875 0.7689484375 0.17100312499999998 0.7689484375 0.1737640625 0.7668781250000001 0.176525 0.7668781250000001 0.183428125 0.761703125 0.183428125 0.755490625 0.17790625 0.75135 0.17790625 0.7492796875 0.176525 0.7482453125 0.1737640625 0.7482453125 0.1571984375 0.735821875 0.1516765625 0.735821875 0.1282078125 0.7534203125000001 0.1282078125 0.7596328125
17 0.053660937500000006 0.6850968749999999 0.0591828125 0.6892375000000001 0.0591828125 0.6913078125000001 0.0605640625 0.6923421875 0.06332499999999999 0.6923421875 0.0647046875 0.6913078125000001 0.0647046875 0.6892375000000001 0.067465625 0.6871671874999999 0.067465625 0.678884375 0.0702265625 0.6768140625 0.0702265625 0.670603125 0.068846875 0.66956875 0.06332499999999999 0.66956875 0.0605640625 0.6674984375 0.05504218749999999 0.6674984375 0.053660937500000006 0.6685328125 0.053660937500000006 0.670603125 0.056421874999999996 0.6726734375000001 0.056421874999999996 0.6830265625 0.053660937500000006 0.6850968749999999
6 1 0.50691875 0.9807171875 0.53229375 0.9586546874999999 0.494959375 0.9007375 0.49910781249999997 0.862125 0.45555 0.726984375 0.5468140625 0.647003125 0.490809375 0.6332125 0.490809375 0.600115625 0.5074046875 0.5296875 0.5195109375 0.5296875 0.9054 0.8097234375 0.9160187499999999 0.9931296875 0.91498125 1 0.9136906249999999 1 0.50691875