6 0.0456296875 0 0.03803125 0.0171359375 0 0.024106250000000003 0 0.0775109375 0.0025515625 0.09957031250000001 0.0477078125 0.18038749999999998 0.05200781249999999 0.23534531250000001 0.0627578125 0.23857656249999998 0.0563078125 0.2482765625 0.060609375 0.2773703125 0.079959375 0.32909375 0.1369421875 0.3986015625 0.15199218750000001 0.3824359375 0.221875 0.42284531249999996 0.2196515625 0.4796875 0.246140625 0.4796875 0.24982968749999998 0.41314531250000003 0.2573546875 0.40506562500000004 0.256740625 0.4796875 0.3135953125 0.4796875 0.31756093750000003 0.3759703125 0.40787031249999994 0.38890156249999996 0.45 0.37513125 0.45 0 0.0456296875 0
14 0.0450765625 0 0.039106249999999995 0.0381453125 0.0842609375 0.154525 0.08641093749999999 0.2062484375 0.139090625 0.30161875 0.16704531250000001 0.3242453125 0.19177187499999998 0.3258625 0.28530625 0.295153125 0.29498281249999997 0.2515078125 0.305734375 0.2418109375 0.297134375 0.16745625 0.23370000000000002 0.033296875 0.168959375 0 0.0450765625 0
14 0.346159375 0 0.3229375 0.034914062499999995 0.3143359375 0.11250156250000001 0.32723749999999996 0.154525 0.3465890625 0.164225 0.4067953125 0.135128125 0.4347484375 0.0381453125 0.43259687500000005 0.015518750000000001 0.4222765625 0 0.346159375 0
9 0.39819375 0.39051874999999997 0.45 0.3759671875 0.45 0.3027015625 0.4186203125 0.295153125 0.3777671875 0.3274796875 0.3541140625 0.3274796875 0.31863593749999997 0.36465625 0.3240109375 0.3824359375 0.39819375 0.39051874999999997
9 0.3809921875 0.322628125 0.40249375 0.2903015625 0.4046453125 0.2547421875 0.3928171875 0.230496875 0.371315625 0.2272625 0.3444390625 0.2579734375 0.3401390625 0.2935359375 0.356265625 0.3242453125 0.3809921875 0.322628125
6 0.45 0 0.45 0.4796875 0.8219859375 0.4796875 0.849309375 0.4362375 0.90644375 0.3480859375 0.9229499999999999 0.196703125 0.9140609375000001 0.0453140625 0.8953796875 0 0.45 0
6 0.45 0.9777046875 0.45 0.4796875 0.1857640625 0.4796875 0.1910734375 0.6174046875 0.2320296875 0.828009375 0.3150265625 0.9524578125 0.4131078125 0.9888328124999999 0.45 0.9777046875
22 0.3689140625 0.730365625 0.4023296875 0.7169640625 0.39801875 0.579115625 0.35971875 0.4796875 0.24065625000000002 0.4796875 0.2126296875 0.5638 0.20616249999999997 0.6174046875 0.2385 0.7399375 0.29454375 0.7552531250000001 0.3107140625 0.6767593749999999 0.3689140625 0.730365625
6 1 0.4796875 0.9941656249999999 0.4796875 0.985375 0.4823453125 0.9800140624999999 0.489640625 0.9757250000000001 0.5129890625 0.9800140624999999 0.5159078125 0.9800140624999999 0.5363359375 0.9864468750000001 0.559684375 0.9810859375 0.5640625 0.9553515625 0.56698125 0.9499906250000001 0.5742765624999999 0.9457015625 0.59470625 0.9499906250000001 0.638484375 0.942484375 0.651615625 0.88565625 0.66183125 0.877078125 0.6851796875 0.8792234375 0.688096875 0.8749343749999999 0.7056078125 0.8813671875000001 0.7464671875 0.8985234375 0.7814890625 0.923184375 0.8150499999999999 0.9381953125000001 0.8267234374999999 0.94891875 0.841315625 0.9617859375 0.8442359375 0.985375 0.8646640624999999 1 0.8712984374999999 1 0.4796875
6 0.48249375 0.5363359375 0.48678437499999994 0.5421750000000001 0.48678437499999994 0.559684375 0.491071875 0.5713578125 0.4846390625 0.59470625 0.47391562499999995 0.6122171875 0.47391562499999995 0.6209718750000001 0.481421875 0.6224328125 0.49214375 0.6136765625 0.498578125 0.6136765625 0.5050125000000001 0.6282687499999999 0.517878125 0.6282687499999999 0.5189515625000001 0.618053125 0.527528125 0.60054375 0.527528125 0.5888703125 0.5350343750000001 0.5815734375 0.5425390625000001 0.5888703125 0.5382515625 0.6063796875 0.5457562499999999 0.6107578124999999 0.5511171874999999 0.623890625 0.5511171874999999 0.6472390625 0.5822125 0.6720453125 0.587575 0.679340625 0.5897187500000001 0.7026890625 0.6047296875 0.7114453125 0.6133078125 0.7698140625 0.6111625 0.7756515625 0.6154515625 0.819428125 0.619740625 0.8252656249999999 0.6218859375 0.84569375 0.6240296875 0.9420031249999999 0.6304640625 0.9420031249999999 0.6368968749999999 0.9361671875 0.6368968749999999 0.886553125 0.634753125 0.8661234375 0.6304640625 0.8573671875000001 0.626175 0.7785703125000001 0.6218859375 0.7727328124999999 0.61866875 0.6924750000000001 0.629390625 0.6924750000000001 0.6401140625 0.7012296874999999 0.6958703125000001 0.7070671875000001 0.7258921875000001 0.7012296874999999 0.755915625 0.7012296874999999 0.7773609375 0.6924750000000001 0.7902265625 0.6924750000000001 0.80309375 0.6837187499999999 0.8438390625000001 0.6691281250000001 0.8599218750000001 0.65599375 0.8599218750000001 0.638484375 0.8974515625 0.5874109375 0.9081734375 0.5786546875 0.9167515625 0.56114375 0.9188968750000001 0.56698125 0.923184375 0.5523890625 0.92961875 0.5523890625 0.9317624999999999 0.5436328125000001 0.94891875 0.5407140625 0.9639296875 0.5436328125000001 0.969290625 0.5246625 0.9671468750000001 0.504234375 0.9639296875 0.502775 0.9596406249999999 0.5086109375000001 0.9553515625 0.49401875000000006 0.9510640625000001 0.49693750000000003 0.9392687499999999 0.489640625 0.9392687499999999 0.4796875 0.453353125 0.4796875 0.45247187499999997 0.48088593749999997 0.45032812499999997 0.49547968750000004 0.45354374999999997 0.5086109375000001 0.4749890625 0.5086109375000001 0.48249375 0.5217453125 0.48249375 0.5363359375
13 0.719459375 0.537796875 0.7516265625 0.55530625 0.7569874999999999 0.568440625 0.7548421875 0.5801140625000001 0.758059375 0.5874109375 0.78165 0.6049203125 0.7966609375 0.6078390625 0.80309375 0.6224328125 0.8181062499999999 0.6224328125 0.8352609375 0.63410625 0.8620671874999999 0.638484375 0.8974515625 0.5874109375 0.913534375 0.5713578125 0.913534375 0.5480109375 0.9306906250000001 0.5305 0.9371234375 0.507153125 0.9435578124999999 0.49839687499999996 0.9414125 0.492559375 0.942359375 0.4796875 0.671840625 0.4796875 0.6776421874999999 0.489640625 0.683003125 0.49693750000000003 0.6894359375 0.49693750000000003 0.7001593749999999 0.5173671875 0.7065921875 0.5202859375 0.719459375 0.537796875
13 0.635825 0.6720453125 0.629390625 0.6720453125 0.6251015625 0.6632906249999999 0.6218859375 0.6822609374999999 0.627246875 0.68955625 0.639040625 0.693934375 0.6433296875 0.6822609374999999 0.635825 0.6720453125
13 0.8181062499999999 0.6720453125 0.82239375 0.6749640625 0.8459843749999999 0.666209375 0.8599218750000001 0.6530750000000001 0.8599218750000001 0.6443203125 0.85670625 0.6399421875 0.830971875 0.63410625 0.82025 0.62535 0.811671875 0.62535 0.7955890625 0.65599375 0.7891546875000001 0.6764234375 0.7762875 0.688096875 0.79344375 0.688096875 0.8095265625 0.6837187499999999 0.8181062499999999 0.6720453125
13 0.64761875 0.66475 0.663703125 0.7012296874999999 0.70123125 0.7026890625 0.70123125 0.691015625 0.690509375 0.6735046875 0.6947984375 0.66475 0.6947984375 0.6530750000000001 0.6722796875 0.6195140625 0.6497640625 0.6443203125 0.64761875 0.66475
13 0.5897187500000001 0.66475 0.600440625 0.65599375 0.600440625 0.638484375 0.5961515625 0.6209718750000001 0.5757796875000001 0.599084375 0.56505625 0.593246875 0.5457562499999999 0.593246875 0.544684375 0.6063796875 0.5532625 0.626809375 0.5511171874999999 0.638484375 0.5554078125 0.6472390625 0.5672015625 0.6632906249999999 0.5779234375 0.666209375 0.5843578125 0.6749640625 0.587575 0.6735046875 0.5897187500000001 0.66475