6 0.30403125000000003 0 0.29264843749999997 0.039425 0.2209265625 0.12318906249999999 0.1724921875 0.231590625 0.24141875000000002 0.2944125 0.21161249999999998 0.32520937499999997 0.18360156249999998 0.3796875 0.5296875 0.3796875 0.5296875 0 0.30403125000000003 0
13 0.21124843750000002 0.24354218749999998 0.24803125 0.224378125 0.24691562500000003 0.23174999999999998 0.24022812500000001 0.23174999999999998 0.23911406249999997 0.23912031250000002 0.2212796875 0.256809375 0.2212796875 0.2656546875 0.230196875 0.2892390625 0.24468593749999998 0.30545468750000004 0.2502609375 0.30398125 0.28704375 0.27302499999999996 0.31379531250000003 0.27302499999999996 0.3305140625 0.236171875 0.342775 0.225853125 0.35726562500000003 0.20079375000000002 0.35726562500000003 0.1860515625 0.3372015625 0.15951875 0.31379531250000003 0.1108734375 0.30710625 0.122665625 0.27366875 0.11676875 0.233540625 0.1315109375 0.19341250000000001 0.1609921875 0.1789234375 0.183103125 0.181153125 0.22732812500000002 0.2001015625 0.24354218749999998 0.21124843750000002 0.24354218749999998
3 0.21013281250000002 0.3364109375 0.19558906250000002 0.3796875 0.26509062499999997 0.3796875 0.2770109375 0.36589375 0.2837 0.351153125 0.2848140625 0.3201953125 0.23576875 0.3201953125 0.22462343749999997 0.32314375 0.21013281250000002 0.3364109375
14 0.3169828125 0 0.3126796875 0.023899999999999998 0.3126796875 0.07402031249999999 0.32382656249999997 0.1270875 0.33943124999999996 0.15951875 0.353921875 0.1786828125 0.37844375 0.19931875 0.4074234375 0.21111249999999998 0.453125 0.2096375 0.5296875 0.179690625 0.5296875 0 0.3169828125 0
6 0.5296875 0 0.5296875 0.10555 0.5626546875 0.1109625 0.5637671875 0.144603125 0.5782453125 0.151915625 0.5838125 0.16507812500000002 0.6027453125 0.1840921875 0.61388125 0.18701718750000002 0.6250171875 0.21626875 0.6561984375 0.2367453125 0.6695625 0.242596875 0.6962890625 0.24552187499999997 0.72524375 0.263071875 0.7519703125 0.2689234375 0.796515625 0.2689234375 0.8076515625 0.260146875 0.834378125 0.2718484375 0.88671875 0.2733109375 0.9412859375 0.2689234375 0.9501953125 0.260146875 0.9880578124999999 0.25722187500000004 1 0.2516203125 1 0 0.5296875 0
3 0.5470640625 0.01735625 0.5296875 0.0198921875 0.5296875 0.10417499999999999 0.5314734375 0.10511250000000001 0.5593140625 0.10364999999999999 0.5659953125 0.0978 0.5570859375 0.059771874999999995 0.5593140625 0.027595312500000004 0.5470640625 0.01735625
3 0.94796875 0.049534375000000005 0.9256953125 0.0466078125 0.9078781250000001 0.055384375 0.8889453125 0.07732343750000001 0.895628125 0.0978 0.90565 0.1138875 0.93571875 0.112425 0.9758093750000001 0.0978 0.9713546875000001 0.0743984375 0.9568765625 0.055384375 0.94796875 0.049534375000000005
3 0.6495171875 0.166540625 0.6873796875 0.154840625 0.695175 0.144603125 0.697403125 0.13290156250000001 0.695175 0.100725 0.6628796875 0.08463593750000001 0.6472890625 0.08463593750000001 0.6316984375 0.09633749999999999 0.61499375 0.1212015625 0.6083125 0.15045312500000002 0.6127671875 0.1738546875 0.622790625 0.1840921875 0.6283578125 0.1826296875 0.6495171875 0.166540625
16 0.610540625 0.13290156250000001 0.6328125 0.0890234375 0.61499375 0.0246703125 0.604971875 0.011506249999999999 0.5827 0.011506249999999999 0.56488125 0.0232078125 0.5570859375 0.033445312500000005 0.5570859375 0.059771874999999995 0.586040625 0.159228125 0.5938359375 0.17239218750000002 0.610540625 0.1738546875 0.6083125 0.162153125 0.610540625 0.13290156250000001
13 0.7376546875 0 0.73749375 0.0012687500000000001 0.7464015625 0.02174375 0.7430609375 0.040757812500000004 0.7207890625 0.0349078125 0.716334375 0.0261328125 0.710765625 0.027595312500000004 0.7118796875 0.0349078125 0.698515625 0.0261328125 0.695175 0.0305203125 0.6996296875 0.0422203125 0.695175 0.048071875 0.695175 0.056846875 0.704084375 0.065621875 0.7018578125 0.07732343750000001 0.704084375 0.100725 0.697403125 0.10364999999999999 0.697403125 0.12412656250000001 0.7051984375 0.148990625 0.723015625 0.146065625 0.7430609375 0.148990625 0.7486296875 0.1416765625 0.747515625 0.1372890625 0.7363796875 0.1402140625 0.72635625 0.1299765625 0.740834375 0.1255890625 0.7452890625 0.1109625 0.75085625 0.11535 0.7464015625 0.1270515625 0.74974375 0.1372890625 0.7553109375 0.1358265625 0.753084375 0.12412656250000001 0.756425 0.12266406249999999 0.7764703125 0.146065625 0.780925 0.146065625 0.7898328125 0.166540625 0.79985625 0.168003125 0.8132203125 0.153378125 0.8199015624999999 0.1299765625 0.8221281250000001 0.0948734375 0.8154468749999999 0.062696875 0.7942875 0.0319828125 0.7887203125 0.0305203125 0.7887203125 0.0246703125 0.7987421875 0.0232078125 0.8020828124999999 0.00711875 0.807503125 0 0.7376546875 0
13 0.6316984375 0.1782421875 0.623903125 0.1884796875 0.6216765625 0.21188125000000002 0.6250171875 0.21626875 0.6717890625 0.242596875 0.6907203125 0.24405937500000002 0.7174484375 0.19725625 0.7185609375 0.1840921875 0.7274703125 0.1840921875 0.740834375 0.1928671875 0.7519703125 0.1928671875 0.7553109375 0.1884796875 0.753084375 0.168003125 0.747515625 0.160690625 0.73860625 0.160690625 0.72524375 0.148990625 0.6940625 0.166540625 0.682925 0.160690625 0.6651078125 0.160690625 0.6316984375 0.1782421875
13 0.821015625 0.13143906249999998 0.8566515625 0.154840625 0.8744687499999999 0.1402140625 0.8833781249999999 0.146065625 0.9101046875 0.148990625 0.9167859375 0.163615625 0.9223546875 0.162153125 0.93015 0.157765625 0.9557640624999999 0.12412656250000001 0.952421875 0.10803750000000001 0.9256953125 0.11681250000000001 0.90565 0.11681250000000001 0.8934 0.0948734375 0.8911734375 0.0831734375 0.876696875 0.06415937499999999 0.8611046874999999 0.055384375 0.834378125 0.058309375 0.8221281250000001 0.0743984375 0.8243562499999999 0.106575 0.8199015624999999 0.1212015625 0.821015625 0.13143906249999998
13 0.9395374999999999 0 0.9379453124999999 0.033445312500000005 0.94796875 0.049534375000000005 0.95465 0.052459374999999996 0.96133125 0.049534375000000005 0.970240625 0.067084375 0.9813765625 0.06415937499999999 0.9969671874999999 0.0787859375 1 0.0785953125 1 0 0.9395374999999999 0
13 0.67386875 0 0.672903125 0.0012687500000000001 0.6617671875 0.033445312500000005 0.6372671875 0.0714734375 0.6350390625 0.0890234375 0.6406078125 0.0904859375 0.6450625 0.08463593750000001 0.6651078125 0.08463593750000001 0.6784703125 0.0934109375 0.695175 0.09194843750000001 0.7018578125 0.065621875 0.6929484375 0.056846875 0.6929484375 0.048071875 0.697403125 0.0422203125 0.6929484375 0.0305203125 0.70074375 0.02028125 0.72524375 0.0232078125 0.7363796875 0.0319828125 0.7430609375 0.0319828125 0.744175 0.0246703125 0.7363796875 0.011506249999999999 0.7185609375 0.00565625 0.7125328125 0 0.67386875 0
13 1 0.1247109375 0.9936265625 0.106575 0.9880578124999999 0.0992625 0.9568765625 0.10511250000000001 0.9579906250000001 0.12412656250000001 0.93015 0.160690625 0.9190140625 0.166540625 0.91121875 0.159228125 0.9078781250000001 0.148990625 0.8989687500000001 0.148990625 0.8922874999999999 0.157765625 0.8744687499999999 0.166540625 0.8655593749999999 0.166540625 0.8611046874999999 0.160690625 0.8566515625 0.163615625 0.8455140625 0.148990625 0.8232421875 0.1343640625 0.8176734375000001 0.1387515625 0.8154468749999999 0.15045312500000002 0.803196875 0.1694671875 0.7853796875 0.163615625 0.7820375 0.15045312500000002 0.765334375 0.1372890625 0.7519703125 0.1431390625 0.74974375 0.148990625 0.73860625 0.151915625 0.73860625 0.157765625 0.747515625 0.157765625 0.7553109375 0.16507812500000002 0.7553109375 0.1914046875 0.723015625 0.1899421875 0.704084375 0.21773281249999998 0.695175 0.24405937500000002 0.73860625 0.265996875 0.7954015625 0.2674609375 0.8054234375 0.263071875 0.8065374999999999 0.25868437499999997 0.784265625 0.22358281249999998 0.793175 0.20018125000000003 0.790946875 0.1797046875 0.7942875 0.1753171875 0.8020828124999999 0.1767796875 0.7954015625 0.19433125 0.7987421875 0.19871875 0.8143328125 0.1928671875 0.8455140625 0.1928671875 0.8633328125 0.19871875 0.864446875 0.1884796875 0.8700140624999999 0.1811671875 0.8856046875000001 0.1782421875 0.9190140625 0.19579375000000002 0.93683125 0.22212031250000003 0.9501953125 0.22504531249999998 0.9568765625 0.22212031250000003 0.9780359375 0.1884796875 0.9802625 0.17092968749999998 0.9991953125 0.160690625 1 0.1596328125 1 0.1247109375
3 1 0.16035 0.98583125 0.17239218750000002 0.9802625 0.17092968749999998 0.982490625 0.1826296875 0.9490812500000001 0.2352828125 0.9501953125 0.25137187499999997 0.9591046875 0.25722187500000004 0.97358125 0.255759375 0.9880578124999999 0.248446875 1 0.248446875 1 0.16035
6 0.3909859375 1 0.40250624999999995 0.990875 0.4179875 0.9919890625000001 0.41517187499999997 0.9652390625 0.40954375 0.9652390625 0.41517187499999997 0.9607812499999999 0.4208015625 0.9251140625 0.4179875 0.88053125 0.40954375 0.8716140625 0.41517187499999997 0.8671562500000001 0.41517187499999997 0.8426359375000001 0.40954375 0.8203437499999999 0.39265625000000004 0.7958234375 0.3870265625 0.74678125 0.38139687499999997 0.74009375 0.3954703125 0.7244890625 0.4011 0.6888234375 0.36873125 0.6810203125000001 0.3377703125 0.6810203125000001 0.3039953125 0.6631875 0.26459062499999997 0.6520421875 0.256146875 0.6386671875000001 0.24207499999999998 0.6364375 0.22237187500000002 0.6230625 0.1998546875 0.6208328125 0.1773390625 0.6096874999999999 0.087271875 0.5918546874999999 0.045051562499999996 0.5896250000000001 0.0140921875 0.5985421875 0 0.6086875 0 0.9587249999999999 0.036607812499999996 0.9663546875 0.154821875 0.9819578124999999 0.1914109375 0.9819578124999999 0.2786640625 0.9975625000000001 0.302259375 1 0.3909859375 1
17 0 0.9084015624999999 0.000018750000000000002 0.9083953125 0.028164062499999996 0.9106249999999999 0.046459375000000004 0.8983640625 0.12245312500000001 0.8337187500000001 0.1449703125 0.77353125 0.14356249999999998 0.7612703125 0.114009375 0.78021875 0.07601250000000001 0.817 0.0140921875 0.8326046874999999 0.000018750000000000002 0.8303750000000001 0 0.83039375 0 0.9084015624999999
17 0 0.7161 0.045051562499999996 0.7300625000000001 0.0577171875 0.7111140625 0.0661609375 0.6799062499999999 0.087271875 0.6854796875 0.0943078125 0.6821359375 0.09149375 0.67321875 0.06756875 0.6520421875 0.03379375 0.6498125 0 0.656503125 0 0.7161
13 0.116825 0.8426359375000001 0.11823125000000001 0.8482078124999999 0.130896875 0.84709375 0.239259375 0.8080828125 0.271628125 0.78021875 0.2195578125 0.7412078125 0.1998546875 0.7412078125 0.1520078125 0.7568125 0.116825 0.8426359375000001
13 0.1773390625 0.8348328125 0.10415937500000001 0.8504375 0.054903125 0.8916765625 0.16045156249999998 0.9061671875 0.184375 0.9206562500000001 0.1900046875 0.8515515625000001 0.1773390625 0.8348328125
13 0 0.643134375 0.008462500000000001 0.6386671875000001 0.03379375 0.6475828124999999 0.06756875 0.6498125 0.10415937500000001 0.6832499999999999 0.1238609375 0.6565000000000001 0.13371249999999998 0.6888234375 0.1660796875 0.6921671875000001 0.1815609375 0.70665625 0.1871890625 0.7222609375 0.19844843750000002 0.7244890625 0.2111140625 0.7166875 0.23644531249999998 0.723375 0.247703125 0.7211453125 0.26318437499999997 0.7021984375 0.22659375 0.6799062499999999 0.229409375 0.6598437500000001 0.20970624999999998 0.6420109375 0.2153359375 0.6375515625 0.2125203125 0.6308640624999999 0.1773390625 0.6119171875 0.137934375 0.6074578125000001 0.087271875 0.5918546874999999 0.039423437500000005 0.5896250000000001 0.008462500000000001 0.6007703125 0 0.6074734375 0 0.643134375
17 0.06756875 0.8147703125 0.095715625 0.7880203125 0.147784375 0.75346875 0.16748749999999998 0.7244890625 0.1787453125 0.7178015624999999 0.1787453125 0.70665625 0.1688953125 0.6943953125 0.146378125 0.6877078125 0.1365265625 0.6955109375 0.038015625 0.7958234375 0.009868749999999999 0.8158859375 0.007054687499999999 0.8270312499999999 0.021128125 0.8292609375 0.06756875 0.8147703125
6 1 0.561228125 0.99824375 0.561228125 0.995275 0.559003125 0.9923078125 0.559003125 0.9893390625 0.5567765625 0.986371875 0.5567765625 0.9834046875 0.55455 0.9744999999999999 0.55455 0.9715328124999999 0.5567765625 0.9685640624999999 0.5567765625 0.96708125 0.5578890624999999 0.96708125 0.560115625 0.9655968749999999 0.561228125 0.953725 0.561228125 0.9507578125 0.559003125 0.9477890625000001 0.559003125 0.944821875 0.5567765625 0.941853125 0.5567765625 0.9388859374999999 0.55455 0.9359187500000001 0.55455 0.9240468749999999 0.5456453125 0.921078125 0.5456453125 0.9181109375000001 0.5434203125 0.9151421875000001 0.5434203125 0.9121750000000001 0.5411937499999999 0.8914 0.5411937499999999 0.88843125 0.5389671875000001 0.8854640625 0.5389671875000001 0.882496875 0.5367421875 0.8706250000000001 0.5367421875 0.8646890624999999 0.5411937499999999 0.8617203124999999 0.5411937499999999 0.8557859375 0.5456453125 0.8528171875 0.5456453125 0.84985 0.5434203125 0.8201703124999999 0.5434203125 0.817203125 0.5411937499999999 0.8112671875 0.5411937499999999 0.8083 0.5389671875000001 0.80533125 0.5389671875000001 0.8023640625 0.5411937499999999 0.7934593750000001 0.5411937499999999 0.7904921875 0.5434203125 0.78455625 0.5434203125 0.7815890624999999 0.5456453125 0.7608125 0.5456453125 0.7593296875 0.5467593749999999 0.7593296875 0.5489859375 0.7563609375 0.5512109374999999 0.7563609375 0.5534375 0.7533937500000001 0.5556640625 0.7533937500000001 0.5578890624999999 0.7489421875 0.561228125 0.7459734375 0.561228125 0.74300625 0.5634546874999999 0.7400375 0.5634546874999999 0.7370703125 0.56568125 0.7192624999999999 0.56568125 0.7148109375 0.5690203125 0.7148109375 0.5712453125 0.71184375 0.573471875 0.71184375 0.577925 0.710359375 0.5790375 0.7073921875 0.5790375 0.7044234375 0.5812640625000001 0.70145625 0.5812640625000001 0.6984874999999999 0.5834890625 0.6925515625 0.5834890625 0.6836484375 0.5901671875 0.6747453125 0.5901671875 0.6717765625000001 0.59239375 0.665840625 0.59239375 0.6599046875 0.596846875 0.6510015625000001 0.596846875 0.6435828124999999 0.6024109375 0.6435828124999999 0.6046375 0.6406140625 0.6068640624999999 0.6406140625 0.6202203125 0.6435828124999999 0.622446875 0.6435828124999999 0.6268984375 0.6406140625 0.6291249999999999 0.6406140625 0.635803125 0.6391296875 0.636915625 0.6361625 0.636915625 0.63319375 0.6391421875 0.6302265625000001 0.6391421875 0.624290625 0.64359375 0.6213234375 0.64359375 0.6183546875 0.6458203124999999 0.61241875 0.6458203124999999 0.606484375 0.6413671875 0.603515625 0.6413671875 0.5975796875 0.636915625 0.5886765625 0.636915625 0.584225 0.6402546874999999 0.584225 0.6447078125 0.5797734375 0.648046875 0.5738375 0.648046875 0.5679015625 0.6524984375 0.561965625 0.6524984375 0.558996875 0.654725 0.55009375 0.654725 0.5337703125 0.66696875 0.5337703125 0.66919375 0.5322859375 0.6703078125 0.5296875 0.6703078125 0.5296875 0.79301875 0.5322859375 0.79496875 0.538221875 0.79496875 0.541190625 0.7927421875 0.5441578125000001 0.7927421875 0.5456421875 0.7938546875 0.5456421875 0.7960812500000001 0.5441578125000001 0.79719375 0.541190625 0.79719375 0.5296875 0.805821875 0.5296875 0.8172296875 0.541190625 0.8172296875 0.542675 0.8161156249999999 0.542675 0.813890625 0.5471265625 0.8105515625 0.5530625 0.8105515625 0.5560296874999999 0.808325 0.561965625 0.808325 0.5664171875 0.8116640625 0.5664171875 0.82056875 0.5693859375 0.82279375 0.5693859375 0.8272468749999999 0.5753203124999999 0.8316984375 0.572353125 0.833925 0.572353125 0.8361515624999999 0.5768046874999999 0.839490625 0.5797734375 0.839490625 0.584225 0.8428296874999999 0.584225 0.8450546875 0.5886765625 0.84839375 0.59164375 0.84839375 0.5946125 0.84616875 0.5975796875 0.84616875 0.6005484375 0.8439421875 0.603515625 0.8439421875 0.606484375 0.84616875 0.6094515625 0.84616875 0.6109359375000001 0.84728125 0.6094515625 0.84839375 0.606484375 0.84839375 0.603515625 0.8506203125 0.6005484375 0.8506203125 0.5990640625 0.8517328125000001 0.5990640625 0.8561859374999999 0.593128125 0.8606374999999999 0.593128125 0.867315625 0.5901609375 0.8695421874999999 0.5946125 0.87288125 0.606484375 0.87288125 0.6094515625 0.8751078124999999 0.61241875 0.8751078124999999 0.6153875 0.8773328125000001 0.6391296875 0.8773328125000001 0.645065625 0.8817859374999999 0.6510015625000001 0.8817859374999999 0.6539703125 0.879559375 0.6569375 0.879559375 0.6599046875 0.8773328125000001 0.6628734374999999 0.8773328125000001 0.668809375 0.87288125 0.6717765625000001 0.87288125 0.6747453125 0.8706546875000001 0.68068125 0.8706546875000001 0.6836484375 0.8684296874999999 0.6866156250000001 0.8684296874999999 0.689584375 0.866203125 0.6955203125 0.866203125 0.6984874999999999 0.8684296874999999 0.7370703125 0.8684296874999999 0.7400375 0.866203125 0.74300625 0.8684296874999999 0.7459734375 0.866203125 0.7608125 0.866203125 0.76378125 0.8639765625000001 0.7667484375 0.866203125 0.7815890624999999 0.866203125 0.783071875 0.865090625 0.783071875 0.8628640624999999 0.7860406249999999 0.8606374999999999 0.7860406249999999 0.8584125 0.7875234375 0.8572984375000001 0.7904921875 0.859525 0.80533125 0.859525 0.8083 0.8617515625 0.8112671875 0.8617515625 0.8142343750000001 0.859525 0.817203125 0.859525 0.8201703124999999 0.8572984375000001 0.8290749999999999 0.8572984375000001 0.8320421874999999 0.8550718749999999 0.837978125 0.8550718749999999 0.84985 0.84616875 0.8617203124999999 0.84616875 0.8661734375 0.8428296874999999 0.8661734375 0.8383765625 0.8676562499999999 0.8372640625000001 0.8706250000000001 0.8372640625000001 0.872109375 0.8361515624999999 0.872109375 0.833925 0.8706250000000001 0.8328125 0.8676562499999999 0.8328125 0.8632046875 0.829471875 0.8676562499999999 0.8261328125 0.8706250000000001 0.8261328125 0.8735921875000001 0.828359375 0.879528125 0.828359375 0.8839796874999999 0.8316984375 0.882496875 0.8328125 0.879528125 0.8328125 0.87804375 0.833925 0.87804375 0.8361515624999999 0.8839796874999999 0.840603125 0.8839796874999999 0.8428296874999999 0.8854640625 0.8439421875 0.8914 0.8439421875 0.8973359375 0.84839375 0.900303125 0.84839375 0.9062390625000001 0.8439421875 0.9151421875000001 0.8439421875 0.9181109375000001 0.841715625 0.921078125 0.841715625 0.9255296875000001 0.8450546875 0.9255296875000001 0.84728125 0.9299828124999999 0.8506203125 0.9477890625000001 0.8506203125 0.9507578125 0.84839375 0.95669375 0.84839375 0.9596609375 0.8506203125 0.962628125 0.84839375 0.9655968749999999 0.8506203125 0.9685640624999999 0.8506203125 0.9700484375 0.8517328125000001 0.9700484375 0.853959375 0.9641125 0.8584125 0.9641125 0.865090625 0.9730171875 0.87176875 0.9730171875 0.8806734374999999 0.9774687500000001 0.8840125000000001 0.9804359375 0.8840125000000001 0.9834046875 0.8862375 0.9893390625 0.8862375 0.9923078125 0.8884640625 0.995275 0.8884640625 0.9967593750000001 0.8895765625 0.9967593750000001 0.891803125 1 0.8942343749999999 1 0.8652953125 0.9967593750000001 0.8628640624999999 0.9967593750000001 0.8584125 1 0.8559812499999999 1 0.561228125
13 0.5649328125 0.7860640625 0.5560296874999999 0.7860640625 0.5530625 0.7882906249999999 0.55009375 0.7882906249999999 0.542675 0.7938546875 0.542675 0.8005328125 0.5441578125000001 0.801646875 0.5471265625 0.801646875 0.55009375 0.8038718749999999 0.5679015625 0.8038718749999999 0.5693859375 0.8027593749999999 0.57086875 0.801646875 0.5738375 0.801646875 0.5797734375 0.79719375 0.582740625 0.79719375 0.5857078125 0.79496875 0.5886765625 0.79496875 0.593128125 0.7916296875 0.5886765625 0.7882906249999999 0.5857078125 0.7882906249999999 0.582740625 0.7860640625 0.5738375 0.7860640625 0.57086875 0.7838375 0.5679015625 0.7838375 0.5649328125 0.7860640625
17 1 0.653815625 0.9997281250000001 0.6536109375 0.9997281250000001 0.6513859375 0.99824375 0.6502718749999999 0.9923078125 0.6502718749999999 0.9893390625 0.6524984375 0.986371875 0.6524984375 0.9744999999999999 0.661403125 0.9715328124999999 0.661403125 0.9596609375 0.6703078125 0.95669375 0.6703078125 0.9507578125 0.674759375 0.9477890625000001 0.674759375 0.941853125 0.6792109375 0.9388859374999999 0.6792109375 0.93295 0.6836640625 0.9299828124999999 0.6836640625 0.9255296875000001 0.687003125 0.9284984375 0.689228125 0.9284984375 0.6914546875 0.93295 0.69479375 0.9359187500000001 0.69479375 0.9388859374999999 0.6970203125000001 0.962628125 0.6970203125000001 0.9655968749999999 0.69479375 0.9774687500000001 0.69479375 0.9804359375 0.6970203125000001 0.9819203125 0.6959078125 0.9834046875 0.69479375 0.986371875 0.69479375 0.9908234374999999 0.6914546875 0.9908234374999999 0.689228125 0.995275 0.6858890625 0.99824375 0.6858890625 1 0.6845718749999999 1 0.653815625
18 0.584225 0.635803125 0.584225 0.6469328125 0.5946125 0.654725 0.606484375 0.654725 0.6079671875 0.6536109375 0.613903125 0.649159375 0.613903125 0.6469328125 0.5946125 0.6324640625 0.5886765625 0.6324640625 0.584225 0.635803125
13 0.8394625 0.813890625 0.8394625 0.8116640625 0.83649375 0.8094374999999999 0.83649375 0.7983078124999999 0.8350109375000001 0.79719375 0.8320421874999999 0.79719375 0.8305578125 0.7983078124999999 0.8305578125 0.8005328125 0.8246218750000001 0.8049859375 0.8246218750000001 0.82279375 0.827590625 0.8250203125000001 0.827590625 0.833925 0.8305578125 0.8361515624999999 0.8305578125 0.840603125 0.8335265625 0.8428296874999999 0.8335265625 0.84728125 0.8409453125 0.852846875 0.8424296874999999 0.8517328125000001 0.8513328124999999 0.8450546875 0.8513328124999999 0.840603125 0.85726875 0.8361515624999999 0.85726875 0.8316984375 0.8602375 0.829471875 0.8602375 0.82056875 0.85726875 0.8183421875000001 0.85726875 0.813890625 0.8557859375 0.8127765625000001 0.8528171875 0.8150031249999999 0.84985 0.8150031249999999 0.84688125 0.8172296875 0.8439140625 0.8172296875 0.8394625 0.813890625