6 0 0 0 0.45 0.4796875 0.45 0.4796875 0 0.41782343749999995 0 0.4136125 0.00749375 0.413009375 0 0 0
14 0.4147265625 0 0.4147265625 0.0888734375 0.449309375 0.1265859375 0.4796875 0.131165625 0.4796875 0 0.4147265625 0
13 0.24739218749999997 0.2873578125 0.271934375 0.2675078125 0.26970312500000004 0.24368906250000003 0.2641265625 0.23376718749999997 0.217271875 0.237734375 0.1815734375 0.2218578125 0.17376562499999998 0.2317796875 0.17376562499999998 0.271478125 0.182690625 0.3429328125 0.21281093750000002 0.360796875 0.2407 0.3985078125 0.24293125 0.3469 0.2540859375 0.31514375 0.24739218749999997 0.2873578125
13 0.10571562500000001 0.3965234375 0.0365515625 0.4124 0.017585937500000003 0.4382046875 0.014271875 0.45 0.2290625 0.45 0.23958437500000002 0.44812812500000004 0.2384671875 0.410415625 0.21281093750000002 0.36476406250000004 0.17934375 0.3528546875 0.134721875 0.36476406250000004 0.10571562500000001 0.3965234375
6 0.4796875 0 0.4796875 0.45 0.973540625 0.45 1 0.38080156249999997 1 0 0.4796875 0
17 0.5040484375000001 0.23866874999999999 0.48620625000000006 0.246690625 0.482859375 0.2928078125 0.4796875 0.2967984375 0.4796875 0.45 0.5536140625 0.45 0.589921875 0.3930578125 0.589921875 0.3369140625 0.5653859375 0.304834375 0.5508890625 0.25070156250000003 0.5040484375000001 0.23866874999999999
13 0.59503125 0 0.5943828124999999 0.004073437500000001 0.5810015625 0.0161046875 0.5810015625 0.0521953125 0.606653125 0.1143546875 0.6546078125 0.1243765625 0.6791437499999999 0.0882859375 0.665759375 0.048184375 0.6619296875 0 0.59503125 0
13 0.865440625 0 0.8486578124999999 0.020115625 0.8218953125 0.092296875 0.8631578125000001 0.2146046875 0.9389953125 0.29881718749999997 0.962415625 0.29681250000000003 0.9969859375000001 0.21861562499999998 1 0.2166453125 1 0.045068750000000005 0.9714140625000001 0 0.865440625 0
3 0.81631875 0.3629828125 0.7984718749999999 0.3910515625 0.7739390625 0.403084375 0.7639015625 0.42513750000000006 0.767246875 0.4351640625 0.785090625 0.4471953125 0.810740625 0.44519062500000006 0.83193125 0.4271421875 0.8442000000000001 0.4050890625 0.8508890625 0.381025 0.8531203125 0.3689984375 0.8531203125 0.328896875 0.8508890625 0.3248875 0.8508890625 0.3128546875 0.840853125 0.2908015625 0.8363921875000001 0.2908015625 0.8252375000000001 0.31084999999999996 0.81631875 0.3148609375 0.812971875 0.32087656249999996 0.812971875 0.328896875 0.8196640625 0.344934375 0.8196640625 0.3569671875 0.81631875 0.3629828125
3 0.5798859375000001 0.30683906250000004 0.5821171875 0.31084999999999996 0.601075 0.30884375 0.604421875 0.30683906250000004 0.6077671875 0.29681250000000003 0.6122265625 0.2406734375 0.6166875 0.2206203125 0.6166875 0.21259999999999998 0.6133421875 0.20658906250000003 0.604421875 0.21059375 0.58880625 0.2266375 0.575425 0.230646875 0.569846875 0.2406734375 0.569846875 0.25270156250000003 0.5653859375 0.260721875 0.5653859375 0.28478593750000003 0.5676171875 0.29681250000000003 0.57319375 0.30683906250000004 0.5798859375000001 0.30683906250000004
17 0.5208109375000001 0 0.509625 0.020115625 0.5196609375000001 0.0381578125 0.530815625 0.0461796875 0.5486578125 0.0742546875 0.5910375 0.12638125 0.6133421875 0.146434375 0.62115 0.14442968750000001 0.6278421875 0.132396875 0.620034375 0.13039218749999998 0.604421875 0.11034375 0.5787703125 0.05620625 0.5776546875 0.010089062499999999 0.5575812499999999 0.0020671875 0.5391812500000001 0 0.5208109375000001 0
6 0.142559375 0.6092046875 0.12359843749999999 0.6380703125 0.1559421875 0.6873125 0.29869375 0.8027765625000001 0.37229999999999996 0.85371875 0.41913906250000005 0.863903125 0.44144375 0.8944656249999999 0.4796875 0.8977625 0.4796875 0.45 0.2893328125 0.45 0.231778125 0.47336718749999995 0.188284375 0.5327953125 0.17713125000000002 0.5701515625 0.188284375 0.5871328124999999 0.142559375 0.6092046875
21 0.28085 0.6839171875 0.220625 0.65675 0.19274375 0.6754249999999999 0.188284375 0.702596875 0.2005515625 0.721271875 0.26189062500000004 0.7569296875 0.2864234375 0.7229703125 0.28085 0.6839171875
3 0.326575 0.6448625 0.32434375000000004 0.6924078125 0.34664843749999996 0.7263671875 0.37006875 0.69410625 0.4057546875 0.7076921875 0.42471718750000004 0.6958046875 0.43140625000000005 0.6380703125 0.41913906250000005 0.6092046875 0.3879125 0.5990203125 0.326575 0.6448625
3 0.371184375 0.6041109375 0.34776406249999997 0.5446828125 0.23624062499999998 0.6261875 0.2284328125 0.6482593750000001 0.2897703125 0.6839171875 0.32211249999999997 0.68221875 0.34664843749999996 0.6075062499999999 0.371184375 0.6041109375
15 0.382334375 0.6041109375 0.412446875 0.5888312499999999 0.4135625 0.573546875 0.371184375 0.593925 0.382334375 0.6041109375
16 0.33995625 0.4580828125 0.3375421875 0.45 0.3011390625 0.45 0.23846875 0.4699703125 0.22397187500000001 0.4954390625 0.2295484375 0.531096875 0.30427031250000003 0.5293984375 0.3198828125 0.47506562499999994 0.33995625 0.4580828125
13 0.4537109375 0.702596875 0.4559421875 0.7297640624999999 0.4796875 0.7492296875 0.4796875 0.5821125 0.47824687499999996 0.5667546875 0.4796875 0.56578125 0.4796875 0.479246875 0.40464218750000003 0.5395875 0.4336375 0.641465625 0.4336375 0.68221875 0.45036718750000004 0.622790625 0.47155625 0.672034375 0.4537109375 0.702596875
16 0.4796875 0.8945453125 0.4796875 0.7698515625 0.47044218750000005 0.7756109375 0.4358671875 0.838434375 0.4358671875 0.8656015625 0.44925156250000003 0.8689984374999999 0.4369828125 0.8842812500000001 0.4796875 0.8945453125
6 1 0.45 0.4796875 0.45 0.4796875 1 0.9785609375 1 1 0.9711171875 1 0.45