6 0 0 0 0.5092171875 0.026203125 0.51430625 0.032465625 0.52281875 0.0314546875 0.5296875 0.0342375 0.5296875 0.0437375 0.524521875 0.0494375 0.5296875 0.6296875 0.5296875 0.6296875 0 0 0
16 0.2725546875 0 0.25039218750000003 0.04268125 0.21908124999999998 0.085246875 0.1840125 0.11929843749999999 0.1439328125 0.1431359375 0.12138906249999999 0.1771890625 0.088825 0.20783437500000002 0.03371875 0.28275 0.027456249999999998 0.28445156250000003 0.0049109374999999995 0.3321265625 0 0.3543796875 0 0.509559375 0.0111734375 0.51430625 0.027456249999999998 0.5126031249999999 0.048746875 0.504090625 0.07880625 0.504090625 0.10135000000000001 0.4972796875 0.1464390625 0.4666328125 0.16773125 0.44449843749999995 0.170234375 0.430878125 0.189021875 0.40533906249999996 0.2165765625 0.3883125 0.23411093749999998 0.3610703125 0.24413125 0.354259375 0.277946875 0.3014796875 0.2879671875 0.2776421875 0.3267921875 0.2248609375 0.39192031250000003 0.16356718750000002 0.4269890625 0.146540625 0.45078593749999996 0.11419062499999999 0.4633109375 0.07332968749999999 0.46080468750000003 0.049490624999999996 0.42585468750000005 0 0.2725546875 0
16 0.43200000000000005 0.146540625 0.411959375 0.1601625 0.3969296875 0.16356718750000002 0.3518421875 0.2044296875 0.3117625 0.2486984375 0.2929765625 0.2776421875 0.28045156250000003 0.304884375 0.290471875 0.427471875 0.306753125 0.463228125 0.3430734375 0.4649296875 0.36186093750000003 0.463228125 0.37689062500000003 0.45301093750000004 0.40820156250000006 0.3968265625 0.434503125 0.378096875 0.4720765625 0.32361249999999997 0.4770875 0.32020781249999997 0.51215625 0.3338296875 0.5497296875 0.313396875 0.56350625 0.2980734375 0.56350625 0.23677968749999997 0.5559921875 0.199321875 0.5559921875 0.1414328125 0.547225 0.126109375 0.4745828125 0.09886875 0.45955312499999995 0.09886875 0.43200000000000005 0.146540625
16 0.58229375 0.16356718750000002 0.5647593750000001 0.16356718750000002 0.558496875 0.168675 0.5559921875 0.1857015625 0.56350625 0.2163484375 0.56350625 0.2742375 0.5685171875 0.304884375 0.572275 0.3099921875 0.5960703125 0.31169375 0.6248765625 0.2861546875 0.6261296875 0.2742375 0.593565625 0.17548593750000002 0.58229375 0.16356718750000002
6 1 0.1378265625 0.8696406250000001 0.0961296875 0.7852109375 0.20166093749999997 0.6593046874999999 0.15675624999999999 0.6296875 0.207909375 0.6296875 0.343059375 0.7778046875 0.45089218750000004 1 0.3627203125 1 0.1378265625
13 0.7331578125 0.40798281249999996 0.748234375 0.4117921875 0.7733671875 0.43844374999999997 0.7846734375 0.43653906249999996 0.8688609375 0.4003671875 0.87514375 0.38703906250000003 0.8776578125000001 0.3223125 0.866346875 0.31279218750000004 0.8236281249999999 0.3089828125 0.8010078125 0.24425625 0.708028125 0.175715625 0.6552546875 0.1795234375 0.64394375 0.1966609375 0.6426875 0.22902343749999998 0.6296875 0.2313875 0.6296875 0.2628953125 0.6301234375 0.2632921875 0.7155671875 0.28233281250000003 0.7394406250000001 0.3223125 0.7168234375 0.352771875 0.7143109375 0.38323125 0.7331578125 0.40798281249999996
13 1 0.2249328125 0.9191203124999999 0.21379687500000003 0.9254046875 0.1471609375 0.9178640625 0.12431718750000001 0.90153125 0.103371875 0.866346875 0.1186046875 0.8550375000000001 0.1357359375 0.8324203125 0.20046875000000003 0.8349343749999999 0.22331249999999997 0.8512703125 0.2404484375 0.8738875 0.2480640625 0.893990625 0.236640625 0.9090671875 0.24425625 0.920378125 0.269003125 0.920378125 0.28804375000000004 0.9367109375 0.335640625 0.9543046875 0.33944375 0.979434375 0.3622921875 1 0.3606515625 1 0.2249328125
6 0.6296875 1 0.6296875 0.6046515625 0.4680640625 0.5852703125 0.457103125 0.5629953125 0.433296875 0.5296875 0.3813359375 0.5296875 0.38137656249999996 0.530325 0.3734546875 0.5296875 0.1631890625 0.5296875 0.174121875 0.5704203125 0 0.5818609375 0 0.9801890625 0.022134375 1 0.6296875 1
14 0.18211093750000001 0.6740609375 0.21842968749999997 0.6796593750000001 0.2610078125 0.664728125 0.2760359375 0.5639421875 0.28355 0.55274375 0.264765625 0.5396796875 0.20978906249999998 0.5296875 0.16456874999999999 0.5296875 0.16583125 0.5340796875 0.16583125 0.590071875 0.160821875 0.61246875 0.16583125 0.6199343749999999 0.1633265625 0.6535296875000001 0.18211093750000001 0.6740609375
12 0.14838437499999999 1 0.1558125 0.9409562499999999 0.190878125 0.8924296875 0.1871203125 0.87563125 0.12450468750000002 0.8606999999999999 0.10697187500000001 0.912959375 0.1019625 0.8980281250000001 0.08442968749999999 0.90549375 0.0794203125 0.8905625 0.066896875 0.8905625 0.0606359375 0.9073609375 0.05061718750000001 0.9148265625 0.0481125 0.9260249999999999 0.05813125 0.9372234374999999 0.05813125 0.9521546875 0.05061718750000001 0.97081875 0.0489859375 1 0.14838437499999999 1
6 1 0.5296875 0.6296875 0.5296875 0.6296875 0.9824171875 0.7165421875 1 1 1 1 0.5296875