6 0 0.609375 0.1595125 0.609375 0.17251875 0.39705 0.1771671875 0.3762578125 0.1957625 0.355465625 0.20273593750000002 0.3097203125 0.2352765625 0.2681328125 0.2469015625 0.21406718749999998 0.239928125 0.1267375 0.2108703125 0.05811875 0.18530156250000002 0.0373265625 0.131840625 0.053959375 0.11557031250000001 0.0705953125 0.06443125 0.17456093749999999 0.034214062499999996 0.16624375 0 0.1948125 0 0.609375
3 0.24922343749999998 0.2057515625 0.2469015625 0.155846875 0.22830468750000002 0.08515 0.18530156250000002 0.033165625 0.16438124999999998 0.033165625 0.11557031250000001 0.066434375 0.07953906250000001 0.1433703125 0.10627187499999999 0.1496078125 0.12254374999999999 0.132975 0.1574078125 0.1412921875 0.1887890625 0.193275 0.1887890625 0.28476875 0.212034375 0.3014015625 0.237603125 0.2681328125 0.24922343749999998 0.2057515625
14 0 0.609375 0.1599984375 0.609375 0.17019375 0.41784687500000006 0.1771671875 0.3762578125 0.20041250000000002 0.3388296875 0.19924843750000001 0.2951625 0 0.2806140625 0 0.609375
6 0.8573859374999999 0 0.8071984375 0.012534375 0.78785625 0.040203125 0.7157609375 0.06128281249999999 0.7157609375 0.0889515625 0.58651875 0.14428749999999999 0.537284375 0.25759375 0.5970703125 0.35245625 0.9927093749999999 0.43545937500000004 1 0.43282187499999997 1 0 0.8573859374999999 0
13 0.9012687500000001 0.19287812499999998 0.8247234375 0.14073750000000002 0.806165625 0.1442140625 0.785290625 0.15811875 0.76209375 0.19287812499999998 0.750496875 0.1963546875 0.744696875 0.20504375000000002 0.742378125 0.2328515625 0.7284609375 0.257184375 0.7215015625000001 0.281515625 0.723821875 0.2988953125 0.7319390625 0.3145375 0.8015265625 0.3527734375 0.8711140625 0.42577031249999997 0.9001093750000001 0.42750781250000003 0.9163453125000001 0.4136046875 0.94418125 0.347559375 0.96505625 0.3128 0.9812937500000001 0.260659375 0.9952109374999999 0.236328125 0.9963703125000001 0.2206859375 0.9824531249999999 0.2206859375 0.9662171875000001 0.234590625 0.9546187500000001 0.234590625 0.945340625 0.24154218749999998 0.9267843750000001 0.24154218749999998 0.9117062499999999 0.2328515625 0.9024281249999999 0.211996875 0.9012687500000001 0.19287812499999998
13 1 0.028100000000000003 0.9894125 0.0260296875 0.9522984375 0.039934375 0.9314234375 0.0538390625 0.9082265625 0.0781703125 0.8977890625 0.10771562500000001 0.8977890625 0.149428125 0.9024281249999999 0.1737609375 0.9093875 0.1807125 0.9024281249999999 0.1980921875 0.9024281249999999 0.211996875 0.919825 0.238065625 0.9465 0.2398046875 0.961578125 0.23111406250000002 0.963896875 0.2206859375 0.9754953125 0.2241625 0.9963703125000001 0.2102578125 1 0.20482031250000002 1 0.028100000000000003
13 1 0.22685 0.9836140625 0.257184375 0.9673765624999999 0.3093234375 0.934903125 0.37189218749999997 0.934903125 0.3823203125 0.9407015624999999 0.387534375 0.9754953125 0.3736296875 0.9894125 0.3736296875 1 0.3825546875 1 0.22685
13 1 0.3876296875 0.9894125 0.3736296875 0.9662171875000001 0.37710625000000003 0.9407015624999999 0.391009375 0.9337421875 0.387534375 0.9302625000000001 0.3927484375 0.9325828125 0.4066515625 0.9499796875 0.42577031249999997 0.97085625 0.4361984375 0.9812937500000001 0.434459375 0.99173125 0.43272187500000003 1 0.417028125 1 0.3876296875
6 0.5 1 0.5 0.609375 0 0.609375 0 0.9644375000000001 0.0532015625 0.9950765625000001 0.06505 1 0.5 1
14 0.36638281250000004 1 0.4459015625 0.858390625 0.46221562499999996 0.790934375 0.5 0.7525625 0.5 0.609375 0.2305359375 0.609375 0.1988609375 0.645371875 0.140596875 0.9329468750000001 0.11058593750000001 1 0.36638281250000004 1
13 0.47879375 1 0.49484374999999997 0.9755499999999999 0.4995046875 0.9116453124999999 0.5 0.9103421875000001 0.5 0.7577734375 0.4692078125 0.783834375 0.41793593749999997 0.9258453125000001 0.3714453125 1 0.47879375 1
13 0 0.9535781249999999 0.031060937500000003 0.96845 0.0264 0.9187453124999999 0.0077546875 0.8938937499999999 0.0834984375 0.90631875 0.1254484375 0.870815625 0.16390312499999998 0.7980343750000001 0.18953906250000002 0.641821875 0.1824390625 0.609375 0 0.609375 0 0.9535781249999999
6 1 0.609375 0.5 0.609375 0.5 1 1 1 1 0.609375
6 1 0.609375 0.5 0.609375 0.5 1 1 1 1 0.609375