6 0 0 0 0.4296875 0.36875 0.4296875 0.36875 0 0 0
16 0.17591874999999998 0 0.16808281249999998 0.0117875 0.16584062500000002 0.02399375 0.1389375 0.07586875 0.1109125 0.11401093749999999 0.0795234375 0.144525 0.043651562500000005 0.1658859375 0.023475 0.19640156250000002 0 0.21851875 0 0.4296875 0.0661 0.4296875 0.0671921875 0.42373281250000006 0.0840078125 0.4008484375 0.1086703125 0.38559062499999996 0.12436406250000001 0.361178125 0.1333328125 0.355075 0.1636 0.307778125 0.1725671875 0.2864171875 0.2073171875 0.23912031250000002 0.26560937500000004 0.18419375 0.296996875 0.16893750000000002 0.31829687500000003 0.1399484375 0.32950625 0.1033328125 0.3272640625 0.081971875 0.27345625 0.0056859375 0.272859375 0 0.17591874999999998 0
16 0.2297375 0.2208125 0.19386562499999999 0.26048125 0.17704999999999999 0.2864171875 0.16584062500000002 0.3108296875 0.174809375 0.42068125 0.1789046875 0.4296875 0.2598828125 0.4296875 0.2801828125 0.39321875 0.3037234375 0.37643593750000004 0.33735312500000003 0.3276125 0.3418375 0.3245609375 0.36875 0.3350265625 0.36875 0.1371640625 0.3395953125 0.1262171875 0.32614375 0.1262171875 0.30148125000000003 0.16893750000000002 0.2835453125 0.18114375 0.27009375 0.18419375 0.2297375 0.2208125
6 0.36875 0 0.36875 0.4296875 1 0.4296875 1 0 0.36875 0
3 0.36875 0 0.36875 0.28051875000000004 0.4005734375 0.33676093749999997 0.36875 0.352671875 0.36875 0.4296875 0.7835078125 0.4296875 0.7904421875 0.39085312499999997 0.7746734375 0.2894375 0.66311875 0.1575984375 0.596634375 0.1204140625 0.5831109375 0.0663296875 0.5253015624999999 0 0.36875 0
3 0.5361890625 0 0.59438125 0.068584375 0.61128125 0.11703749999999999 0.6924109374999999 0.1733765625 0.7814265625 0.183521875 0.838896875 0.16886874999999998 0.8862187499999999 0.11478437500000001 0.9741109375000001 0.074221875 1 0.07975625 1 0 0.5361890625 0
3 1 0.08425468750000001 0.9808734375 0.0809765625 0.8997421875 0.11478437500000001 0.8535421875000001 0.17450625 0.7994578125 0.33000625 0.7833421875 0.4296875 1 0.4296875 1 0.08425468750000001
6 0.36875 1 0.36875 0.4296875 0 0.4296875 0 1 0.36875 1
18 0.244140625 0.610325 0.241153125 0.6125640625 0.238165625 0.6125640625 0.236671875 0.613684375 0.236671875 0.6159250000000001 0.233684375 0.6181656249999999 0.233684375 0.627128125 0.238165625 0.6304890624999999 0.241153125 0.6282484375 0.244140625 0.6282484375 0.245634375 0.62936875 0.244140625 0.6304890624999999 0.241153125 0.6304890624999999 0.236671875 0.6338484375 0.239659375 0.6360890625 0.239659375 0.6383296875 0.244140625 0.6416906250000001 0.256090625 0.6416906250000001 0.25758437500000003 0.6405703125 0.259078125 0.63945 0.262065625 0.63945 0.266546875 0.6360890625 0.266546875 0.6338484375 0.27849843750000003 0.6248875 0.27849843750000003 0.6159250000000001 0.275509375 0.613684375 0.275509375 0.6114437500000001 0.274015625 0.610325 0.271028125 0.610325 0.265053125 0.60584375 0.256090625 0.60584375 0.250115625 0.610325 0.244140625 0.610325
18 0.2919421875 0.63496875 0.28895468750000003 0.6327281250000001 0.2859671875 0.63496875 0.2799921875 0.63496875 0.27700468749999996 0.6372093750000001 0.274015625 0.6372093750000001 0.25758437500000003 0.6495328125000001 0.25758437500000003 0.651771875 0.254596875 0.6540125 0.254596875 0.65849375 0.251609375 0.660734375 0.254596875 0.662975 0.254596875 0.665215625 0.25758437500000003 0.6674562500000001 0.25758437500000003 0.669696875 0.259078125 0.6708171875 0.262065625 0.6708171875 0.265053125 0.6730562499999999 0.268040625 0.6730562499999999 0.271028125 0.675296875 0.27700468749999996 0.675296875 0.27849843750000003 0.6741765625 0.2799921875 0.6730562499999999 0.2859671875 0.6730562499999999 0.28895468750000003 0.6708171875 0.2949296875 0.6708171875 0.2979171875 0.6685765625 0.3009046875 0.6685765625 0.3083734375 0.662975 0.3083734375 0.6540125 0.3053859375 0.651771875 0.3053859375 0.6472921875 0.3023984375 0.6450515625000001 0.3023984375 0.6405703125 0.2949296875 0.63496875 0.2919421875 0.63496875
17 0.3083734375 0.6316078125 0.3113609375 0.6338484375 0.3113609375 0.6360890625 0.31434843749999997 0.6383296875 0.31434843749999997 0.6405703125 0.3218171875 0.6461718750000001 0.3233109375 0.6450515625000001 0.3248046875 0.64393125 0.3666296875 0.64393125 0.36875 0.642340625 0.36875 0.6237671875 0.3487046875 0.6237671875 0.34571718749999997 0.6260078124999999 0.3248046875 0.6260078124999999 0.3218171875 0.6282484375 0.3128546875 0.6282484375 0.3083734375 0.6316078125
17 0.3337671875 0.561034375 0.31584218750000004 0.561034375 0.3128546875 0.563275 0.3068796875 0.563275 0.3038921875 0.565515625 0.2979171875 0.565515625 0.2934359375 0.5688765625000001 0.2934359375 0.57335625 0.2964234375 0.575596875 0.2964234375 0.5778375 0.3023984375 0.58231875 0.3023984375 0.589040625 0.3053859375 0.5912796874999999 0.3053859375 0.5957609374999999 0.3023984375 0.5980015625 0.3023984375 0.6002421874999999 0.3053859375 0.6024828125 0.3053859375 0.62040625 0.3068796875 0.6215265624999999 0.3218171875 0.6215265624999999 0.3233109375 0.62040625 0.3248046875 0.6192859375 0.3397421875 0.6192859375 0.3516921875 0.610325 0.35766718750000004 0.610325 0.36214843750000003 0.6069640625 0.3591609375 0.6047234375 0.36065468749999996 0.603603125 0.3636421875 0.603603125 0.3666296875 0.6013625 0.36875 0.6013625 0.36875 0.5543125 0.3666296875 0.5543125 0.3636421875 0.556553125 0.3516921875 0.556553125 0.3487046875 0.55879375 0.3367546875 0.55879375 0.3337671875 0.561034375
17 0.3412359375 0.8735765625 0.3412359375 0.8758171875 0.34571718749999997 0.8791781249999999 0.3487046875 0.8791781249999999 0.3501984375 0.8780578125 0.3531859375 0.8758171875 0.3352609375 0.8623749999999999 0.3352609375 0.85789375 0.3337671875 0.8567734375 0.33077968750000003 0.8567734375 0.3262984375 0.860134375 0.3262984375 0.8646156250000001 0.3277921875 0.8657359375 0.33077968750000003 0.8657359375 0.3337671875 0.8679765625 0.3367546875 0.8679765625 0.3382484375 0.869096875 0.3382484375 0.8713359374999999 0.3412359375 0.8735765625
17 0.238165625 0.552071875 0.23517812500000002 0.5543125 0.232190625 0.5543125 0.229203125 0.556553125 0.22621562499999998 0.556553125 0.22472187500000002 0.5576734375 0.22472187500000002 0.5666359375 0.22621562499999998 0.56775625 0.229203125 0.56775625 0.233684375 0.5711171875 0.233684375 0.57335625 0.236671875 0.575596875 0.236671875 0.580078125 0.239659375 0.58231875 0.239659375 0.584559375 0.250115625 0.5924 0.253103125 0.5924 0.256090625 0.594640625 0.259078125 0.594640625 0.262065625 0.59688125 0.265053125 0.59688125 0.266546875 0.5980015625 0.266546875 0.6002421874999999 0.268040625 0.6013625 0.2859671875 0.6013625 0.2874609375 0.6002421874999999 0.2874609375 0.5980015625 0.2904484375 0.5957609374999999 0.2904484375 0.5643953125000001 0.2859671875 0.561034375 0.2829796875 0.561034375 0.2799921875 0.55879375 0.268040625 0.55879375 0.265053125 0.556553125 0.262065625 0.556553125 0.256090625 0.552071875 0.250115625 0.552071875 0.247128125 0.5498328124999999 0.244140625 0.552071875 0.238165625 0.552071875
6 1 0.4296875 0.46496250000000006 0.4296875 0.4494828125 0.48388125000000004 0.42925625 0.5763843750000001 0.42700781250000003 0.6367140625000001 0.380934375 0.6709015625 0.36875 0.6981515625 0.36875 0.7754703125 0.3921703125 0.7754703125 0.4067796875 0.7895453125 0.40116250000000003 0.8116671875 0.36875 0.8136671874999999 0.36875 0.817825 0.37082031249999997 0.8659640625 0.385428125 0.8840625 0.41014999999999996 0.8800390625000001 0.425884375 0.9041703125 0.470834375 0.90819375 0.5202796875 0.85993125 0.524775 0.82775625 0.6056859375 0.9001484375000001 0.706825 0.9001484375000001 0.7135687500000001 0.8840625 0.7158156250000001 0.896128125 0.7270531250000001 0.8921046875 0.7315484375 0.8760171874999999 0.7394140625000001 0.9303125 0.7562703125 0.9484109374999999 0.8607812499999999 0.9624874999999999 0.8675234375 0.942378125 0.8619046875 0.9242796875 0.8394296875 0.928303125 0.8270687499999999 0.9142265625 0.8776375 0.9162375 0.9001125 0.9041703125 0.920340625 0.8679734375000001 0.9563015625 0.896128125 0.98551875 0.9001484375000001 1 0.917425 1 0.4296875
13 0.4764546875 0.5562765625 0.4787 0.5321453125 0.49780468750000006 0.506003125 0.5382609375 0.4979609375 0.593325 0.6930234375000001 0.6113046875 0.701065625 0.6180484374999999 0.6970421875 0.6180484374999999 0.6487796875 0.6247906249999999 0.6407375 0.612428125 0.6347046875 0.60905625 0.6166046875 0.60905625 0.48388125000000004 0.6146765624999999 0.4657828125 0.6472671875 0.44768437499999997 0.6388843750000001 0.4296875 0.46547343750000003 0.4296875 0.4472359375 0.495946875 0.42700781250000003 0.5964968749999999 0.42700781250000003 0.6326937499999999 0.46409218750000003 0.6628578125 0.48769062500000004 0.6166046875 0.4764546875 0.5562765625
13 0.7888609375 0.656825 0.8135828125 0.6367140625000001 0.811334375 0.6125828125 0.8057171875 0.6025296875 0.75851875 0.60655 0.72255625 0.5904640624999999 0.714690625 0.6005171875 0.714690625 0.6407375 0.72368125 0.71313125 0.7540234375 0.7312296875000001 0.7821171875 0.7694375 0.7843656250000001 0.7171515625 0.795603125 0.6849765624999999 0.7888609375 0.656825
13 0.64501875 0.9102046874999999 0.7113203125 0.896128125 0.7248046875 0.8559078124999999 0.738290625 0.8559078124999999 0.75851875 0.8237328125 0.78099375 0.8197109375 0.77986875 0.781503125 0.7540234375 0.73525 0.7203109375000001 0.723184375 0.6753609375 0.73525 0.6461421875 0.767428125 0.57646875 0.7835125 0.5573640625 0.8096578125 0.548375 0.8418328125000001 0.5539921875 0.85993125 0.61018125 0.9041703125 0.64501875 0.9102046874999999