6 0.2654171875 0 0.237878125 0.002228125 0.22352656249999997 0.0061765625 0.1976953125 0.018021875 0.1747328125 0.033815625 0.10871718749999999 0.061453125 0.10154218749999999 0.0663890625 0.102978125 0.06935 0.08862656249999999 0.06935 0.045571875 0.0575046875 0.034092187499999996 0.0575046875 0.0125640625 0.0663890625 0.0111296875 0.077246875 0 0.074184375 0 0.2332046875 0.0111296875 0.2332046875 0.0168703125 0.23715156249999997 0.080015625 0.23715156249999997 0.09149531250000001 0.2411 0.124503125 0.263803125 0.13885468750000002 0.28157031250000003 0.15033593750000002 0.28749375 0.15320625000000002 0.2993375 0.17042812499999999 0.321053125 0.17616875 0.3605375 0.1847796875 0.3625109375 0.194825 0.3615234375 0.2020015625 0.350665625 0.21922187499999998 0.34276875 0.2249625 0.330925 0.2249625 0.321053125 0.230703125 0.31907968750000004 0.2249625 0.31710625000000003 0.21922187499999998 0.2914421875 0.21061093749999998 0.277621875 0.21061093749999998 0.2717 0.2020015625 0.2677515625 0.19913125 0.2519578125 0.19051875000000001 0.2420875 0.19051875000000001 0.2381390625 0.1976953125 0.23517812500000002 0.21204687500000002 0.23517812500000002 0.2321390625 0.2312296875 0.24648906249999997 0.22135937499999997 0.2895421875 0.21938437500000002 0.290978125 0.21050156250000002 0.295284375 0.20754062499999998 0.3010234375 0.20754062499999998 0.3282921875 0.18483750000000002 0.3282921875 0.1650953125 0.32542031250000003 0.163121875 0.32542031250000003 0.147328125 0.32255 0.1453546875 0.31968125000000003 0.12758750000000002 0.2995890625 0.088103125 0.2995890625 0.0703359375 0.3053296875 0.06244062500000001 0.30245937500000003 0.056517187499999996 0.290978125 0.0505953125 0.3053296875 0.0348015625 0.33403125 0.017034374999999997 0.33116249999999997 0.0111125 0.31500625000000004 0 0.2654171875 0
13 0.25129999999999997 0 0.24648906249999997 0.00025468750000000003 0.21778749999999997 0.008151562499999999 0.1919546875 0.0199953125 0.18765 0.02295625 0.18765 0.026904687500000003 0.1747328125 0.033815625 0.102978125 0.0634265625 0.0958015625 0.0683625 0.0972375 0.0713234375 0.102978125 0.0713234375 0.1201984375 0.0792203125 0.1259390625 0.0792203125 0.16038125 0.091065625 0.20343593750000002 0.10883281250000001 0.24218437499999998 0.1374578125 0.256534375 0.1572 0.256534375 0.1650953125 0.2622765625 0.1650953125 0.2766265625 0.155225 0.27375625000000003 0.1532515625 0.27375625000000003 0.14140625 0.2766265625 0.1394328125 0.27375625000000003 0.131534375 0.26801718750000003 0.12758750000000002 0.2708859375 0.1137671875 0.265146875 0.10587187499999999 0.265146875 0.0999484375 0.2507953125 0.088103125 0.253665625 0.0861296875 0.253665625 0.07625937499999999 0.2938484375 0.048621874999999995 0.3082 0.032828125 0.321115625 0.02394375 0.33403125 0.019009375000000002 0.33116249999999997 0.0111125 0.3131046875 0 0.25129999999999997 0
0 0.440928125 0 0.43908593749999997 0.0702515625 0.5458937500000001 0.1013375 0.558515625 0.17386875 0.4390625 0.19633125 0.4390625 0.28206875 1 0.16883125000000002 1 0 0.440928125 0
1 0.604890625 0.156665625 0.6037640625 0.156803125 0.5854421875 0.1849921875 0.586859375 0.1901546875 0.58931875 0.19179531249999998 0.5937234375 0.191521875 0.6110375 0.16391093750000002 0.6088859375 0.15967343750000002 0.604890625 0.156665625
1 0.6101156249999999 0.07386875000000001 0.603428125 0.07821875 0.6168765625 0.113509375 0.61861875 0.11296250000000001 0.6222046875 0.11132187499999999 0.6259953125 0.10763125 0.61339375 0.07345937500000001 0.6101156249999999 0.07386875000000001
1 0.777840625 0.1155875 0.7781296875 0.11622812499999999 0.7815921875 0.1164859375 0.7858234375 0.11635781249999999 0.786496875 0.1143046875 0.785534375 0.09749375 0.7848625 0.0727296875 0.7820734375 0.072215625 0.779284375 0.0711890625 0.775725 0.0690078125 0.7752453125 0.07260156250000001 0.777840625 0.1155875
1 0.7670703125 0.0167828125 0.76206875 0.0039515625 0.759953125 0.005021875 0.7581265625 0.007203125 0.756971875 0.0077171875 0.7553375 0.0086140625 0.7537015625000001 0.0107953125 0.7535093749999999 0.0128484375 0.7682562500000001 0.0420484375 0.7708203124999999 0.04065 0.7743796875 0.0379546875 0.7760140625 0.035517187500000005 0.7670703125 0.0167828125
6 0.4390625 1 0.4390625 0.4390625 0 0.4390625 0 1 0.4390625 1
0 1 0.447590625 0.9472531249999999 0.4390625 0.4390625 0.4390625 0.4390625 0.5881203125 0.50058125 0.606025 0.513203125 0.67855625 0.4390625 0.6924984375000001 0.4390625 0.777609375 1 0.664371875 1 0.447590625
1 0.559578125 0.661353125 0.5584515624999999 0.661490625 0.5401296875 0.6896796875 0.541546875 0.6948421875 0.54400625 0.6964828125 0.5484109375 0.696209375 0.565725 0.6685984375 0.5635734375 0.6643609374999999 0.559578125 0.661353125
1 0.564803125 0.57855625 0.558115625 0.58290625 0.5715640625 0.618196875 0.57330625 0.61765 0.5768921875 0.616009375 0.5806828125 0.61231875 0.56808125 0.5781468750000001 0.564803125 0.57855625
1 0.732528125 0.620275 0.7328171875 0.6209156250000001 0.7362796875 0.6211734375 0.7405109375000001 0.6210453125 0.741184375 0.6189921875 0.740221875 0.60218125 0.73955 0.5774171875 0.7367609374999999 0.5769031250000001 0.733971875 0.5758765625 0.7304125 0.5736953125 0.7299328125 0.5772890625 0.732528125 0.620275
1 0.7217578125 0.5214703125 0.71675625 0.5086390625 0.714640625 0.509709375 0.7128140625 0.511890625 0.711659375 0.5124046875 0.710025 0.5133015624999999 0.7083890625 0.5154828124999999 0.708196875 0.5175359375 0.72294375 0.5467359375 0.7255078125 0.5453375 0.7290671875 0.5426421875 0.7307015625 0.5402046875 0.7217578125 0.5214703125