6 0 0 0 0.45 0.51875 0.45 0.51875 0 0 0
13 0.3858578125 0 0.34540000000000004 0.026915625 0.33018281250000003 0.052528125 0.321053125 0.0930796875 0.324096875 0.0952140625 0.305834375 0.13363125 0.2936609375 0.1741828125 0.2936609375 0.1891234375 0.28453125 0.2104671875 0.2997484375 0.248884375 0.308878125 0.261690625 0.321053125 0.270228125 0.31800937500000004 0.2873015625 0.32866093749999997 0.299040625 0.3423578125 0.30010781249999996 0.34844375 0.2894359375 0.3743140625 0.27129375 0.40170625 0.2606234375 0.44127343750000003 0.2542203125 0.4808390625 0.2563546875 0.5082312499999999 0.2478171875 0.51875 0.24808124999999998 0.51875 0 0.3858578125 0
13 0.3514875 0.2915703125 0.34540000000000004 0.30010781249999996 0.34844375 0.3129140625 0.37127187500000003 0.3246515625 0.392575 0.3417265625 0.41692343750000005 0.35026406250000003 0.4199671875 0.3545328125 0.456490625 0.36733906250000004 0.47170781249999993 0.3694734375 0.49605625 0.38227812499999997 0.5082312499999999 0.3844125 0.51875 0.3904875 0.51875 0.2499515625 0.50214375 0.2499515625 0.4808390625 0.2584890625 0.4290984375 0.2563546875 0.40779375 0.2606234375 0.38648906250000004 0.2670265625 0.3514875 0.2915703125
17 0.4367078125 0.432434375 0.4336640625 0.4388375 0.4367078125 0.445240625 0.42992187499999995 0.45 0.51875 0.45 0.51875 0.392384375 0.4991 0.38227812499999997 0.4869265625 0.38227812499999997 0.4701859375 0.3961515625 0.4610546875 0.41322656249999995 0.4367078125 0.432434375
12 0.17952656250000001 0.09628125 0.10343906249999998 0.15390781250000002 0.0623515625 0.17631875 0.028871875 0.20619843750000003 0.028871875 0.22540624999999997 0.03648125 0.23074218750000003 0.063871875 0.23501093750000002 0.10343906249999998 0.2563546875 0.1125703125 0.2584890625 0.1551796875 0.2563546875 0.1856140625 0.2456828125 0.2069203125 0.2520859375 0.223659375 0.26382500000000003 0.22822499999999998 0.27129375 0.24800624999999998 0.2723625 0.258659375 0.2648921875 0.2830078125 0.26275781249999997 0.2997484375 0.2552875 0.2814875 0.2104671875 0.2875734375 0.2019296875 0.30279218750000003 0.135765625 0.321053125 0.0952140625 0.3271390625 0.0546625 0.31953125 0.051460937500000005 0.29518125 0.053595312500000006 0.258659375 0.064265625 0.2434421875 0.064265625 0.2069203125 0.077071875 0.1993109375 0.0845421875 0.1993109375 0.0952140625 0.17952656250000001 0.09628125
6 1 0.193453125 0.9953421875 0.18736875 0.9292 0.14985781250000002 0.8481203125000001 0.14985781250000002 0.7990453125 0.1844828125 0.7937125 0.11378906250000001 0.76490625 0.08349375 0.6155484375 0.146971875 0.51875 0.1687890625 0.51875 0.45 1 0.45 1 0.193453125
3 1 0.19751875000000002 0.9825406250000001 0.1787109375 0.9206625 0.14985781250000002 0.818246875 0.16428437499999998 0.802246875 0.180153125 0.8043812499999999 0.24651718749999998 0.8171796875 0.2724828125 0.8065109375 0.33018749999999997 0.7548296875 0.45 0.97039375 0.45 0.9889390625000001 0.426846875 1 0.426846875 1 0.19751875000000002
3 0.7499687500000001 0.08349375 0.60915 0.14985781250000002 0.54300625 0.1671703125 0.51875 0.1874734375 0.51875 0.3336890625 0.670796875 0.45 0.6841828125 0.45 0.7691749999999999 0.4037671875 0.797978125 0.3446140625 0.8043812499999999 0.3157609375 0.797978125 0.128215625 0.7841078125000001 0.09503906250000001 0.7499687500000001 0.08349375
6 0 0.9389265625000001 0.085846875 0.93273125 0.1214984375 0.90833125 0.10681875 0.83591875 0.2095796875 0.817028125 0.43292656249999995 0.829621875 0.51875 0.8047921875 0.51875 0.484853125 0.47536875 0.45 0.04243125 0.45 0.01035 0.469921875 0 0.4795453125 0 0.9389265625000001
17 0 0.9323046875 0.0004578125 0.9319609375000001 0.0032984375 0.9319609375000001 0.0089828125 0.9276984374999999 0.011824999999999999 0.9276984374999999 0.014665624999999998 0.9255671875000001 0.0175078125 0.9255671875000001 0.02035 0.923434375 0.0317171875 0.923434375 0.034559374999999996 0.921303125 0.0402421875 0.921303125 0.0416640625 0.9202375 0.0416640625 0.9181062499999999 0.053031249999999995 0.9095796875 0.053031249999999995 0.9031859375 0.050189062500000006 0.9010546875 0.050189062500000006 0.8989218749999999 0.047346875 0.8967906250000001 0.047346875 0.8925281249999999 0.0402421875 0.8871984375 0.0231921875 0.8871984375 0.0175078125 0.8914624999999999 0.011824999999999999 0.8914624999999999 0.006140625 0.895725 0.0032984375 0.895725 0.0004578125 0.89785625 0 0.89785625 0 0.9323046875
17 0.188015625 0.8040703125 0.1908578125 0.8019375 0.1993828125 0.8019375 0.20080468749999997 0.800871875 0.20080468749999997 0.798740625 0.1993828125 0.797675 0.19654218750000002 0.797675 0.1951203125 0.796609375 0.1951203125 0.794478125 0.188015625 0.7891484375 0.185175 0.7891484375 0.1823328125 0.7870171874999999 0.1738078125 0.7870171874999999 0.170965625 0.7891484375 0.16528125 0.7891484375 0.162440625 0.79128125 0.1595984375 0.79128125 0.15675624999999999 0.7934125 0.1539140625 0.7934125 0.1510734375 0.79554375 0.14254687500000002 0.79554375 0.13970625 0.7934125 0.1084453125 0.7934125 0.107025 0.794478125 0.107025 0.8115296875 0.10418281250000001 0.8136609375000001 0.10418281250000001 0.82005625 0.1084453125 0.8232531249999999 0.1539140625 0.8232531249999999 0.15533593750000002 0.8221875000000001 0.1581765625 0.82005625 0.1581765625 0.8157937499999999 0.15533593750000002 0.8136609375000001 0.15533593750000002 0.8093984375 0.15675624999999999 0.8083328125 0.1595984375 0.8083328125 0.162440625 0.8062015625000001 0.16528125 0.8062015625000001 0.1681234375 0.8083328125 0.170965625 0.8083328125 0.1738078125 0.8062015625000001 0.1823328125 0.8062015625000001 0.185175 0.8040703125 0.188015625 0.8040703125
17 0.030296875 0.8669499999999999 0.030296875 0.86908125 0.0274546875 0.8712125000000001 0.0274546875 0.8776078125 0.0217703125 0.8818703125 0.0217703125 0.8840015625 0.0231921875 0.8850671875 0.026032812500000002 0.8850671875 0.028875 0.8871984375 0.034559374999999996 0.8871984375 0.0374 0.8850671875 0.047346875 0.8925281249999999 0.047346875 0.894659375 0.050189062500000006 0.8967906250000001 0.050189062500000006 0.8989218749999999 0.053031249999999995 0.9010546875 0.053031249999999995 0.9074484375 0.050189062500000006 0.9095796875 0.050189062500000006 0.9117109375 0.051609375 0.9127765625 0.0629765625 0.9127765625 0.0643984375 0.9117109375 0.0643984375 0.8967906250000001 0.06866093749999999 0.89359375 0.0715015625 0.89359375 0.0729234375 0.8925281249999999 0.07008125 0.8903968750000001 0.07008125 0.8882640625 0.0672390625 0.8861328125 0.0672390625 0.8797390625 0.05729375 0.872278125 0.054451562499999995 0.872278125 0.045926562500000004 0.865884375 0.043084375 0.865884375 0.0374 0.8616203125 0.030296875 0.8669499999999999
17 0.0814484375 0.719875 0.0828703125 0.720940625 0.1027625 0.720940625 0.10418281250000001 0.719875 0.1056046875 0.718809375 0.1084453125 0.718809375 0.11128750000000001 0.7166781249999999 0.11412968750000001 0.7166781249999999 0.11555 0.7156125 0.11555 0.7070859375 0.1027625 0.69749375 0.097078125 0.69749375 0.0913953125 0.7017562500000001 0.088553125 0.7017562500000001 0.075765625 0.7113484375 0.075765625 0.7134796875 0.0814484375 0.71774375 0.0814484375 0.719875
17 0.311634375 0.71774375 0.311634375 0.7156125 0.3144765625 0.7134796875 0.3144765625 0.7113484375 0.31731875 0.7092171875 0.31731875 0.7028218749999999 0.31305625 0.6996249999999999 0.30737187499999996 0.6996249999999999 0.3045296875 0.69749375 0.3016890625 0.69749375 0.298846875 0.6953625 0.29600468750000003 0.6953625 0.2931625 0.69323125 0.290321875 0.69323125 0.28747968749999997 0.6910999999999999 0.2817953125 0.6910999999999999 0.2789546875 0.6889671875000001 0.2761125 0.6889671875000001 0.2732703125 0.6868359374999999 0.270428125 0.6868359374999999 0.2675875 0.6847046875 0.2647453125 0.6847046875 0.261903125 0.6825734375 0.25906093750000003 0.6825734375 0.25621875 0.6804421875 0.253378125 0.6804421875 0.25053593749999997 0.678309375 0.24769375 0.678309375 0.2448515625 0.6761781250000001 0.2420109375 0.6761781250000001 0.23916875 0.6740468749999999 0.23064374999999998 0.6740468749999999 0.2278015625 0.671915625 0.224959375 0.671915625 0.2192765625 0.667653125 0.21359218750000003 0.667653125 0.21075 0.6655203125 0.207909375 0.6655203125 0.2050671875 0.667653125 0.20222500000000002 0.667653125 0.1951203125 0.6729812500000001 0.1951203125 0.6793765625 0.1922796875 0.6815078125 0.1922796875 0.6836390625 0.18943749999999998 0.6857703125 0.18943749999999998 0.6879015625 0.175228125 0.698559375 0.175228125 0.700690625 0.1723859375 0.7028218749999999 0.1723859375 0.7049546875 0.16954375 0.7070859375 0.16954375 0.7156125 0.166703125 0.71774375 0.166703125 0.72626875 0.1681234375 0.7273343750000001 0.170965625 0.7273343750000001 0.1738078125 0.7294671875 0.1766484375 0.7294671875 0.179490625 0.7315984375 0.185175 0.7315984375 0.188015625 0.7337296875 0.1937 0.7337296875 0.19654218750000002 0.7358609375 0.1993828125 0.7358609375 0.20222500000000002 0.7379921875 0.207909375 0.7379921875 0.21075 0.7401234375 0.21359218750000003 0.7401234375 0.216434375 0.74225625 0.2221171875 0.74225625 0.224959375 0.7443875 0.2278015625 0.7443875 0.23206406249999997 0.741190625 0.23206406249999997 0.7390578125 0.23348437500000002 0.7379921875 0.24769375 0.7379921875 0.25053593749999997 0.7401234375 0.25906093750000003 0.7401234375 0.261903125 0.74225625 0.2789546875 0.74225625 0.2817953125 0.7443875 0.290321875 0.7443875 0.2931625 0.74651875 0.29600468750000003 0.74651875 0.298846875 0.74865 0.3016890625 0.74865 0.303109375 0.747584375 0.3045296875 0.74651875 0.30737187499999996 0.74651875 0.30879218750000004 0.7454531249999999 0.30879218750000004 0.743321875 0.30737187499999996 0.74225625 0.3016890625 0.74225625 0.294584375 0.7369265625 0.3002671875 0.7326640624999999 0.3002671875 0.7305328125 0.303109375 0.7284015625 0.303109375 0.72626875 0.30879218750000004 0.72200625 0.30879218750000004 0.719875 0.311634375 0.71774375
13 0.185175 0.6378109375000001 0.1908578125 0.6335484375 0.1937 0.6335484375 0.20080468749999997 0.62821875 0.20080468749999997 0.6154296875 0.203646875 0.6132984375 0.203646875 0.5962468750000001 0.20080468749999997 0.5941156249999999 0.20080468749999997 0.5898515625 0.19796249999999999 0.5877203125 0.19796249999999999 0.5770625 0.1922796875 0.5728 0.1922796875 0.5685374999999999 0.18943749999999998 0.5664046875000001 0.18943749999999998 0.5578796875 0.18375312500000002 0.5536156250000001 0.18375312500000002 0.551484375 0.1738078125 0.544025 0.16528125 0.544025 0.162440625 0.5418921875 0.1595984375 0.5418921875 0.15675624999999999 0.5397609375 0.1539140625 0.5397609375 0.1510734375 0.5376296875000001 0.14254687500000002 0.5376296875000001 0.13970625 0.5354984375 0.1027625 0.5354984375 0.0999203125 0.5333671875 0.0771859375 0.5333671875 0.0672390625 0.5408265625 0.0672390625 0.542959375 0.0643984375 0.545090625 0.0643984375 0.549353125 0.0629765625 0.55041875 0.054451562499999995 0.55041875 0.047346875 0.5557484374999999 0.047346875 0.5621421875 0.0445046875 0.5642734375 0.0445046875 0.5685374999999999 0.0416640625 0.5706687500000001 0.0416640625 0.57493125 0.038821875 0.5770625 0.038821875 0.5898515625 0.0359796875 0.5919828125000001 0.0359796875 0.5941156249999999 0.038821875 0.5962468750000001 0.038821875 0.6047734375 0.0416640625 0.6069046874999999 0.0416640625 0.6090359375000001 0.0445046875 0.6111671875 0.0445046875 0.6132984375 0.047346875 0.6154296875 0.047346875 0.6175625 0.050189062500000006 0.6196937499999999 0.050189062500000006 0.6218250000000001 0.055871875 0.6260875 0.055871875 0.62821875 0.05729375 0.6292859375 0.060134375 0.6292859375 0.0643984375 0.6324828124999999 0.0643984375 0.6346140625000001 0.0729234375 0.6410078125 0.0729234375 0.643140625 0.075765625 0.6452718749999999 0.075765625 0.6474031250000001 0.0828703125 0.65273125 0.0942375 0.65273125 0.097078125 0.6548640625 0.11981250000000002 0.6548640625 0.121234375 0.653796875 0.1226546875 0.65273125 0.1283390625 0.65273125 0.1311796875 0.6506000000000001 0.14823124999999998 0.6506000000000001 0.1510734375 0.6484687499999999 0.15675624999999999 0.6484687499999999 0.1595984375 0.6463375 0.16528125 0.6463375 0.1681234375 0.64420625 0.170965625 0.64420625 0.1738078125 0.642075 0.1766484375 0.642075 0.1823328125 0.6378109375000001 0.185175 0.6378109375000001
17 0.055871875 0.47474999999999995 0.051609375 0.47155312499999996 0.043084375 0.47155312499999996 0.0402421875 0.469421875 0.0374 0.469421875 0.0331375 0.47261875 0.0331375 0.47688125000000003 0.028875 0.480078125 0.026032812500000002 0.480078125 0.0231921875 0.47794687500000005 0.0175078125 0.47794687500000005 0.016087499999999998 0.47901249999999995 0.016087499999999998 0.48967031250000004 0.0132453125 0.49180156249999996 0.0132453125 0.5088546875 0.0175078125 0.5120515625000001 0.0231921875 0.5120515625000001 0.026032812500000002 0.5141828125 0.034559374999999996 0.5141828125 0.0359796875 0.5131171875 0.0359796875 0.5088546875 0.030296875 0.504590625 0.030296875 0.49180156249999996 0.0331375 0.48967031250000004 0.0331375 0.4854078125 0.034559374999999996 0.48434218749999997 0.0374 0.48647343750000005 0.043084375 0.48647343750000005 0.047346875 0.48327656250000006 0.047346875 0.48114375000000004 0.051609375 0.47794687500000005 0.054451562499999995 0.47794687500000005 0.055871875 0.47688125000000003 0.055871875 0.47474999999999995
17 0.229221875 0.46835468750000003 0.229221875 0.47048750000000006 0.2420109375 0.480078125 0.25053593749999997 0.480078125 0.25195625 0.47901249999999995 0.25195625 0.47688125000000003 0.2547984375 0.47474999999999995 0.2547984375 0.46622343749999995 0.24627343750000003 0.4598296875 0.24627343750000003 0.45556562500000003 0.2448515625 0.4545 0.2420109375 0.4545 0.23916875 0.4566328125 0.2363265625 0.4566328125 0.23064374999999998 0.46089531250000004 0.2278015625 0.46089531250000004 0.22638124999999998 0.46196093749999995 0.22638124999999998 0.46622343749999995 0.229221875 0.46835468750000003
13 0.280375 0.5664046875000001 0.2775328125 0.5642734375 0.2775328125 0.5600109375 0.27469062499999997 0.5578796875 0.27469062499999997 0.551484375 0.27185000000000004 0.549353125 0.27185000000000004 0.547221875 0.266165625 0.542959375 0.266165625 0.5408265625 0.2604828125 0.5365640625 0.2604828125 0.5344328125 0.25053593749999997 0.526971875 0.24769375 0.526971875 0.23916875 0.520578125 0.23348437500000002 0.520578125 0.224959375 0.526971875 0.2221171875 0.526971875 0.216434375 0.5312359375 0.21075 0.5312359375 0.207909375 0.5333671875 0.2050671875 0.5333671875 0.20222500000000002 0.5354984375 0.1993828125 0.5354984375 0.19654218750000002 0.5376296875000001 0.1937 0.5376296875000001 0.1922796875 0.5386953125 0.1922796875 0.545090625 0.19796249999999999 0.549353125 0.19796249999999999 0.5536156250000001 0.20080468749999997 0.5557484374999999 0.20080468749999997 0.5578796875 0.203646875 0.5600109375 0.203646875 0.5621421875 0.21217187499999998 0.5685374999999999 0.21217187499999998 0.5706687500000001 0.21501406250000002 0.5728 0.21501406250000002 0.5791937500000001 0.21785468749999998 0.5813265624999999 0.21785468749999998 0.5834578125000001 0.22069687500000001 0.5855890625 0.22069687500000001 0.5877203125 0.22638124999999998 0.5919828125000001 0.22638124999999998 0.5941156249999999 0.229221875 0.5962468750000001 0.229221875 0.598378125 0.23206406249999997 0.600509375 0.23206406249999997 0.602640625 0.23916875 0.6079703125 0.2405890625 0.6069046874999999 0.2448515625 0.60370625 0.24769375 0.60370625 0.25053593749999997 0.601575 0.253378125 0.601575 0.2675875 0.5909171875 0.270428125 0.5909171875 0.27469062499999997 0.5877203125 0.27469062499999997 0.5855890625 0.2775328125 0.5834578125000001 0.2775328125 0.5813265624999999 0.28321718749999997 0.5770625 0.28321718749999997 0.5706687500000001 0.280375 0.5685374999999999 0.280375 0.5664046875000001
2 0.22069687500000001 0.49606562500000007 0.2192765625 0.495 0.21359218750000003 0.495 0.207909375 0.49926250000000005 0.2050671875 0.49926250000000005 0.1993828125 0.503525 0.19654218750000002 0.503525 0.1780703125 0.5173796875 0.1780703125 0.5280375 0.179490625 0.529103125 0.1823328125 0.529103125 0.18375312500000002 0.5280375 0.188015625 0.5248406250000001 0.1908578125 0.5248406250000001 0.1937 0.522709375 0.19654218750000002 0.522709375 0.1993828125 0.520578125 0.20222500000000002 0.520578125 0.2050671875 0.518446875 0.21075 0.518446875 0.21501406250000002 0.5152484375 0.21501406250000002 0.5131171875 0.21785468749999998 0.5109859375 0.21785468749999998 0.5067234375 0.22069687500000001 0.504590625 0.22069687500000001 0.49606562500000007
17 0.0416640625 0.53016875 0.0416640625 0.5365640625 0.0402421875 0.5376296875000001 0.0374 0.5376296875000001 0.0331375 0.5408265625 0.0402421875 0.54615625 0.045926562500000004 0.54615625 0.047346875 0.545090625 0.047346875 0.542959375 0.060134375 0.5333671875 0.0629765625 0.5333671875 0.0643984375 0.5323015625 0.0643984375 0.53016875 0.0672390625 0.5280375 0.0672390625 0.523775 0.060134375 0.518446875 0.05729375 0.518446875 0.054451562499999995 0.520578125 0.043084375 0.520578125 0.038821875 0.523775 0.038821875 0.5280375 0.0416640625 0.53016875
13 0.10986718749999999 0.7028218749999999 0.11270781249999999 0.7049546875 0.11270781249999999 0.7070859375 0.1183921875 0.7113484375 0.1183921875 0.7134796875 0.1226546875 0.7166781249999999 0.1269171875 0.7134796875 0.1269171875 0.7092171875 0.129759375 0.7070859375 0.129759375 0.692165625 0.1269171875 0.6900328124999999 0.1269171875 0.6751125 0.1283390625 0.6740468749999999 0.1311796875 0.6740468749999999 0.1368640625 0.669784375 0.13970625 0.669784375 0.14396875 0.6665875 0.14396875 0.6559296875 0.13970625 0.65273125 0.1283390625 0.65273125 0.125496875 0.6548640625 0.11981250000000002 0.6548640625 0.11697187499999999 0.6569953125 0.097078125 0.6569953125 0.0942375 0.6548640625 0.0828703125 0.6548640625 0.080028125 0.6569953125 0.07434375 0.6569953125 0.0715015625 0.6591265625 0.0629765625 0.6591265625 0.060134375 0.6612578124999999 0.05729375 0.6612578124999999 0.054451562499999995 0.6633890625000001 0.051609375 0.6633890625000001 0.0274546875 0.6815078125 0.030296875 0.6836390625 0.030296875 0.6900328124999999 0.0274546875 0.692165625 0.0274546875 0.696428125 0.030296875 0.698559375 0.030296875 0.7028218749999999 0.0331375 0.7049546875 0.0331375 0.7070859375 0.0359796875 0.7092171875 0.0359796875 0.7134796875 0.0402421875 0.7166781249999999 0.045926562500000004 0.7166781249999999 0.048767187499999996 0.718809375 0.051609375 0.718809375 0.053031249999999995 0.71774375 0.054451562499999995 0.7166781249999999 0.05729375 0.7166781249999999 0.060134375 0.7145453125000001 0.06866093749999999 0.7145453125000001 0.0828703125 0.7038890624999999 0.0857109375 0.7038890624999999 0.088553125 0.7017562500000001 0.0913953125 0.7017562500000001 0.097078125 0.69749375 0.1027625 0.69749375 0.1056046875 0.6996249999999999 0.1084453125 0.6996249999999999 0.10986718749999999 0.700690625 0.10986718749999999 0.7028218749999999
12 0.25906093750000003 0.6804421875 0.2604828125 0.6793765625 0.2633234375 0.6772437499999999 0.2633234375 0.6729812500000001 0.266165625 0.67085 0.266165625 0.6665875 0.25906093750000003 0.6612578124999999 0.2420109375 0.6612578124999999 0.2377484375 0.6644546874999999 0.2377484375 0.6729812500000001 0.2420109375 0.6761781250000001 0.2448515625 0.6761781250000001 0.24769375 0.678309375 0.25053593749999997 0.678309375 0.253378125 0.6804421875 0.25906093750000003 0.6804421875
17 0 0.633890625 0.0004578125 0.6335484375 0.006140625 0.6335484375 0.0089828125 0.6314171875000001 0.014665624999999998 0.6314171875000001 0.0175078125 0.6292859375 0.02035 0.6292859375 0.024612500000000002 0.6260875 0.024612500000000002 0.6196937499999999 0.0231921875 0.6186281250000001 0.0175078125 0.6186281250000001 0.011824999999999999 0.6228906249999999 0.006140625 0.6228906249999999 0.0032984375 0.6250218750000001 0 0.6250218750000001 0 0.633890625
13 0 0.6033640625000001 0.001878125 0.6047734375 0.001878125 0.6111671875 0.0047203125 0.6132984375 0.0047203125 0.6175625 0.001878125 0.6196937499999999 0.006140625 0.6228906249999999 0.0089828125 0.6228906249999999 0.010403125000000001 0.6218250000000001 0.011824999999999999 0.620759375 0.014665624999999998 0.620759375 0.02035 0.6164953125 0.026032812500000002 0.6164953125 0.0359796875 0.6090359375000001 0.0359796875 0.6069046874999999 0.038821875 0.6047734375 0.038821875 0.602640625 0.0359796875 0.600509375 0.0359796875 0.5919828125000001 0.0317171875 0.5887859375 0.028875 0.5887859375 0.026032812500000002 0.5866546875 0.014665624999999998 0.5866546875 0.0132453125 0.5855890625 0.0132453125 0.5813265624999999 0.0089828125 0.578128125 0.006140625 0.578128125 0.0004578125 0.573865625 0 0.573865625 0 0.59944375 0.0004578125 0.59944375 0.001878125 0.600509375 0 0.6019187500000001 0 0.6033640625000001
3 0 0.7571765625 0.0004578125 0.7571765625 0.0032984375 0.7593078125 0.0047203125 0.7582421874999999 0.006140625 0.7571765625 0.011824999999999999 0.7571765625 0.014665624999999998 0.7550453125 0.02035 0.7550453125 0.0217703125 0.7539796875 0.0217703125 0.747584375 0.0189296875 0.7454531249999999 0.0189296875 0.741190625 0.016087499999999998 0.7390578125 0.0189296875 0.7369265625 0.0189296875 0.7326640624999999 0.02035 0.7315984375 0.0231921875 0.7315984375 0.026032812500000002 0.7294671875 0.034559374999999996 0.7294671875 0.0374 0.7315984375 0.0416640625 0.7284015625 0.0416640625 0.7241375 0.0359796875 0.719875 0.0359796875 0.71774375 0.0317171875 0.7145453125000001 0.026032812500000002 0.7145453125000001 0.016087499999999998 0.7070859375 0.016087499999999998 0.7049546875 0.010403125000000001 0.700690625 0.010403125000000001 0.698559375 0.0089828125 0.69749375 0.0032984375 0.69749375 0 0.69996875 0 0.7571765625
3 0.43109062500000006 0.45 0.366934375 0.45 0.36787187499999996 0.45315625 0.3762265625 0.4574234375 0.39155625 0.460875 0.41787343750000006 0.46682187500000005 0.427328125 0.4595328125 0.43109062500000006 0.45
13 0.280375 0.47261875 0.28321718749999997 0.47474999999999995 0.28321718749999997 0.47688125000000003 0.2860578125 0.47901249999999995 0.2860578125 0.48114375000000004 0.2889 0.48327656250000006 0.2889 0.4854078125 0.2917421875 0.48753906249999995 0.2917421875 0.48967031250000004 0.297425 0.493934375 0.297425 0.49606562500000007 0.3002671875 0.498196875 0.3002671875 0.500328125 0.303109375 0.502459375 0.303109375 0.5088546875 0.3045296875 0.5099203125 0.3059515625 0.5088546875 0.3144765625 0.502459375 0.3144765625 0.48967031250000004 0.311634375 0.48753906249999995 0.311634375 0.48114375000000004 0.30879218750000004 0.47901249999999995 0.30879218750000004 0.47688125000000003 0.3059515625 0.47474999999999995 0.3059515625 0.47261875 0.303109375 0.47048750000000006 0.303109375 0.46835468750000003 0.3002671875 0.46622343749999995 0.3002671875 0.45769843750000005 0.30737187499999996 0.45236875000000004 0.3102140625 0.4545 0.3187390625 0.4545 0.3244234375 0.45023749999999996 0.3272640625 0.45023749999999996 0.32758125 0.45 0.2877953125 0.45 0.2860578125 0.451303125 0.2860578125 0.45343437499999995 0.28321718749999997 0.45556562500000003 0.28321718749999997 0.46196093749999995 0.280375 0.46409218750000003 0.280375 0.47261875
17 0.298846875 0.54615625 0.29600468750000003 0.54615625 0.294584375 0.547221875 0.294584375 0.5621421875 0.298846875 0.5653390625 0.3187390625 0.5653390625 0.32158125000000004 0.5674703125 0.3272640625 0.5674703125 0.33010625 0.569603125 0.33294843749999997 0.569603125 0.33436875 0.5685374999999999 0.33436875 0.5664046875000001 0.3372109375 0.5642734375 0.3372109375 0.5621421875 0.34005312499999996 0.5600109375 0.34005312499999996 0.551484375 0.33863125 0.55041875 0.33010625 0.55041875 0.3272640625 0.5482875 0.3244234375 0.5482875 0.32158125000000004 0.54615625 0.3187390625 0.54615625 0.315896875 0.544025 0.3016890625 0.544025 0.298846875 0.54615625
13 0.42956874999999994 0.7017562500000001 0.426728125 0.6996249999999999 0.4238859375 0.6996249999999999 0.42104375000000005 0.69749375 0.4182015625 0.69749375 0.406834375 0.6889671875000001 0.3954671875 0.6889671875000001 0.3926265625 0.6910999999999999 0.38978437499999996 0.6910999999999999 0.3826796875 0.696428125 0.3826796875 0.7070859375 0.385521875 0.7092171875 0.385521875 0.7156125 0.38978437499999996 0.718809375 0.40115156250000006 0.718809375 0.40399375 0.720940625 0.4153609375 0.720940625 0.41678125 0.719875 0.42104375000000005 0.7166781249999999 0.42956874999999994 0.7166781249999999 0.4324109375 0.718809375 0.435253125 0.718809375 0.439515625 0.7156125 0.439515625 0.7134796875 0.44235781249999995 0.7113484375 0.44235781249999995 0.7070859375 0.4452 0.7049546875 0.4452 0.696428125 0.44377812499999997 0.6953625 0.44093593750000004 0.6953625 0.4324109375 0.7017562500000001 0.42956874999999994 0.7017562500000001
13 0.44093593750000004 0.718809375 0.4494625 0.718809375 0.4523046875 0.720940625 0.47787968750000004 0.720940625 0.4793015625 0.719875 0.4793015625 0.71774375 0.47503906249999994 0.7145453125000001 0.472196875 0.7145453125000001 0.467934375 0.7113484375 0.467934375 0.7092171875 0.4665125 0.7081515625 0.4551453125 0.7081515625 0.4523046875 0.7060203125 0.4466203125 0.7060203125 0.44235781249999995 0.7092171875 0.44235781249999995 0.7113484375 0.439515625 0.7134796875 0.439515625 0.71774375 0.44093593750000004 0.718809375
17 0.4366734375 0.6218250000000001 0.4366734375 0.6196937499999999 0.439515625 0.6175625 0.439515625 0.6111671875 0.43809531249999994 0.6101015624999999 0.435253125 0.6101015624999999 0.42956874999999994 0.6058390625000001 0.426728125 0.6058390625000001 0.4238859375 0.60370625 0.42104375000000005 0.60370625 0.4182015625 0.601575 0.41251875 0.601575 0.406834375 0.6058390625000001 0.40399375 0.6058390625000001 0.398309375 0.6101015624999999 0.38978437499999996 0.6101015624999999 0.3869421875 0.6122328125000001 0.381259375 0.6122328125000001 0.3798375 0.6132984375 0.3798375 0.6175625 0.376996875 0.6196937499999999 0.376996875 0.62395625 0.36989218749999997 0.6292859375 0.36705 0.6292859375 0.3642078125 0.6314171875000001 0.361365625 0.6314171875000001 0.358525 0.6292859375 0.348578125 0.6367453125 0.348578125 0.6388765624999999 0.3499984375 0.6399421875 0.352840625 0.6399421875 0.3556828125 0.6378109375000001 0.358525 0.6378109375000001 0.361365625 0.6356796874999999 0.36989218749999997 0.6356796874999999 0.3727328125 0.6335484375 0.37841718750000003 0.6335484375 0.3841 0.6378109375000001 0.3869421875 0.6378109375000001 0.38978437499999996 0.6399421875 0.398309375 0.6399421875 0.39973125 0.6410078125 0.39973125 0.6580609374999999 0.3968890625 0.6601921875000001 0.3968890625 0.6644546874999999 0.398309375 0.6655203125 0.39973125 0.6644546874999999 0.39973125 0.6623234375 0.402571875 0.6601921875000001 0.402571875 0.6580609374999999 0.4110984375 0.6516656249999999 0.4110984375 0.649534375 0.41678125 0.6452718749999999 0.41678125 0.643140625 0.42246562499999996 0.6388765624999999 0.42246562499999996 0.6367453125 0.42530625000000005 0.6346140625000001 0.42530625000000005 0.6324828124999999 0.430990625 0.62821875 0.430990625 0.6260875 0.4366734375 0.6218250000000001
17 0.5048765625 0.6324828124999999 0.5048765625 0.62821875 0.50771875 0.6260875 0.50771875 0.6111671875 0.5034562499999999 0.6079703125 0.49493124999999993 0.6079703125 0.4920890625 0.6101015624999999 0.48640625000000004 0.6101015624999999 0.48498437499999997 0.6111671875 0.48498437499999997 0.62395625 0.49493124999999993 0.6314171875000001 0.49777343749999997 0.6314171875000001 0.5006140625 0.6335484375 0.5034562499999999 0.6335484375 0.5048765625 0.6324828124999999
17 0.5034562499999999 0.5354984375 0.5006140625 0.5376296875000001 0.49777343749999997 0.5376296875000001 0.4963515625 0.5386953125 0.4963515625 0.5408265625 0.49350937500000003 0.542959375 0.4963515625 0.545090625 0.4963515625 0.549353125 0.49919375 0.551484375 0.49919375 0.5536156250000001 0.5020359375 0.5557484374999999 0.5020359375 0.5578796875 0.5034562499999999 0.5589453125 0.51875 0.5589453125 0.51875 0.5448375000000001 0.51624375 0.542959375 0.51624375 0.5408265625 0.51198125 0.5376296875000001 0.509140625 0.5376296875000001 0.5062984375 0.5354984375 0.5034562499999999 0.5354984375
13 0.48498437499999997 0.747584375 0.48214218750000004 0.7454531249999999 0.48214218750000004 0.743321875 0.48498437499999997 0.741190625 0.48072187499999997 0.7379921875 0.47503906249999994 0.7379921875 0.470775 0.741190625 0.470775 0.7731625 0.4665125 0.776359375 0.463671875 0.776359375 0.4608296875 0.7742281249999999 0.44377812499999997 0.7742281249999999 0.44093593750000004 0.772096875 0.426728125 0.772096875 0.42530625000000005 0.7731625 0.42530625000000005 0.7838203125 0.42956874999999994 0.7870171874999999 0.4466203125 0.7870171874999999 0.4494625 0.7891484375 0.47787968750000004 0.7891484375 0.4793015625 0.7880828125 0.4793015625 0.7731625 0.48214218750000004 0.77103125 0.48214218750000004 0.7689 0.48498437499999997 0.76676875 0.48498437499999997 0.7646359375 0.48640625000000004 0.7635703125 0.48924687499999997 0.7635703125 0.4920890625 0.765703125 0.49350937500000003 0.7646359375 0.49350937500000003 0.7582421874999999 0.4878265625 0.7539796875 0.4878265625 0.751846875 0.48498437499999997 0.749715625 0.48498437499999997 0.747584375
6 1 0.7052109375 0.998428125 0.7052109375 0.9962953125 0.70236875 0.9941640625 0.70236875 0.9877703125 0.69384375 0.9856390625 0.69384375 0.9813750000000001 0.688159375 0.97924375 0.688159375 0.9771124999999999 0.68531875 0.9707171875 0.68531875 0.9685859375 0.6824765625 0.9643234375 0.6824765625 0.9621921875 0.679634375 0.9579281249999999 0.679634375 0.9568625000000001 0.6782140625 0.9568625000000001 0.675371875 0.95473125 0.6725296875 0.95473125 0.6611625 0.9515343749999999 0.6569 0.9430078125 0.6569 0.9408765625 0.6597421875 0.9366140625 0.6597421875 0.9344812499999999 0.6569 0.9238250000000001 0.6569 0.9131671875 0.642690625 0.9067718749999999 0.642690625 0.902509375 0.6370078125 0.9003781249999999 0.6370078125 0.8907859374999999 0.62421875 0.8907859374999999 0.621378125 0.8833249999999999 0.61143125 0.8726671874999999 0.61143125 0.8705359375 0.6085890625 0.8684046875 0.6085890625 0.8662734375 0.605746875 0.8641421875 0.605746875 0.8620109375 0.60290625 0.8556156250000001 0.60290625 0.8534843750000001 0.6000640625 0.8449578125 0.6000640625 0.8428265625 0.597221875 0.8364312500000001 0.597221875 0.8321687499999999 0.60290625 0.8311031249999999 0.601484375 0.8311031249999999 0.59864375 0.8300375000000001 0.597221875 0.8279062500000001 0.597221875 0.8257749999999999 0.5943796875 0.8236421875 0.5943796875 0.8204453125000001 0.5901171875 0.8204453125000001 0.57875 0.8183140625 0.5759078125 0.8183140625 0.5730671875 0.8172484375 0.5716453125000001 0.8151171875 0.5716453125000001 0.808721875 0.5631203124999999 0.8044593750000001 0.5631203124999999 0.8012625 0.5588578125 0.8012625 0.556015625 0.7959328125 0.5489109375 0.7938015625 0.5489109375 0.7895390625 0.543228125 0.78314375 0.543228125 0.779946875 0.538965625 0.779946875 0.5361234375 0.7746171875 0.52901875 0.7724859375 0.52901875 0.7639609375 0.5176515625 0.761828125 0.5176515625 0.757565625 0.5119687500000001 0.755434375 0.5119687500000001 0.75436875 0.510546875 0.75436875 0.5077046875 0.753303125 0.506284375 0.751171875 0.506284375 0.7469078125 0.5006015625 0.7405140625 0.5006015625 0.7383828125 0.5034421874999999 0.73625 0.5006015625 0.712803125 0.5006015625 0.710671875 0.49775937499999995 0.706409375 0.49775937499999995 0.704278125 0.4949171875 0.6957515625 0.4949171875 0.6914890625 0.489234375 0.6893578125000001 0.489234375 0.686159375 0.48497031249999994 0.686159375 0.48212968749999996 0.6829625 0.477865625 0.679765625 0.48212968749999996 0.679765625 0.48497031249999994 0.681896875 0.4878125 0.681896875 0.49349687500000006 0.684028125 0.4963375 0.684028125 0.5048640625 0.681896875 0.5077046875 0.681896875 0.5190718750000001 0.679765625 0.5219140624999999 0.681896875 0.52475625 0.681896875 0.5304390625 0.684028125 0.53328125 0.684028125 0.5361234375 0.6904234375 0.5446484375 0.6893578125000001 0.5460703125 0.6829625 0.5460703125 0.681896875 0.547490625 0.681896875 0.5503328125 0.679765625 0.5531734375 0.679765625 0.556015625 0.6733703125 0.564540625 0.6733703125 0.5673828125 0.6669765625 0.5759078125 0.6669765625 0.5815921875 0.6648453125 0.5844343750000001 0.6648453125 0.5901171875 0.6627125 0.5929593750000001 0.6627125 0.5958015624999999 0.661646875 0.597221875 0.6595156249999999 0.597221875 0.65631875 0.601484375 0.65631875 0.6043265625 0.6509890625 0.61143125 0.6488578125 0.61143125 0.6467265624999999 0.6085890625 0.6445953125 0.6085890625 0.6424640625 0.61143125 0.6403328125 0.61143125 0.6339375 0.61995625 0.632871875 0.6185359375 0.632871875 0.601484375 0.6307406249999999 0.59864375 0.6307406249999999 0.5958015624999999 0.629675 0.5943796875 0.6232796875 0.5943796875 0.6211484375 0.5915390625 0.6168859375 0.5915390625 0.6136874999999999 0.5872765625 0.6136874999999999 0.5815921875 0.61155625 0.57875 0.61155625 0.564540625 0.6019640625 0.5517531250000001 0.5998328125 0.5517531250000001 0.5945046875 0.5446484375 0.5945046875 0.538965625 0.5881093749999999 0.5304390625 0.5913078125 0.5261765625 0.5955703125 0.5261765625 0.5966359375 0.52475625 0.5966359375 0.5077046875 0.5945046875 0.5048640625 0.5945046875 0.4878125 0.5881093749999999 0.47928750000000003 0.5881093749999999 0.4764453125 0.585978125 0.473603125 0.585978125 0.4679203125 0.581715625 0.4622359375 0.581715625 0.45 0.51875 0.45 0.51875 0.7478374999999999 0.5209671874999999 0.7478374999999999 0.5230984375000001 0.7506796875 0.5252296875 0.7506796875 0.5273609375 0.753521875 0.5337562499999999 0.753521875 0.5358875000000001 0.7563625 0.54015 0.7563625 0.5465453124999999 0.7648890625 0.5486765625000001 0.7648890625 0.557203125 0.77625625 0.5614656250000001 0.77625625 0.563596875 0.779096875 0.5721234374999999 0.779096875 0.5753203124999999 0.7833609375 0.5753203124999999 0.7862015625 0.5849125 0.798990625 0.5870437500000001 0.798990625 0.589175 0.80183125 0.5934390625 0.80183125 0.5966359375 0.8060953124999999 0.5966359375 0.8089359375 0.606228125 0.821725 0.608359375 0.821725 0.6158203125 0.8316703125 0.6158203125 0.8345125 0.6190171875 0.838775 0.6211484375 0.838775 0.6232796875 0.8416171875 0.6254109375 0.8416171875 0.62754375 0.8444593749999999 0.63606875 0.8444593749999999 0.6382 0.8473 0.6424640625 0.8473 0.6477921875 0.8544046875 0.6477921875 0.8572468750000001 0.6499234375 0.8600890625 0.6499234375 0.8629312499999999 0.655253125 0.8700359375 0.657384375 0.8700359375 0.6595156249999999 0.8728765624999999 0.6637796875 0.8728765624999999 0.6744359375 0.8870859375 0.67656875 0.8870859375 0.6787 0.889928125 0.6829625 0.889928125 0.68509375 0.8927703125 0.6914890625 0.8927703125 0.6936203125 0.8956109375000001 0.6957515625 0.8956109375000001 0.6989484375 0.8998734374999999 0.6968171875 0.9027156250000001 0.6989484375 0.9055578125 0.6989484375 0.9084 0.7000140625 0.9098203125 0.708540625 0.9098203125 0.7160015625 0.9197671875 0.7160015625 0.9226078125000001 0.7213296875 0.9297124999999999 0.7234609375 0.9297124999999999 0.72559375 0.9325546875 0.7277250000000001 0.9325546875 0.72985625 0.935396875 0.7469078125 0.935396875 0.75010625 0.939659375 0.75010625 0.9510265625000001 0.753303125 0.9552890625 0.755434375 0.9552890625 0.757565625 0.9581312499999999 0.7639609375 0.9581312499999999 0.7660921875 0.9609734375000001 0.7682234375 0.9609734375000001 0.7692890625000001 0.96239375 0.7692890625000001 0.9652359374999999 0.7671578125 0.9680781250000001 0.7671578125 0.97091875 0.7650265625 0.9737609375 0.7650265625 0.9794453125 0.7628953125 0.9822859375 0.7628953125 0.9908125 0.7682234375 0.9979156250000001 0.7724859375 0.9979156250000001 0.77675 0.9922328125 0.77888125 0.9922328125 0.782078125 0.9879703125000001 0.782078125 0.9851281249999999 0.7884734375 0.9766031249999999 0.7884734375 0.9737609375 0.7927359375 0.9680781250000001 0.7927359375 0.96239375 0.7991296875 0.95386875 0.7991296875 0.9510265625000001 0.8012625 0.948184375 0.8012625 0.9453437499999999 0.8065906249999999 0.9382390624999999 0.8151171875 0.9382390624999999 0.8193796875 0.9325546875 0.8215109375 0.9325546875 0.8236421875 0.935396875 0.8279062500000001 0.935396875 0.8300375000000001 0.9382390624999999 0.8321687499999999 0.9382390624999999 0.8343 0.9410796875 0.8406953125 0.9410796875 0.8438921875000001 0.9453437499999999 0.8438921875000001 0.948184375 0.8460234375000001 0.9510265625000001 0.8460234375000001 0.95386875 0.8470890624999999 0.9552890625 0.8513531249999999 0.9552890625 0.8534843750000001 0.9581312499999999 0.8620109375 0.9581312499999999 0.8641421875 0.9609734375000001 0.8684046875 0.9609734375000001 0.8694703125000001 0.96239375 0.8694703125000001 0.9652359374999999 0.8737343750000001 0.97091875 0.8737343750000001 0.9737609375 0.8747999999999999 0.97518125 0.8811937500000001 0.97518125 0.8833249999999999 0.9780234374999999 0.8854562500000001 0.9780234374999999 0.8875890625 0.97518125 0.8897203125 0.97518125 0.8929171874999999 0.9794453125 0.8929171874999999 0.9822859375 0.8961140625 0.9865484375 0.9003781249999999 0.9865484375 0.90144375 0.9879703125000001 0.90144375 0.9908125 0.9046406250000001 0.9950749999999999 0.9089031249999999 0.9950749999999999 0.9125984375 1 1 1 1 0.7052109375
13 0.7437109375000001 0.7577843750000001 0.7437109375000001 0.7549421875 0.7405140625 0.7506796875 0.7383828125 0.7506796875 0.73625 0.7478374999999999 0.73411875 0.7478374999999999 0.72985625 0.7421546875 0.72559375 0.7421546875 0.7245265625 0.7407328125 0.7245265625 0.737890625 0.7277250000000001 0.733628125 0.72985625 0.733628125 0.7319875 0.7307875 0.73625 0.7307875 0.737315625 0.729365625 0.737315625 0.7236828125 0.73411875 0.7194203124999999 0.7319875 0.7194203124999999 0.7277250000000001 0.7137359375 0.72559375 0.7137359375 0.7234609375 0.71089375 0.7213296875 0.71089375 0.7191984375 0.708053125 0.7170671875 0.708053125 0.712803125 0.70236875 0.710671875 0.70236875 0.708540625 0.7052109375 0.706409375 0.7052109375 0.7032125 0.7009484375 0.7032125 0.69810625 0.6989484375 0.692421875 0.6989484375 0.68958125 0.6946859375 0.6838968750000001 0.6946859375 0.6810546875 0.6925546875 0.6782140625 0.6925546875 0.675371875 0.687225 0.6682671874999999 0.68509375 0.6682671874999999 0.681896875 0.6640046875000001 0.681896875 0.6611625 0.679765625 0.6583203125 0.679765625 0.6526375 0.677634375 0.6497953125 0.677634375 0.646953125 0.6755015625 0.6441125000000001 0.6755015625 0.6412703125 0.6733703125 0.638428125 0.6733703125 0.6327453125 0.6712390625 0.629903125 0.6712390625 0.6128515625000001 0.661646875 0.6000640625 0.6595156249999999 0.6000640625 0.65205625 0.6100109375 0.65205625 0.6128515625000001 0.6477921875 0.6185359375 0.6477921875 0.62421875 0.6445953125 0.62848125 0.6424640625 0.62848125 0.6339375 0.6398484375 0.629675 0.6398484375 0.62754375 0.642690625 0.6254109375 0.642690625 0.6232796875 0.6398484375 0.6147546875 0.6398484375 0.612621875 0.642690625 0.5913078125 0.642690625 0.5881093749999999 0.646953125 0.5881093749999999 0.6526375 0.5902421875 0.6554796875 0.5902421875 0.6696875 0.5923734375 0.6725296875 0.5923734375 0.675371875 0.5945046875 0.6782140625 0.5945046875 0.6810546875 0.5966359375 0.6838968750000001 0.5966359375 0.692421875 0.6051624999999999 0.7037890625000001 0.6051624999999999 0.7094734375 0.63180625 0.7449953125000001 0.6339375 0.7449953125000001 0.6392671875 0.7521 0.6392671875 0.7549421875 0.6477921875 0.766309375 0.6477921875 0.7691515625 0.6499234375 0.77199375 0.6499234375 0.774834375 0.65631875 0.7833609375 0.65631875 0.7862015625 0.657384375 0.7876234375 0.6595156249999999 0.7876234375 0.6659109375 0.7961484375000001 0.6680421875 0.7961484375000001 0.6701734375 0.79330625 0.6787 0.79330625 0.68083125 0.7904640625 0.687225 0.7904640625 0.6893578125000001 0.7876234375 0.6936203125 0.7876234375 0.7000140625 0.779096875 0.7234609375 0.779096875 0.7245265625 0.7805187499999999 0.7245265625 0.7862015625 0.726659375 0.78904375 0.726659375 0.7918859375 0.7319875 0.798990625 0.73411875 0.798990625 0.735184375 0.8004109375 0.735184375 0.803253125 0.7426453125 0.8131984375 0.7447765625 0.8131984375 0.7458421875 0.811778125 0.7458421875 0.803253125 0.75010625 0.79756875 0.75010625 0.7918859375 0.753303125 0.7876234375 0.755434375 0.7876234375 0.75863125 0.7833609375 0.75863125 0.77199375 0.755434375 0.7677296874999999 0.753303125 0.7677296874999999 0.751171875 0.7648890625 0.7426453125 0.7648890625 0.7415796875 0.7634671875000001 0.7415796875 0.7606265624999999 0.7437109375000001 0.7577843750000001
18 0.833234375 0.6640046875000001 0.833234375 0.6611625 0.8311031249999999 0.6583203125 0.8311031249999999 0.6526375 0.828971875 0.6497953125 0.828971875 0.646953125 0.8257749999999999 0.642690625 0.8236421875 0.642690625 0.8215109375 0.6398484375 0.8129859375 0.6398484375 0.8119203125000001 0.6412703125 0.8119203125000001 0.6441125000000001 0.7884734375 0.675371875 0.7884734375 0.6782140625 0.784209375 0.6838968750000001 0.784209375 0.692421875 0.7874078124999999 0.6966859375000001 0.7959328125 0.6966859375000001 0.7980640625000001 0.69384375 0.8023281250000001 0.69384375 0.80765625 0.7009484375 0.80765625 0.7179984375 0.808721875 0.7194203124999999 0.8129859375 0.7194203124999999 0.8140515625000001 0.7179984375 0.8172484375 0.7137359375 0.8193796875 0.7137359375 0.8257749999999999 0.7052109375 0.8279062500000001 0.7052109375 0.8364312500000001 0.69384375 0.8385640625 0.69384375 0.8438921875000001 0.6867390624999999 0.8438921875000001 0.6838968750000001 0.8460234375000001 0.6810546875 0.8438921875000001 0.6782140625 0.8438921875000001 0.675371875 0.8406953125 0.671109375 0.8385640625 0.671109375 0.833234375 0.6640046875000001
21 0.9366140625 0.8330921874999999 0.9387453125 0.83025 0.9430078125 0.83025 0.9451390625 0.8274078125000001 0.9472703125 0.8274078125000001 0.9494031250000001 0.824565625 0.953665625 0.824565625 0.9579281249999999 0.8188828125000001 0.9600609375 0.8188828125000001 0.9621921875 0.816040625 0.9643234375 0.816040625 0.9653890625000001 0.8146203125 0.9653890625000001 0.811778125 0.9696515625 0.8060953124999999 0.9696515625 0.803253125 0.9717828125000001 0.8004109375 0.9717828125000001 0.7862015625 0.9696515625 0.7833609375 0.9696515625 0.774834375 0.9675203124999999 0.77199375 0.9675203124999999 0.7691515625 0.9643234375 0.7648890625 0.9621921875 0.7648890625 0.9600609375 0.762046875 0.9579281249999999 0.762046875 0.9557968750000001 0.7592046875 0.953665625 0.7592046875 0.9515343749999999 0.7563625 0.9451390625 0.7563625 0.9430078125 0.753521875 0.9280875 0.753521875 0.9259562499999999 0.7563625 0.9174296875 0.7563625 0.9152984375000001 0.7592046875 0.9110359375 0.7592046875 0.9089031249999999 0.762046875 0.9046406250000001 0.762046875 0.902509375 0.7648890625 0.8982468750000001 0.7648890625 0.8961140625 0.7677296874999999 0.8939828125 0.7677296874999999 0.8918515625 0.770571875 0.8897203125 0.770571875 0.8875890625 0.7734140625 0.8854562500000001 0.7734140625 0.8833249999999999 0.77625625 0.8811937500000001 0.77625625 0.8790625000000001 0.779096875 0.8769312499999999 0.779096875 0.8747999999999999 0.7819390625 0.8726671874999999 0.7819390625 0.8694703125000001 0.7862015625 0.8694703125000001 0.78904375 0.8673390624999999 0.7918859375 0.8673390624999999 0.794728125 0.8652078124999999 0.79756875 0.8652078124999999 0.820303125 0.8673390624999999 0.8231453125 0.8673390624999999 0.8288296875000001 0.8737343750000001 0.8373546875000001 0.8737343750000001 0.840196875 0.8769312499999999 0.8444593749999999 0.8790625000000001 0.8444593749999999 0.8833249999999999 0.8501421875 0.8897203125 0.8501421875 0.8918515625 0.8529843749999999 0.8939828125 0.8529843749999999 0.8950484375000001 0.8515640624999999 0.8961140625 0.8501421875 0.9003781249999999 0.8501421875 0.902509375 0.8473 0.9067718749999999 0.8473 0.9089031249999999 0.8444593749999999 0.9131671875 0.8444593749999999 0.9152984375000001 0.8416171875 0.9195609375 0.8416171875 0.9216921875 0.838775 0.9238250000000001 0.838775 0.9259562499999999 0.8359328125 0.9302187500000001 0.8359328125 0.9323499999999999 0.8330921874999999 0.9366140625 0.8330921874999999
13 0.8406953125 0.7421546875 0.8428265625 0.7421546875 0.8492218749999999 0.7506796875 0.8513531249999999 0.7506796875 0.8577468749999999 0.7592046875 0.859878125 0.7592046875 0.8662734375 0.7677296874999999 0.8684046875 0.7677296874999999 0.8726671874999999 0.7734140625 0.8747999999999999 0.7734140625 0.8769312499999999 0.77625625 0.8811937500000001 0.77625625 0.8833249999999999 0.7734140625 0.8854562500000001 0.7734140625 0.8875890625 0.770571875 0.8897203125 0.770571875 0.8918515625 0.7677296874999999 0.8939828125 0.7677296874999999 0.8950484375000001 0.766309375 0.8950484375000001 0.7606265624999999 0.8811937500000001 0.7421546875 0.8726671874999999 0.7421546875 0.8705359375 0.7393125 0.859878125 0.7393125 0.85455 0.7322078125 0.85455 0.729365625 0.8534843750000001 0.7279453124999999 0.8343 0.7279453124999999 0.8321687499999999 0.725103125 0.8129859375 0.725103125 0.8108531250000001 0.7279453124999999 0.8065906249999999 0.7279453124999999 0.8023281250000001 0.733628125 0.7980640625000001 0.733628125 0.7959328125 0.7307875 0.7852750000000001 0.7307875 0.78314375 0.733628125 0.7810125 0.733628125 0.77888125 0.7364703125000001 0.77675 0.7364703125000001 0.7682234375 0.7478374999999999 0.7660921875 0.7478374999999999 0.7628953125 0.7521 0.7660921875 0.7563625 0.7724859375 0.7563625 0.7735515625 0.7577843750000001 0.7735515625 0.7606265624999999 0.77675 0.7648890625 0.77888125 0.7648890625 0.78314375 0.770571875 0.7852750000000001 0.770571875 0.7916703125 0.779096875 0.7980640625000001 0.779096875 0.7991296875 0.7776765625000001 0.8001968749999999 0.77625625 0.8044593750000001 0.77625625 0.8065906249999999 0.7734140625 0.808721875 0.7734140625 0.8193796875 0.7592046875 0.8215109375 0.7592046875 0.8236421875 0.7563625 0.8257749999999999 0.7563625 0.8311031249999999 0.7492578125 0.8311031249999999 0.7464171875 0.8321687499999999 0.7449953125000001 0.8343 0.7449953125000001 0.8385640625 0.7393125 0.8406953125 0.7421546875
18 0.9526 0.8799812499999999 0.9526 0.8771390625000001 0.9515343749999999 0.8757187500000001 0.9430078125 0.8757187500000001 0.9408765625 0.8728765624999999 0.9366140625 0.8728765624999999 0.9344812499999999 0.8700359375 0.9238250000000001 0.8700359375 0.9216921875 0.86719375 0.9152984375000001 0.86719375 0.9131671875 0.8643515624999999 0.902509375 0.8643515624999999 0.9003781249999999 0.86719375 0.8982468750000001 0.86719375 0.8961140625 0.8700359375 0.8950484375000001 0.8686140625000001 0.8950484375000001 0.8657718750000001 0.8939828125 0.8643515624999999 0.8907859374999999 0.8686140625000001 0.8907859374999999 0.8771390625000001 0.8886546875000001 0.8799812499999999 0.8886546875000001 0.8913484374999999 0.8865234375 0.894190625 0.8865234375 0.9055578125 0.884390625 0.9084 0.884390625 0.9140828125 0.8886546875000001 0.9197671875 0.8886546875000001 0.9226078125000001 0.8939828125 0.9297124999999999 0.8982468750000001 0.9297124999999999 0.902509375 0.935396875 0.9089031249999999 0.935396875 0.9110359375 0.9382390624999999 0.9174296875 0.9382390624999999 0.9195609375 0.9410796875 0.9238250000000001 0.9410796875 0.9259562499999999 0.943921875 0.9344812499999999 0.943921875 0.9366140625 0.9467640625 0.9408765625 0.9467640625 0.9419421874999999 0.9453437499999999 0.9419421874999999 0.9425015625000001 0.9440734375 0.939659375 0.9440734375 0.9368171875 0.9462046875000001 0.933975 0.9462046875000001 0.9226078125000001 0.9483375 0.9197671875 0.9483375 0.9140828125 0.95046875 0.9112406249999999 0.95046875 0.9027156250000001 0.9526 0.8998734374999999 0.9526 0.8913484374999999 0.95473125 0.88850625 0.95473125 0.8828234374999999 0.9526 0.8799812499999999
13 1 0.9119171875 0.998428125 0.9098203125 0.9962953125 0.9098203125 0.9899015625 0.9012953125 0.9835062499999999 0.9012953125 0.9813750000000001 0.898453125 0.9771124999999999 0.898453125 0.9685859375 0.9098203125 0.9643234375 0.9098203125 0.9611265625 0.9140828125 0.9611265625 0.916925 0.9675203124999999 0.92545 0.9675203124999999 0.9282921875 0.9696515625 0.9311343750000001 0.9696515625 0.933975 0.9685859375 0.935396875 0.9643234375 0.935396875 0.9621921875 0.9325546875 0.953665625 0.9325546875 0.9515343749999999 0.935396875 0.9494031250000001 0.935396875 0.9462046875000001 0.939659375 0.9462046875000001 0.9425015625000001 0.9440734375 0.9453437499999999 0.9440734375 0.948184375 0.9430078125 0.9496062500000001 0.9408765625 0.9496062500000001 0.9398109375000001 0.9510265625000001 0.9398109375000001 0.95386875 0.9419421874999999 0.9567109374999999 0.9419421874999999 0.9595515625000001 0.9440734375 0.96239375 0.9440734375 0.9908125 0.9472703125 0.9950749999999999 0.9494031250000001 0.9950749999999999 0.9515343749999999 0.9979156250000001 0.953665625 0.9979156250000001 0.955228125 1 1 1 1 0.9119171875
13 0.7628953125 0.8060953124999999 0.775684375 0.78904375 0.775684375 0.7862015625 0.7682234375 0.77625625 0.7660921875 0.779096875 0.7639609375 0.779096875 0.7628953125 0.7805187499999999 0.7628953125 0.7862015625 0.7607625 0.78904375 0.7607625 0.794728125 0.75863125 0.79756875 0.75863125 0.8060953124999999 0.759696875 0.807515625 0.761828125 0.807515625 0.7628953125 0.8060953124999999
13 0.7405140625 0.7592046875 0.73625 0.7648890625 0.73411875 0.7648890625 0.72985625 0.770571875 0.7277250000000001 0.770571875 0.7223953125 0.7776765625000001 0.7223953125 0.7833609375 0.7245265625 0.7862015625 0.7245265625 0.78904375 0.737315625 0.8060953124999999 0.737315625 0.8089359375 0.7426453125 0.816040625 0.7447765625 0.816040625 0.7458421875 0.8146203125 0.7458421875 0.803253125 0.75010625 0.79756875 0.75010625 0.7918859375 0.753303125 0.7876234375 0.755434375 0.7876234375 0.7565000000000001 0.7862015625 0.7565000000000001 0.7833609375 0.7607625 0.7776765625000001 0.7565000000000001 0.77199375 0.7565000000000001 0.7691515625 0.7469078125 0.7563625 0.7447765625 0.7563625 0.7426453125 0.7592046875 0.7405140625 0.7592046875