6 0 0 0 0.5 0.5296875 0.5 0.5296875 0 0 0
6 1 0.1361125 0.9983296875000001 0.132721875 0.9593921875 0.07828437499999999 0.9355515625 0.0688171875 0.9379359375 0.1066859375 0.8497281250000001 0.0995859375 0.78695 0.0723671875 0.7631109375 0.10313593750000001 0.7726468750000001 0.1386390625 0.5296875 0.154590625 0.5296875 0.3720921875 0.6726984375 0.5 1 0.5 1 0.1361125
14 0.7738140625 0.5 0.901434375 0.5 0.8978703124999999 0.4904484375 0.866909375 0.4502890625 0.8349500000000001 0.429465625 0.8009921875 0.43541406250000003 0.7900046875 0.4517765625 0.7738140625 0.5
14 0.8539249999999999 0.1334765625 0.85991875 0.12455156249999999 0.8449375 0.114140625 0.7630390625000001 0.09926718749999999 0.766034375 0.109678125 0.766034375 0.1543 0.762040625 0.1721484375 0.766034375 0.1780984375 0.7640374999999999 0.20487031249999998 0.77901875 0.22123125 0.8079828125 0.22569374999999997 0.841940625 0.2137953125 0.8539249999999999 0.1334765625
12 0.7190937500000001 0.4116171875 0.7150984375 0.39971718749999996 0.701115625 0.4056671875 0.6971203125 0.39376875 0.6871328125 0.39376875 0.6821390625 0.4071546875 0.67415 0.4131046875 0.6721515625000001 0.42202812500000003 0.6801421875 0.430953125 0.6801421875 0.4428515625 0.67415 0.45772500000000005 0.6721515625000001 0.493421875 0.678646875 0.5 0.720959375 0.5 0.7270828125000001 0.4889609375 0.7320765625 0.4904484375 0.7320765625 0.5 0.7458484375000001 0.5 0.752053125 0.48152343750000004 0.7580453125 0.43392656250000006 0.786009375 0.3952546875 0.7830140625 0.38186875 0.7330765625 0.3699703125 0.7190937500000001 0.4116171875
6 0.5296875 1 0.5296875 0.5 0 0.5 0 1 0.5296875 1
6 1 0.5 0.9774375 0.5 0.9719328125000001 0.5045968750000001 0.9693625000000001 0.5 0.8763781249999999 0.5 0.8480671875000001 0.5081703125 0.833084375 0.5314078125 0.8430734375 0.5528578125 0.8410765625 0.577884375 0.833084375 0.588609375 0.833084375 0.6172093750000001 0.861053125 0.681559375 0.8740406249999999 0.8978484375000001 0.83608125 0.8478 0.82509375 0.853159375 0.8200984375000001 0.8799718750000001 0.7621625 0.862096875 0.7331937500000001 0.8996359375 0.7222062499999999 0.9621999999999999 0.7122171875000001 0.951475 0.6922390625 0.9693484375000001 0.6782546875000001 0.9621999999999999 0.6732609375 0.9675593750000001 0.67725625 0.9854375 0.6691171875 1 1 1 1 0.5
3 0.9038296875 1 0.8880234375 0.9478984374999999 0.86405 0.9478984374999999 0.8350828124999999 0.9925859375 0.8358593750000001 1 0.9038296875 1
3 0.8070499999999999 1 0.8101109375 0.9872234375 0.8300875 0.9907999999999999 0.8410765625 0.9711359375 0.8370796875 0.9318109375000001 0.82509375 0.8996359375 0.7861359375 0.862096875 0.7481765625000001 0.8728234374999999 0.725203125 0.9318109375000001 0.7272000000000001 0.9854375 0.7353390625 1 0.8070499999999999 1
17 0.9689359375000001 0.5 0.9122828125 0.5 0.9109984375 0.5206828125 0.9219859375 0.522471875 0.9249828125 0.5421328125 0.9369703125 0.556434375 0.9689359375000001 0.506384375 0.9689359375000001 0.5
14 1 0.5798984375 0.9479578125 0.576096875 0.833084375 0.588609375 0.8350828124999999 0.631509375 0.8530625000000001 0.6529609375 0.861053125 0.6851359375 0.861053125 0.7494828124999999 0.8690453125 0.785234375 0.8770374999999999 0.9175093750000001 0.9065375 1 1 1 1 0.5798984375