6 1 0.3203609375 0.980003125 0.3225921875 0.9655312500000001 0.338278125 0.7518374999999999 0.3316296875 0.73684375 0.3626171875 0.738821875 0.438615625 0.7283546875 0.395225 0.6959203125 0.35545781249999997 0.5031656250000001 0.380478125 0.4892625 0.39492812499999996 0.481553125 0.4321390625 0.455296875 0.41044375000000005 0.28333906249999996 0.42493749999999997 0.24439687499999999 0.43866250000000007 0.23146874999999997 0.45886562499999994 0.2230828125 0.4093796875 0.20123281249999997 0.3907109375 0.032165624999999996 0.39338125 0.032115624999999995 0.3934328125 0.042596875 0.52183125 0.1234640625 0.9990265624999999 0.603459375 0.9878546874999999 1 0.943615625 1 0.3203609375
12 0.13433124999999999 0.418525 0.15073125 0.4107671875 0.1621375 0.4257984375 0.16365625 0.4463796875 0.1702109375 0.4560234375 0.2011203125 0.45257500000000006 0.22271718749999997 0.48129218749999997 0.2287546875 0.5517624999999999 0.2254234375 0.5669562499999999 0.2298203125 0.5812875 0.2243328125 0.60116875 0.1311140625 0.6086031249999999 0.059103125 0.601815625 0.060129687499999994 0.6194859375 0.079940625 0.620240625 0.098846875 0.6388828125 0.244490625 0.633009375 0.24975312500000002 0.6176 0.22933750000000003 0.4390515625 0.22296875 0.4130828125 0.21107031250000002 0.39514218749999996 0.19413750000000002 0.38813906249999997 0.041484375000000004 0.3933109375 0.0324734375 0.397821875 0.041996875 0.5144765625 0.0522421875 0.5729375 0.05715625 0.526440625 0.0796828125 0.473534375 0.0844125 0.4433625 0.097134375 0.4197109375 0.10221093750000002 0.4206265625 0.1117234375 0.44772656250000004 0.13433124999999999 0.418525
12 0.27116406249999997 0.6626421875 0.255428125 0.5813953125 0.2578125 0.5722359375 0.2519359375 0.5491765625 0.247378125 0.4874328125 0.25574375 0.461303125 0.2634703125 0.46044062500000005 0.277034375 0.4707859375 0.2871046875 0.4489109375 0.3016140625 0.453221875 0.3064234375 0.44675624999999997 0.3204390625 0.44815781250000003 0.35710312499999997 0.43220937499999995 0.370665625 0.442553125 0.4073296875 0.42660625 0.43244218749999996 0.4238046875 0.4658171875 0.43490312500000006 0.489546875 0.52266875 0.49595625 0.560490625 0.495625 0.6049921875 0.5054046875 0.6394734375 0.5023 0.6501953125 0.4752953125 0.665065625 0.45885468749999997 0.660971875 0.3369265625 0.6790203125 0.3478375 0.6911421875 0.4997296875 0.6756796875 0.5151046874999999 0.65025 0.5169546875 0.626328125 0.48494843750000005 0.449071875 0.468653125 0.4168 0.45509062499999997 0.40645625 0.2508140625 0.43220937499999995 0.235665625 0.45316718749999996 0.23981249999999998 0.5357078125 0.262490625 0.6695375 0.2879515625 0.6978234375000001 0.2939734375 0.6927046875 0.2915078125 0.6781578125000001 0.27821250000000003 0.6751953125 0.27116406249999997 0.6626421875
12 0.05645312500000001 0.6035921875 0.0801265625 0.603915625 0.0842671875 0.471540625 0.05715625 0.526440625 0.0510296875 0.571590625 0.05645312500000001 0.6035921875
16 0.109646875 0.4761203125 0.1210515625 0.49115156249999997 0.129990625 0.4916359375 0.160778125 0.4526296875 0.15971249999999998 0.42310468749999997 0.1488 0.4109828125 0.13240000000000002 0.41874062500000003 0.10668906250000001 0.4586640625 0.109646875 0.4761203125
16 0.11457656249999999 0.5052140625 0.103278125 0.4501515625 0.10221093750000002 0.4206265625 0.0985734375 0.4165859375 0.0944828125 0.42148906249999996 0.0845734375 0.490775 0.0805796875 0.5949718749999999 0.085203125 0.6048328125 0.1018703125 0.6044546875 0.10618593750000001 0.5950796875 0.1069703125 0.541634375 0.11457656249999999 0.5052140625
16 0.154934375 0.5807484374999999 0.16829531250000002 0.531828125 0.16439062499999998 0.52040625 0.14912343749999998 0.50580625 0.1397296875 0.5142640625 0.129246875 0.5569359375 0.14599375 0.5802640625000001 0.154934375 0.5807484374999999
16 0.181590625 0.5347921875 0.1719328125 0.53586875 0.1649640625 0.547021875 0.166484375 0.567603125 0.1778890625 0.582634375 0.20065781249999998 0.6008453125 0.2231203125 0.5998218750000001 0.22936874999999998 0.59023125 0.2278890625 0.581503125 0.2087171875 0.5554796875 0.181590625 0.5347921875
16 0.21765625000000002 0.555965625 0.21026093750000002 0.5123249999999999 0.2145375 0.49109687500000004 0.2071828125 0.459309375 0.185665625 0.45430000000000004 0.18206875 0.4621109375 0.1915171875 0.5410953125 0.21765625000000002 0.555965625
16 0.1474171875 0.50155 0.1695078125 0.5331750000000001 0.176021875 0.530965625 0.179353125 0.5157734375 0.174915625 0.4895890625 0.1659359375 0.47725156249999995 0.15048125 0.478975 0.14544531249999998 0.4899125 0.1474171875 0.50155
21 0.399965625 0.5341453125 0.3443546875 0.5195984375 0.3364015625 0.5249312500000001 0.33868125 0.555803125 0.4027375 0.567925 0.4045875 0.5440046875 0.399965625 0.5341453125
21 0.2955265625 0.5102234375 0.2914375 0.5151265625 0.2900390625 0.5301046875 0.2946625 0.5399640625 0.332125 0.546159375 0.332271875 0.51798125 0.2955265625 0.5102234375
21 0.3513625 0.5202984374999999 0.351775 0.4995015625 0.3432890625 0.4900734375 0.3060515625 0.47940625 0.30196093749999997 0.4843078125 0.3000703125 0.49637656249999995 0.30567968749999996 0.5120546874999999 0.3513625 0.5202984374999999
21 0.3464328125 0.49120468749999996 0.3529875 0.5008484375 0.407796875 0.49325156249999996 0.410675 0.4870015625 0.40623750000000003 0.4608171875 0.40066875 0.45699218750000004 0.3460859375 0.4601171875 0.3424890625 0.4679296875 0.3464328125 0.49120468749999996
21 0.47002812499999996 0.46555937500000005 0.4724125 0.45640000000000003 0.4658171875 0.43490312500000006 0.43051093749999997 0.4240203125 0.42062499999999997 0.42956874999999994 0.4192265625 0.444546875 0.4248359375 0.460225 0.47002812499999996 0.46555937500000005
21 0.40259999999999996 0.4567765625 0.4123 0.46755312499999996 0.420746875 0.465128125 0.41774843749999996 0.43581875 0.4116859375 0.42908437499999996 0.3817625 0.4383515625 0.374303125 0.44659375 0.37699375 0.45666874999999996 0.40259999999999996 0.4567765625
21 0.4698015625 0.47003125 0.46014218749999997 0.4711078125 0.453175 0.4822609375 0.45833124999999997 0.5068828125 0.4803 0.50295 0.48120624999999995 0.4850625 0.4698015625 0.47003125
21 0.49069375 0.5758984375 0.49550312500000004 0.5694343749999999 0.48564375000000004 0.511246875 0.47715625 0.50181875 0.46026249999999996 0.5066671875 0.467925 0.5576890624999999 0.48031562499999997 0.5785390625 0.49069375 0.5758984375
21 0.43344375 0.5052125000000001 0.4537078125 0.49702343750000005 0.45268125000000003 0.47935156250000005 0.44612656250000005 0.4697078125 0.411128125 0.47805937500000006 0.41314062500000004 0.5015484375 0.41920156249999996 0.508284375 0.43344375 0.5052125000000001
21 0.4608515625 0.608871875 0.4722578125 0.623903125 0.47877187499999996 0.6216953125 0.4888828125 0.6116734375 0.48592500000000005 0.5942171875 0.4625421875 0.5375390624999999 0.4545484375 0.5310203125 0.44345 0.535221875 0.4608515625 0.608871875
21 0.419590625 0.5512234375 0.43088906250000003 0.6062859375 0.4382046875 0.6262203125 0.446690625 0.6356484375 0.4512734375 0.6336546875 0.46475625000000004 0.62029375 0.4500453125 0.55671875 0.4395875 0.535653125 0.4241328125 0.5373765625 0.419590625 0.5512234375
20 0.43136718749999997 0.53360625 0.44996562500000004 0.5330125 0.46057031249999997 0.5259015625 0.45348125 0.5014953125 0.426209375 0.508984375 0.43136718749999997 0.53360625
21 0.426021875 0.87955 0.42920625 0.892534375 0.4497359375 0.8917265625 0.4538109375 0.8112343750000001 0.4414203125 0.790384375 0.430815625 0.7974953124999999 0.42438125 0.8234109374999999 0.4288578125 0.8614484375 0.426021875 0.87955
21 0.39912187499999996 0.854390625 0.38753125 0.8556828124999999 0.3777671875 0.8967906250000001 0.3848140625 0.90934375 0.39954999999999996 0.9091828124999999 0.40423749999999997 0.867159375 0.39912187499999996 0.854390625
21 0.42275625000000006 0.842859375 0.4041984375 0.8553062499999999 0.401934375 0.9000234375 0.4084890625 0.9096671875 0.42322499999999996 0.90950625 0.427871875 0.8556296874999999 0.42275625000000006 0.842859375
21 0.443221875 0.8939359375 0.4381859375 0.9048718750000001 0.45137656249999997 0.9478671875 0.4598640625 0.9572953125 0.47217343749999996 0.9544390625 0.4750515625 0.9481890625 0.4716 0.9278234375000001 0.4608734375 0.8993765625 0.45481249999999995 0.8926421875000001 0.443221875 0.8939359375
20 0.4977390625 0.9426937499999999 0.510090625 0.9516921875 0.533990625 0.94754375 0.5431171875 0.931703125 0.5331359375 0.8379578125 0.514003125 0.8237875000000001 0.4874515625 0.8297140625000001 0.4809765625 0.8437765625000001 0.4977390625 0.9426937499999999
21 0.34539375 0.9671 0.36156875 0.9638140625 0.3629671875 0.9488359375 0.35057499999999997 0.9279859374999999 0.33395 0.9402156250000001 0.34539375 0.9671
21 0.37110625 0.927178125 0.37905937500000003 0.9218437500000001 0.3836015625 0.907996875 0.3699984375 0.8858 0.3527984375 0.871415625 0.3443921875 0.8856921874999999 0.345871875 0.8944203125 0.37110625 0.927178125
21 0.3644453125 0.9575640625 0.36857656250000004 0.9645140624999999 0.379446875 0.964784375 0.3876265625 0.954978125 0.38516249999999996 0.9404312499999999 0.3756890625 0.9251843750000001 0.3568234375 0.9183953125000001 0.3542125 0.9320265624999999 0.3644453125 0.9575640625
20 0.311496875 0.8019140625000001 0.278203125 0.814521875 0.27460625 0.8223328125 0.2756328125 0.8400046874999999 0.28146875 0.8512109375 0.2875296875 0.8579453125000001 0.29790937500000003 0.8553062499999999 0.3213171875 0.8482484375 0.32684531250000004 0.8402203125 0.3272984375 0.8312765625 0.311496875 0.8019140625000001
20 0.3024765625 0.7777234375 0.3231125 0.736884375 0.3107203125 0.716034375 0.2943203125 0.7237921875 0.2787203125 0.7536937499999999 0.2831171875 0.768025 0.2916046875 0.777453125 0.3024765625 0.7777234375
20 0.3063390625 0.7772921875 0.3083125 0.7889296875 0.3263125 0.8254578125 0.3347984375 0.8348859375 0.3413140625 0.8326781249999999 0.3460828125 0.8143593750000001 0.34164531249999996 0.7881750000000001 0.33190624999999996 0.765546875 0.3181171875 0.7596734374999999 0.3063390625 0.7772921875
21 0.295815625 0.8081093750000001 0.30305 0.8043390625000001 0.29910625 0.7810640624999999 0.28967343749999996 0.77766875 0.28190468750000003 0.766678125 0.27740312500000003 0.792378125 0.2803609375 0.809834375 0.295815625 0.8081093750000001
21 0.357875 0.87233125 0.36442968750000004 0.8819750000000001 0.3728765625 0.87955 0.3796171875 0.8728703124999999 0.367865625 0.8267515624999999 0.35888593750000003 0.8144125000000001 0.3492265625 0.815490625 0.34468437500000004 0.8293375 0.357875 0.87233125
20 0.363921875 0.8034765625 0.374234375 0.8527203125 0.397909375 0.8530421875 0.3983625 0.8441000000000001 0.38911562499999997 0.8243796874999999 0.39585625 0.8177 0.392365625 0.78548125 0.367478125 0.7838109375 0.363921875 0.8034765625
21 0.4022015625 0.9074046875 0.3872390625 0.9120390625000001 0.38955937500000004 0.9547625 0.40190937499999996 0.9637609375 0.41035625 0.9613359375 0.4140578125 0.9134921874999999 0.4022015625 0.9074046875
21 0.359478125 0.5623765625 0.3391734375 0.5587125000000001 0.3168984375 0.5434109375 0.3012171875 0.5496078125 0.3032296875 0.5730984375 0.3092921875 0.5798328125000001 0.3238 0.5841421875 0.3552828125 0.607309375 0.3656609375 0.6046703124999999 0.3709234375 0.5892609375 0.365540625 0.5691109375 0.359478125 0.5623765625
21 0.329796875 0.6427609375000001 0.369153125 0.6368875 0.363503125 0.6093578125 0.341759375 0.60881875 0.32270937499999997 0.6183546875 0.329796875 0.6427609375000001
21 0.2575859375 0.5767078125 0.255428125 0.5813953125 0.27116406249999997 0.6626421875 0.27821250000000003 0.6751953125 0.2963171875 0.67169375 0.280540625 0.57859375 0.2575859375 0.5767078125
21 0.2543046875 0.46442812499999997 0.247378125 0.4874328125 0.2544015625 0.5637234375 0.2604625 0.5704578125 0.268909375 0.568034375 0.26583125 0.5150187500000001 0.27586093749999996 0.48129218749999997 0.27438281249999996 0.47256406249999994 0.2634703125 0.46044062500000005 0.2543046875 0.46442812499999997
21 0.2916390625 0.574390625 0.29045156250000004 0.5093078125 0.2863203125 0.5023578125 0.2718125 0.498046875 0.26583125 0.5150187500000001 0.269403125 0.5709421875 0.28126093750000003 0.57703125 0.2916390625 0.574390625
21 0.2916640625 0.5106546875 0.300109375 0.5082296875 0.29904375 0.47870468749999995 0.28044531250000004 0.47929843749999995 0.2783265625 0.4958390625 0.2916640625 0.5106546875
21 0.29855 0.4757953125 0.2989625 0.45499999999999996 0.2929 0.448265625 0.2851734375 0.44912656249999994 0.27820625 0.46027968750000003 0.278246875 0.47213281250000005 0.2843078125 0.4788671875 0.29855 0.4757953125
20 0.31994531249999997 0.4452484375 0.29945625 0.457909375 0.2980578125 0.47288593749999996 0.30268125 0.482746875 0.3459390625 0.4882953125 0.3424890625 0.4679296875 0.3460859375 0.4601171875 0.371425 0.45284375 0.361459375 0.4346875 0.31994531249999997 0.4452484375
20 0.37918281249999997 0.6031609375 0.4009265625 0.6037 0.401790625 0.573959375 0.387509375 0.565178125 0.36962968749999997 0.5642078125000001 0.37918281249999997 0.6031609375
20 0.377865625 0.6418453125 0.38442031249999997 0.6514890624999999 0.419459375 0.654990625 0.42597500000000005 0.65278125 0.43002343749999994 0.6360265625 0.4205109375 0.6089265625 0.3803953125 0.6045078125 0.3753609375 0.6154453125 0.377865625 0.6418453125
21 0.40380312500000004 0.59745 0.41664687499999997 0.60935625 0.4231625 0.6071484375 0.4294109375 0.5975578125000001 0.4244796875 0.5684640625 0.419096875 0.5483140625 0.40723906249999997 0.5422265625 0.40129843750000005 0.57105 0.40380312500000004 0.59745
21 0.29677031249999997 0.6627500000000001 0.3132109375 0.66684375 0.31555468750000004 0.64583125 0.30581562500000004 0.6232031250000001 0.29445156250000004 0.6200249999999999 0.29677031249999997 0.6627500000000001
21 0.324121875 0.678965625 0.365409375 0.672878125 0.3653296875 0.6491718750000001 0.3587734375 0.639528125 0.3160484375 0.6487406250000001 0.324121875 0.678965625
21 0.36987187499999996 0.6353265625 0.3648359375 0.6462625 0.3658625 0.663934375 0.3724171875 0.6735781249999999 0.3832890625 0.6738484375 0.39192187500000003 0.6550984375 0.36987187499999996 0.6353265625
21 0.28888125 0.6162 0.2968765625 0.62271875 0.30339062499999997 0.6205093749999999 0.3082 0.61404375 0.3067203125 0.6053171875000001 0.295315625 0.590284375 0.2895203125 0.59093125 0.284484375 0.6018687500000001 0.28888125 0.6162
21 0.39351250000000004 0.8387109374999999 0.40442343750000004 0.850834375 0.41287031250000006 0.8484093749999999 0.4296421875 0.8080015625 0.4276703125 0.7963640625 0.41918437500000005 0.7869359375 0.41145624999999997 0.7877984375 0.3920328125 0.8299828125 0.39351250000000004 0.8387109374999999
21 0.452040625 0.8588609375 0.4605671875 0.8801421875000001 0.4753015625 0.8799812499999999 0.48155000000000003 0.870390625 0.48237500000000005 0.8287984375 0.4764984375 0.8057390625 0.4665734375 0.7994343749999999 0.4538109375 0.8112343750000001 0.452040625 0.8588609375
21 0.49968124999999997 0.803153125 0.509153125 0.8183999999999999 0.5137359375 0.81640625 0.5265 0.8046078124999999 0.527671875 0.7941015625000001 0.4974671875 0.7203968749999999 0.4885265625 0.7199125000000001 0.4758046875 0.7435640625 0.49968124999999997 0.803153125
21 0.469515625 0.7413015625 0.48924687499999997 0.71835 0.4812125 0.699978125 0.46719687499999996 0.6985765625 0.444321875 0.7203968749999999 0.4465203125 0.7275625 0.4586046875 0.7291796875000001 0.469515625 0.7413015625
21 0.3584984375 0.7714734375 0.365053125 0.7811171875 0.3792953125 0.778046875 0.38361093749999997 0.768671875 0.381146875 0.7541249999999999 0.3660640625 0.7232000000000001 0.35276718749999997 0.7202359375 0.3477328125 0.7311734375000001 0.3584984375 0.7714734375
21 0.35861875 0.80703125 0.36486718749999997 0.7974421875 0.364334375 0.7826796875 0.35216875000000003 0.7573578125 0.34080468750000004 0.7541781249999999 0.3338375 0.76533125 0.3436171875 0.7998125 0.35861875 0.80703125
21 0.42727343749999996 0.89275 0.41792187500000005 0.9130625 0.41989375000000007 0.9247 0.42595625000000004 0.931434375 0.44212968750000003 0.928146875 0.44057031249999995 0.8957140625 0.42727343749999996 0.89275
21 0.4934234375 0.9520687499999999 0.4977390625 0.9426937499999999 0.4933421875 0.9283625000000001 0.4781140625 0.925615625 0.47451718749999994 0.9334265625 0.4769828125 0.9479734375 0.4830453125 0.954709375 0.4934234375 0.9520687499999999
21 0.48325625 0.874646875 0.4745828125 0.88154375 0.4586359375 0.8803578125 0.45310625 0.8883859375000001 0.4701203125 0.9190953125 0.48598749999999996 0.896575 0.48325625 0.874646875
21 0.39039375 0.7738437499999999 0.392365625 0.78548125 0.40736718749999995 0.7927 0.413615625 0.7831109374999999 0.4173984375 0.7589734375 0.41542500000000004 0.7473359375 0.40693906249999995 0.7379078125 0.3977734375 0.7418953125 0.39039375 0.7738437499999999
21 0.37481718750000004 0.740009375 0.38648906250000004 0.762421875 0.4109890625 0.7211515625 0.39473437499999997 0.7007328125 0.3889390625 0.7013796875 0.37481718750000004 0.740009375
20 0.4435375 0.7738437499999999 0.44834687500000003 0.767378125 0.44053906249999997 0.744534375 0.4293609375 0.72503125 0.4170109375 0.7160328125000001 0.4076578125 0.7363453125 0.42440625 0.7596734374999999 0.4435375 0.7738437499999999
20 0.44201875 0.7532625000000001 0.45342343749999997 0.76829375 0.46186875 0.7658703124999999 0.46906406250000005 0.7502453124999999 0.467090625 0.7386078125 0.4542484375 0.7267015625 0.44458906249999997 0.727778125 0.43955312500000004 0.738715625 0.44201875 0.7532625000000001
21 0.30912656250000003 0.8866625000000001 0.3016265625 0.883053125 0.294165625 0.8912953124999999 0.29860312499999997 0.9174796875 0.30641093750000004 0.9403234375 0.3148984375 0.949753125 0.32334375 0.947328125 0.328153125 0.9408625 0.3179609375 0.927178125 0.31545625 0.9007781250000001 0.30912656250000003 0.8866625000000001
21 0.3606625 0.9817015625 0.3689390625 0.9933125 0.39710625 0.9926578125000001 0.37872812499999997 0.9663468749999999 0.3724390625 0.964084375 0.3606625 0.9817015625
16 0.2510609375 0.7182421875 0.23727187500000002 0.7123703124999999 0.22526875 0.7344593749999999 0.20504531250000002 0.7545015625 0.1903921875 0.7783703125 0.1923640625 0.7900078125000001 0.1991453125 0.7951796875 0.22686875 0.7787468750000001 0.2528484375 0.7462046875 0.2564453125 0.7383921875 0.2510609375 0.7182421875
16 0.2567359375 0.6820375000000001 0.25260625000000003 0.6750875 0.24609062499999998 0.677296875 0.2474890625 0.6623187500000001 0.2327140625 0.6506265625000001 0.11680625 0.6635578125 0.10476250000000001 0.6737953125 0.101659375 0.684515625 0.1184625 0.7952874999999999 0.11145468750000001 0.7945875 0.110775 0.8080031249999999 0.112746875 0.8196390625 0.12168749999999999 0.820125 0.124378125 0.8301999999999999 0.1135078125 0.8299296875 0.11282812499999999 0.8433453125 0.11650624999999999 0.8592390625 0.1205953125 0.8543359374999999 0.1193421875 0.8411375 0.13173437500000001 0.8619875 0.1341984375 0.876534375 0.12844375 0.8890328125 0.13015000000000002 0.8932890625000001 0.1342390625 0.8883875 0.1420875 0.923084375 0.1271265625 0.9277171875000001 0.13304218750000002 0.9626296875 0.1306578125 0.9717890625000001 0.140090625 0.9751828124999999 0.1419421875 0.9512609375000001 0.1466046875 0.9729734375 0.1570234375 0.9821875 0.193234375 0.9751828124999999 0.1988046875 0.9790078125000001 0.22656874999999999 0.974428125 0.233309375 0.9677468749999999 0.24781875000000003 0.9720578124999999 0.28281718749999996 0.9637062500000001 0.2716796875 0.9560562499999999 0.27698125 0.9525 0.2700796875 0.91176875 0.27538125 0.9082140624999999 0.2534859375 0.7209359375 0.2556453125 0.7162499999999999 0.2585625 0.721853125 0.260228125 0.71425625 0.2553375 0.6970156249999999 0.2567359375 0.6820375000000001
20 0.430659375 0.9650000000000001 0.44706093750000003 0.9572406250000001 0.44944531249999997 0.9480812500000001 0.44284999999999997 0.926584375 0.4220921875 0.931865625 0.4146328125 0.9401078125 0.41808281249999996 0.9604734374999999 0.430659375 0.9650000000000001
20 0.3264421875 0.721690625 0.3368609375 0.730903125 0.34723906250000003 0.7282640625 0.3534875 0.7186734375 0.3500359375 0.6983078125 0.34348125 0.6886640625 0.331396875 0.6870484375 0.3244296875 0.6982 0.3264421875 0.721690625
20 0.2963984375 0.6953984375 0.307309375 0.7075218750000001 0.31575625 0.705096875 0.3220046875 0.69550625 0.320978125 0.677834375 0.3144234375 0.668190625 0.30233906250000003 0.666575 0.2939328125 0.6808515625 0.2963984375 0.6953984375
20 0.395834375 0.52719375 0.40105625 0.4999328125 0.3872671875 0.49405937499999997 0.37810156250000004 0.498046875 0.37549062499999997 0.511678125 0.3813265625 0.5228843750000001 0.3893203125 0.529403125 0.395834375 0.52719375
21 0.4181109375 0.5424953125 0.4257984375 0.52978125 0.4233328125 0.515234375 0.4124203125 0.5031109375 0.40276249999999997 0.5041890625 0.39825937499999997 0.5298890625 0.40723906249999997 0.5422265625 0.4181109375 0.5424953125
21 0.46452968749999995 0.624765625 0.45563125 0.6361343749999999 0.45616406249999997 0.6508953125 0.46514375 0.663234375 0.48324999999999996 0.65973125 0.4989296875 0.6535359374999999 0.5054046875 0.6394734375 0.5029390625 0.6249265625 0.496878125 0.6181921874999999 0.46452968749999995 0.624765625
21 0.580096875 0.7956640625 0.5723703125 0.796525 0.5577156249999999 0.82039375 0.5637125000000001 0.8790109375 0.5790203125 0.905465625 0.5877343749999999 0.9104218749999999 0.6058390625000001 0.90691875 0.61735 0.8819203124999999 0.612871875 0.8438828125000001 0.586159375 0.8023984375 0.580096875 0.7956640625
20 0.5568593749999999 0.7108078124999999 0.5664781249999999 0.6978765625000001 0.5630265624999999 0.6775109375 0.55116875 0.6714234375 0.5337828124999999 0.6733625 0.529240625 0.687209375 0.5346234375 0.707359375 0.5568593749999999 0.7108078124999999
21 0.5469890625 0.7919453125 0.5554765625 0.801375 0.5677859375 0.79851875 0.5730890625 0.7949625 0.5622421875 0.7309578125 0.5561796875 0.724221875 0.5407265625 0.725946875 0.5371296875 0.733759375 0.5469890625 0.7919453125
21 0.474075 0.8030453124999999 0.4850265625 0.8270203125 0.5012 0.8237328125 0.506009375 0.81726875 0.48846249999999997 0.7717968749999999 0.478721875 0.7491671875 0.4692890625 0.7457734375 0.46186875 0.7658703124999999 0.474075 0.8030453124999999
21 0.4411125 0.77115 0.42826875 0.7592421875 0.4140671875 0.7741671875 0.4160390625 0.7858046875 0.431534375 0.7959328125 0.44308437500000003 0.7827875 0.4411125 0.77115
21 0.6823765625 0.824271875 0.684228125 0.8003500000000001 0.6505468750000001 0.7700171874999999 0.64138125 0.7740046875 0.6382765625 0.7847265625000001 0.6421812499999999 0.7961484375000001 0.6719984375 0.8269125 0.6823765625 0.824271875
21 0.6263953124999999 0.842375 0.63215 0.829875 0.619 0.798734375 0.5983890625 0.7758359375 0.5839203125 0.7833796875 0.5837343749999999 0.7997046875 0.6104468749999999 0.8411890625 0.6263953124999999 0.842375
21 0.6814796875 0.7028328125 0.688528125 0.7153859375 0.7027703125 0.712315625 0.7056484375000001 0.706065625 0.693403125 0.6570375 0.6860875 0.637103125 0.6761625 0.6308 0.6672625 0.6421671875 0.6814796875 0.7028328125
21 0.708275 0.768025 0.7158156250000001 0.7834875 0.759528125 0.7800921875 0.7633515625 0.767809375 0.7572484375 0.7492203125 0.7200109375 0.7385531249999999 0.7122843750000001 0.739415625 0.7086875 0.747228125 0.708275 0.768025
20 0.7075640625 0.6302609375 0.695828125 0.65973125 0.6978 0.67136875 0.73390625 0.7043953125 0.7384890625 0.7024015625 0.75336875 0.6740625 0.751396875 0.662425 0.7400328125 0.659246875 0.718209375 0.6350015625000001 0.7075640625 0.6302609375
20 0.7864921875 0.75336875 0.787396875 0.7354828125 0.7789109375 0.726053125 0.759059375 0.713446875 0.7515984375 0.721690625 0.75576875 0.7404921875 0.7780453125 0.75579375 0.7864921875 0.75336875
20 0.7704234375000001 0.716625 0.7650406249999999 0.6964750000000001 0.758978125 0.689740625 0.73390625 0.7043953125 0.7130687499999999 0.68596875 0.7014781250000001 0.6872625 0.7085656250000001 0.7116687500000001 0.690234375 0.7196421875000001 0.7011859375 0.7436171875 0.713721875 0.736290625 0.7492546875 0.7427015625 0.7551953124999999 0.713878125 0.7704234375000001 0.716625
21 0.67493125 0.9081046875000001 0.686975 0.89786875 0.68545625 0.8772875000000001 0.663365625 0.8456609374999999 0.65128125 0.8440453124999999 0.647271875 0.872653125 0.6618625 0.9006703125 0.67493125 0.9081046875000001
20 0.7008546875 0.7881203125 0.7025187500000001 0.7805234375000001 0.6960703125000001 0.7308484375 0.6267109375000001 0.7222828125 0.6231140625 0.7300953125 0.6315359375 0.7914078124999999 0.6414609375 0.7977109375 0.6392234375 0.7786921875 0.652478125 0.7698015625 0.669453125 0.788659375 0.6875984374999999 0.797009375 0.6911953125 0.7891984375 0.7008546875 0.7881203125
20 0.6182640625 0.7247078124999999 0.6631484375000001 0.71080625 0.6542734375 0.6584390625000001 0.6462390625000001 0.640065625 0.5873406250000001 0.652565625 0.5798796875 0.660809375 0.5945890625 0.724384375 0.6182640625 0.7247078124999999
20 0.6306890625 0.5424953125 0.6610406249999999 0.588021875 0.6772140624999999 0.584734375 0.687778125 0.5657703125 0.6877375 0.5539171875 0.65810625 0.506828125 0.640453125 0.5013875 0.6282234375 0.5279484375 0.6306890625 0.5424953125
21 0.5414390625000001 0.50946875 0.532765625 0.5163656249999999 0.5306484375 0.5329046875000001 0.540346875 0.54368125 0.5418265625 0.552409375 0.56050625 0.575521875 0.5689515625 0.573096875 0.57326875 0.5637234375 0.571296875 0.5520859375 0.5542828125 0.521375 0.5414390625000001 0.50946875
21 0.5637703125 0.6122124999999999 0.5795328125 0.629721875 0.5918421875 0.6268671875 0.597596875 0.6143671875 0.5927078125 0.5971265625 0.5793703125 0.5823109375 0.5653546875 0.580909375 0.56130625 0.597665625 0.5637703125 0.6122124999999999
21 0.5498046875 0.48333750000000003 0.5693484375 0.47671093750000004 0.5729453125 0.46889843750000004 0.5639265625000001 0.4447078125 0.53040625 0.46178749999999996 0.535296875 0.47902812499999997 0.5413578125 0.4857625 0.5498046875 0.48333750000000003
20 0.606796875 0.4073171875 0.5763421875 0.401821875 0.5625921875000001 0.40780312500000004 0.5653640625 0.4415828125 0.6091171875 0.45004218749999997 0.6129 0.4259046875 0.606796875 0.4073171875
20 0.6219359375 0.5256859375 0.63420625 0.5109765625 0.636815625 0.49734531249999997 0.6055203125 0.45785468749999997 0.5977921875 0.45871562499999996 0.5860562500000001 0.4881875 0.6154203125000001 0.5278937499999999 0.6219359375 0.5256859375
20 0.667378125 0.4628109375 0.66579375 0.4941140625 0.6707234375 0.52320625 0.6772781250000001 0.5328515625 0.68621875 0.5333359375 0.6975421875000001 0.5246609375 0.697728125 0.5083375 0.688934375 0.479675 0.6751453125 0.4738015625 0.667378125 0.4628109375
21 0.6982625 0.5230984375000001 0.7096671875 0.53813125 0.71618125 0.535921875 0.7238687500000001 0.52320625 0.710678125 0.48021250000000004 0.700259375 0.471 0.6910921875 0.4749875 0.688934375 0.479675 0.6982625 0.5230984375000001
21 0.7051640625 0.5638296875 0.7114125 0.554240625 0.711371875 0.5423875 0.6975421875000001 0.5246609375 0.6835671875 0.5351140625 0.6848203125000001 0.5483140625 0.6967171875 0.5662546875000001 0.7051640625 0.5638296875
21 0.70096875 0.6087640624999999 0.7057781249999999 0.6022984375 0.701834375 0.5790234375 0.6904296875 0.5639921875 0.6772140624999999 0.584734375 0.6791859375 0.596371875 0.688165625 0.608709375 0.70096875 0.6087640624999999
21 0.667821875 0.59319375 0.6499015625 0.5803703125 0.6286515625 0.582740625 0.6246031249999999 0.599496875 0.6280125 0.608009375 0.6403640625 0.61700625 0.6488109375 0.6145828125 0.6785062500000001 0.6097875 0.679678125 0.59928125 0.6755484375 0.59233125 0.667821875 0.59319375
21 0.6022453125 0.560490625 0.588003125 0.5635609374999999 0.5804625 0.5480984375 0.5753859375 0.5471828125 0.5717890625 0.5549953125 0.5737609375 0.5666328125 0.59611875 0.6056390625 0.6075234375 0.6206703124999999 0.6198328125 0.617815625 0.62608125 0.608225 0.6246031249999999 0.599496875 0.6022453125 0.560490625
21 0.616940625 0.548475 0.6092125 0.5493375 0.60808125 0.571696875 0.6122109375 0.578646875 0.6206578125 0.576221875 0.6234953125 0.55811875 0.616940625 0.548475
21 0.7427734375 0.5418484375 0.72508125 0.524553125 0.7008484375 0.5732046875 0.7057781249999999 0.6022984375 0.7178625000000001 0.6039140625 0.744253125 0.5505765625000001 0.7427734375 0.5418484375
21 0.73134375 0.590553125 0.73740625 0.5972875 0.7535796875 0.5940015625 0.7549781249999999 0.5790234375 0.744584375 0.5060734375 0.7210953124999999 0.4894265625 0.72629375 0.5259 0.744253125 0.5505765625000001 0.73134375 0.590553125
21 0.540840625 0.546590625 0.5275046875 0.5317734375 0.5142484375 0.5406640625 0.52751875 0.6073625 0.5362328125 0.6123203125 0.5442921875 0.5669546875 0.540840625 0.546590625
21 0.9003 0.47832656250000005 0.8952640625000001 0.48926406250000004 0.896290625 0.5069359375 0.9181546875000001 0.5430328125 0.92830625 0.544865625 0.93963125 0.5361906249999999 0.9432281250000001 0.5283781249999999 0.94125625 0.516740625 0.912384375 0.47994375 0.9003 0.47832656250000005
21 0.9056984375000001 0.574065625 0.9041796874999999 0.5534859375 0.8874718749999999 0.542009375 0.8657296875 0.5414703125 0.8611875 0.5553171875 0.8631593750000001 0.5669546875 0.8716453124999999 0.5763828125 0.9056984375000001 0.574065625
21 0.9012625 0.5478828124999999 0.90989375 0.5291328125 0.8979968749999999 0.5111921875000001 0.8452640625000001 0.4903953125 0.8375375 0.49125781249999995 0.8301171875 0.5113531250000001 0.8395906249999999 0.5266015625 0.9012625 0.5478828124999999
21 0.8324203125 0.4784890625 0.8195781249999999 0.46658125000000006 0.8109046875000001 0.473478125 0.7929203125 0.5125390624999999 0.81231875 0.5340890625 0.8368171875 0.49282031249999997 0.8324203125 0.4784890625
21 0.7848859375 0.4941671875 0.76943125 0.49589062500000003 0.776640625 0.5558562499999999 0.7851281250000001 0.565284375 0.7993703125 0.5622140625000001 0.791440625 0.5038109375000001 0.7848859375 0.4941671875
21 0.7936640625 0.44724062499999995 0.8057078125 0.43700312500000005 0.7949015625 0.38485 0.7820578125 0.37294375 0.7748234375 0.376715625 0.77028125 0.3905609375 0.7815796875000001 0.4456234375 0.7936640625 0.44724062499999995
21 0.9042140625 0.3504234375 0.894328125 0.355971875 0.8838437499999999 0.3986421875 0.8889609374999999 0.4114109375 0.9061203125 0.41394374999999994 0.919975 0.3679328125 0.9042140625 0.3504234375
21 0.9466484375 0.39756562500000003 0.965925 0.38355625 0.96440625 0.3629765625 0.95591875 0.35354687500000004 0.9462609375 0.354625 0.9330453125 0.37536718750000003 0.9384281250000001 0.3955171875 0.9466484375 0.39756562500000003
21 0.9686578125 0.405484375 0.9565734375 0.40386875 0.9518046874999999 0.4221875 0.934871875 0.4151828125 0.9054015625 0.41550624999999997 0.8989265625 0.42956874999999994 0.899459375 0.44432968749999996 0.9050296875000001 0.44815625 0.955521875 0.4499328125 0.957640625 0.43339375 0.9733218750000001 0.42719687500000003 0.9686578125 0.405484375
21 0.8961703125 0.4713765625 0.9022328125 0.4781109375 0.912384375 0.47994375 0.9361390625 0.503971875 0.9470109375 0.5042421874999999 0.9507937500000001 0.4801046875 0.9393890624999999 0.46507343749999996 0.9171125 0.449771875 0.8937046875 0.45682968749999997 0.8961703125 0.4713765625
21 0.9503015625 0.47719531249999997 0.9539781250000001 0.4930890625 0.9865921875 0.493896875 0.992840625 0.4843078125 0.9881765625 0.46259531249999997 0.9591593749999999 0.45397499999999996 0.9434796875 0.4601703125 0.9430265625 0.4691140625 0.9503015625 0.47719531249999997
21 0.8295031249999999 0.47288593749999996 0.8389765625000001 0.48813281249999996 0.8498468750000001 0.4884015625 0.85465625 0.4819375 0.8555624999999999 0.46405 0.8433984375 0.438728125 0.8301015625 0.4357640625 0.825065625 0.44670156250000004 0.8295031249999999 0.47288593749999996
21 0.7859765624999999 0.45995468749999996 0.7932921875 0.4798890625 0.8015125 0.4819375 0.8137812500000001 0.467228125 0.8253734375 0.4659359375 0.822640625 0.44400781250000004 0.8035500000000001 0.441690625 0.78715 0.44944843749999996 0.7859765624999999 0.45995468749999996
21 0.7496703124999999 0.3676640625 0.7460734375 0.3754765625 0.761890625 0.480428125 0.7684453125 0.49007187500000005 0.7793171875 0.4903421875 0.7860578125 0.4836609375 0.7840453125 0.4601703125 0.767815625 0.3760140625 0.7612609375 0.3663703125 0.7496703124999999 0.3676640625
21 0.797809375 0.5297796875 0.8032328124999999 0.5617828125 0.8138781249999999 0.5665234375 0.833421875 0.559896875 0.8389515624999999 0.55186875 0.8335687500000001 0.53171875 0.8275062500000001 0.5249843750000001 0.8115984375 0.5356515625 0.797809375 0.5297796875
21 1 0.5425796875 0.992775 0.5361906249999999 0.9850484375 0.537053125 0.9766421875000001 0.5513296875 0.9791078125 0.5658765625 0.9875937499999999 0.5753046875 0.9999046875 0.57245 1 0.572303125 1 0.5425796875
21 0.972859375 0.5754671874999999 0.9795999999999999 0.5687859375000001 0.96636875 0.5139390625 0.9578828125 0.5045109375 0.944359375 0.5060203125 0.9407625 0.51383125 0.9549796875000001 0.574496875 0.972859375 0.5754671874999999
21 0.91126875 0.5778921875 0.9337296875 0.5768671875 0.9520625 0.56889375 0.9425484375 0.54179375 0.9036859375 0.5505765625000001 0.91126875 0.5778921875
21 0.863515625 0.45871562499999996 0.85628125 0.46248750000000005 0.8542046875 0.4908796875 0.8709109375 0.50235625 0.892428125 0.5073671875 0.8952249999999999 0.4774109375 0.863515625 0.45871562499999996
21 0.829140625 0.366209375 0.8162968749999999 0.3543015625 0.8051984375 0.35850468750000003 0.7983125 0.3933625 0.8050937499999999 0.3985359375 0.8280078124999999 0.38856718749999997 0.829140625 0.366209375
21 0.7714531250000001 0.38005468750000004 0.78255 0.375853125 0.796340625 0.381725 0.8059593749999999 0.36879531249999997 0.80349375 0.3542484375 0.7950062499999999 0.3448203125 0.7834156250000001 0.3461125 0.7668296875 0.37019531250000004 0.7714531250000001 0.38005468750000004
21 0.8764484375 0.355003125 0.8611812499999999 0.3404015625 0.8312984374999999 0.361521875 0.8340296875 0.38344999999999996 0.844675 0.388190625 0.87675625 0.3742359375 0.8764484375 0.355003125
21 0.8458875000000001 0.3895375 0.831871875 0.38813749999999997 0.800284375 0.40499999999999997 0.8088515624999999 0.438134375 0.8482078124999999 0.43226250000000005 0.8807812500000001 0.42121718750000003 0.8833921874999999 0.40758593750000005 0.8770234374999999 0.3816171875 0.871453125 0.3777921875 0.8458875000000001 0.3895375
21 0.9622390624999999 0.5069890625 0.96758125 0.5152859375000001 0.9803843750000001 0.515340625 0.9871265625 0.5086593749999999 0.980078125 0.49610624999999997 0.9578421875 0.49265781249999996 0.9498890624999999 0.49799218749999996 0.9520875 0.5051578125 0.9622390624999999 0.5069890625
21 0.8995312500000001 0.6073625 0.899571875 0.619215625 0.9195437500000001 0.66738125 0.9256062500000001 0.674115625 0.9340531249999999 0.6716921874999999 0.9422328125 0.6618859375 0.9417 0.6471234375 0.9178640625 0.5993890625 0.9084312499999999 0.59599375 0.8995312500000001 0.6073625
21 0.8117765625000001 0.6586531250000001 0.8213953125 0.6457234374999999 0.8189296875000001 0.6311765625 0.8080171875 0.6190546875 0.7988515625 0.623040625 0.7948015625 0.639796875 0.7987062500000001 0.65121875 0.8117765625000001 0.6586531250000001
21 0.8165046874999999 0.6284828124999999 0.828403125 0.6464234375 0.8354109375000001 0.6471234375 0.8477203125000001 0.64426875 0.850825 0.6335468750000001 0.8444953125 0.61943125 0.8253640624999999 0.6052609375 0.815025 0.6197546875 0.8165046874999999 0.6284828124999999
21 0.8379562500000001 0.6853765625 0.842271875 0.6760015625 0.8388203125 0.6556359375 0.8245390625000001 0.6468546875000001 0.8144265624999999 0.656875 0.8171593749999999 0.6788031250000001 0.8275781249999999 0.6880171875000001 0.8379562500000001 0.6853765625
21 0.8216359375 0.716840625 0.843046875 0.76188125 0.8565703125 0.7603734375 0.8613796875 0.7539078124999999 0.8579281249999999 0.7335421875 0.84280625 0.6907640625 0.8333734375 0.6873703124999999 0.819171875 0.70229375 0.8216359375 0.716840625
21 0.8169890625 0.7707171875000001 0.82354375 0.7803625000000001 0.8397578125 0.788928125 0.8435812500000001 0.7766437500000001 0.8420609375 0.7560625 0.83308125 0.743725 0.8195593750000001 0.745234375 0.8145234374999999 0.7561703125 0.8169890625 0.7707171875000001
21 0.8404515625 0.8511031250000001 0.8484453125 0.8576218750000001 0.8549609374999999 0.8554125000000001 0.8617015625000001 0.8487312499999999 0.8626078125 0.8308453124999999 0.84316875 0.797440625 0.82354375 0.7803625000000001 0.8127531250000001 0.8037984375 0.8404515625 0.8511031250000001
21 0.9103937500000001 0.7469578125 0.9240625 0.717271875 0.9293234375000001 0.7018625000000001 0.923221875 0.683275 0.9062875 0.6762718750000001 0.8881171875 0.73165625 0.8556640625 0.7782609375 0.8644187499999999 0.7950703125 0.8731312499999999 0.8000265625 0.897896875 0.7661374999999999 0.9031593750000001 0.7507296875 0.9103937500000001 0.7469578125
21 0.9069984375000001 0.814034375 0.9325234375000001 0.7904359375000001 0.9261546875000001 0.7644671875 0.9157359375 0.7552546875 0.8793796875 0.7904359375000001 0.8847625000000001 0.8105859375 0.8908250000000001 0.817321875 0.9069984375000001 0.814034375
21 0.9377453125 0.763175 0.950121875 0.7084359375 0.9430734375000001 0.6958828125000001 0.930003125 0.688446875 0.9293234375000001 0.7018625000000001 0.9130453125000001 0.7451796875000001 0.92009375 0.7577328125 0.9377453125 0.763175
16 1 0.7667437500000001 0.9898640625 0.745503125 0.964896875 0.7201265625 0.9593671875 0.7281546875 0.9656968750000001 0.7422703125 0.9677093749999999 0.7657609375 0.9983671875000001 0.8305203125 1 0.830815625 1 0.7667437500000001
21 0.8892093750000001 0.6974453125 0.878790625 0.6882312500000001 0.8483750000000001 0.6945890625 0.8550109375 0.7279390625 0.874821875 0.7286937499999999 0.88713125 0.7258375 0.8892093750000001 0.6974453125
21 0.9437515624999999 0.6824671875 0.9530390625 0.7140390625 0.960765625 0.7131765624999999 0.9749671875000001 0.698253125 0.976140625 0.687746875 0.97318125 0.670290625 0.9627625 0.661078125 0.953596875 0.6650640625 0.9437515624999999 0.6824671875
21 0.9713546875000001 0.630475 0.96570625 0.60294375 0.9258578125 0.6059078125 0.927109375 0.6191078125 0.9397265625 0.6354859375 0.9602171875 0.622825 0.9713546875000001 0.630475
21 0.9927015625 0.7274 0.994553125 0.703478125 0.98855625 0.6448609375000001 0.9723421875 0.63629375 0.9682921875 0.65305 0.976140625 0.687746875 0.9737953125000001 0.708759375 0.9927015625 0.7274
16 0.9701437500000001 0.629128125 0.9640812499999999 0.62239375 0.9452562500000001 0.6274578125 0.9382890625 0.6386109375 0.943178125 0.6558515625 0.940834375 0.6768640625 0.9466296875 0.6762171875 0.9482953125 0.6686203125 0.9673453125 0.6590843750000001 0.972115625 0.640765625 0.9701437500000001 0.629128125
21 1 0.6519625 0.9887812500000001 0.6403890624999999 0.99159375 0.6860234375 1 0.6986984374999999 1 0.6519625
21 1 0.8332078125000001 0.9788875000000001 0.7852640625 0.9704 0.7758359375 0.9578640625 0.7831625 0.9557453125 0.799703125 0.9781437499999999 0.8505640624999999 0.996021875 0.8515328125 1 0.8398859375000001 1 0.8332078125000001
21 0.867990625 0.8509953124999999 0.875984375 0.8575140625 0.970415625 0.8514250000000001 0.9713218749999999 0.8335375 0.9623421875 0.8211999999999999 0.954121875 0.819153125 0.869575 0.8196921875 0.8645390624999999 0.8306296874999999 0.867990625 0.8509953124999999
21 0.9325640625 0.8022890625000001 0.9386265625 0.8090234374999999 0.9490046875000001 0.806384375 0.9552531249999999 0.79679375 0.9522953125000001 0.7793375 0.9457390625000001 0.76969375 0.9375203125 0.767646875 0.9310453125 0.7817078125 0.9325640625 0.8022890625000001
21 1 0.8316953125 0.9716125 0.7771828125 0.9598609375 0.7310640625 0.948003125 0.7249765625 0.9420624999999999 0.7538 0.953240625 0.773303125 0.95915625 0.8082156250000001 0.9781437499999999 0.8505640624999999 0.996021875 0.8515328125 1 0.845428125 1 0.8316953125
21 0.9523906249999999 0.8786328125 0.9446640625 0.8794953124999999 0.9396281249999999 0.8904328125 0.92195 0.948728125 0.955284375 0.9479734375 0.9662203125 0.896359375 0.9523906249999999 0.8786328125
21 0.993759375 0.8962515625 0.9789828125 0.884559375 0.9693250000000001 0.8856375 0.9586546874999999 0.9446328125000001 0.9881249999999999 0.9443093749999999 0.9962640625000001 0.92265 0.993759375 0.8962515625
21 0.8620890625 0.8916718749999999 0.8517515625 0.9061640625 0.854709375 0.9236203125 0.860771875 0.9303546875 0.8972906249999999 0.9425859375 0.8746671875 0.896196875 0.8620890625 0.8916718749999999
21 0.8880437499999999 0.9228671875 0.9042984374999999 0.9432859375 0.91009375 0.9426390625 0.9154359375000001 0.9509359375 0.92195 0.948728125 0.927665625 0.9243750000000001 0.89879375 0.8875765624999999 0.889134375 0.8886546875000001 0.8812218749999999 0.9058406250000001 0.8880437499999999 0.9228671875
21 0.8946390624999999 0.9443640625 0.8709234374999999 0.9321875000000001 0.8586546875 0.9468953125 0.8613453124999999 0.9569703125 0.8953984374999999 0.9546546875 0.89876875 0.9513140625000001 0.8946390624999999 0.9443640625
16 0.7427859375 0.9716796875 0.7570281249999999 0.9686078124999999 0.7567625 0.9612265624999999 0.7406937499999999 0.9244828125 0.7288359375 0.9183953125000001 0.7247453125 0.9232984375 0.7326343750000001 0.969846875 0.7427859375 0.9716796875
21 0.751871875 0.9439859374999999 0.7657015625 0.9617125 0.770284375 0.9597187500000001 0.78035625 0.9378453125 0.778384375 0.9262078125000001 0.767471875 0.9140843750000001 0.7558812500000001 0.9153781249999999 0.750353125 0.92340625 0.751871875 0.9439859374999999
21 0.8239218749999999 0.962628125 0.82195 0.950990625 0.8134625 0.9415625000000001 0.781075 0.9362828125 0.777971875 0.947003125 0.78744375 0.9622515625 0.7998796875 0.9659421874999999 0.8239218749999999 0.962628125
20 0.599259375 0.9610125 0.6135015625 0.957940625 0.6175921875 0.9530375 0.6161125000000001 0.9443109375000001 0.60569375 0.9350968749999999 0.5873625 0.9430703125000001 0.58766875 0.9623046875 0.599259375 0.9610125
20 0.6495921874999999 0.9153781249999999 0.6455828125 0.9439875000000001 0.6480484375 0.9585343749999999 0.6623296875 0.967315625 0.6727078125 0.9646750000000001 0.6740265625 0.9259921875 0.6495921874999999 0.9153781249999999
21 0.6172203125 0.9856875 0.635325 0.9821859375 0.6330859375 0.9631671875000001 0.6270249999999999 0.9564328124999999 0.5999796875000001 0.95945 0.5963828125 0.9672625 0.601271875 0.984503125 0.6172203125 0.9856875
21 0.59494375 0.9703859375 0.5869500000000001 0.9638671875 0.5771046875 0.9812703125000001 0.5806390625 0.9883859375 0.5972999999999999 0.987996875 0.5998328125 0.987628125 0.59494375 0.9703859375
20 0.64011875 0.9001312499999999 0.6491234375 0.8487328125 0.6476453125 0.8400046874999999 0.63529375 0.8310062500000001 0.61484375 0.8555203125 0.6159109375 0.8850453125 0.625384375 0.9002921875000001 0.64011875 0.9001312499999999
21 0.79339375 0.7941 0.7981640624999999 0.7757828124999999 0.791115625 0.7632296875 0.7809640625000001 0.761396875 0.7764203125 0.77524375 0.7783921874999999 0.78688125 0.7849484375 0.796525 0.79339375 0.7941
21 0.7805265625 0.8459296875 0.7921171874999999 0.8446374999999999 0.7963921875 0.823409375 0.7893453125 0.81085625 0.7811250000000001 0.808809375 0.7805265625 0.8459296875
21 0.659803125 0.6504109375 0.655259375 0.6642578125 0.6626546875 0.707896875 0.67065 0.7144171874999999 0.682959375 0.7115609375 0.6711671875 0.6535890625 0.659803125 0.6504109375
21 0.5578453125 0.7166265625 0.5666390625 0.7452890625 0.58451875 0.7462578125 0.594403125 0.740709375 0.5960687499999999 0.7331125000000001 0.5892062499999999 0.704234375 0.5807203125 0.69480625 0.5710609375 0.6958828125000001 0.5578453125 0.7166265625
20 0.5768718749999999 0.7708265625 0.5810421875 0.7896296875 0.5983890625 0.7758359375 0.6153625 0.79469375 0.623809375 0.7922687500000001 0.63005625 0.7826796875 0.62660625 0.7623140625 0.617625 0.749975 0.59686875 0.75525625 0.5768718749999999 0.7708265625
21 0.6926249999999999 0.9253984375 0.684896875 0.9262609375 0.6803546875 0.9401078125 0.6852453125 0.9573484375 0.708959375 0.969525 0.70304375 0.9346125000000001 0.6926249999999999 0.9253984375
21 0.72065625 0.9282 0.709065625 0.92949375 0.70546875 0.93730625 0.711384375 0.97221875 0.7326343750000001 0.969846875 0.7267187500000001 0.9349359375 0.72065625 0.9282
21 0.6611578125 0.9778218750000001 0.6616109375 0.968878125 0.650965625 0.9641375 0.6419453125000001 0.9399453125000001 0.6195234375 0.9528234375 0.6335796874999999 0.9660765625 0.6411203125 0.9815390624999999 0.6611578125 0.9778218750000001
21 0.9345515625 0.8895171875000001 0.9229609375000001 0.8908093750000001 0.9184187500000001 0.90465625 0.9228156249999999 0.9189875000000001 0.929596875 0.924159375 0.9386828125 0.8964671875000001 0.9345515625 0.8895171875000001
21 0.8206906249999999 0.7228749999999999 0.819171875 0.70229375 0.8268578124999999 0.6895796875 0.8188640625 0.683059375 0.803409375 0.684784375 0.8037578125 0.7158703125 0.8078875 0.722821875 0.8206906249999999 0.7228749999999999
21 0.8501453124999999 0.6469625 0.8421921875 0.6522953125 0.8403 0.6643640625 0.8449640625000001 0.6860765625 0.8901546874999999 0.6914109374999999 0.8873828125 0.6576296875 0.8501453124999999 0.6469625
21 0.8954421874999999 0.612265625 0.85438125 0.61388125 0.8498374999999999 0.627728125 0.8564343750000001 0.649225 0.8967750000000001 0.6491703125 0.90396875 0.6335468750000001 0.8954421874999999 0.612265625
21 0.88958125 0.6647953125 0.89159375 0.6882859375 0.8998140625 0.6903328125 0.9062875 0.6762718750000001 0.9185984375 0.673415625 0.915640625 0.655959375 0.9090859375000001 0.646315625 0.8994265625000001 0.64739375 0.88958125 0.6647953125
21 0.8180390624999999 0.724653125 0.8101265625 0.7418390625 0.8164953125000001 0.7678078125 0.825475 0.780146875 0.8392640625000001 0.78601875 0.8435812500000001 0.7766437500000001 0.8420609375 0.7560625 0.8323625 0.7452875 0.827965625 0.73095625 0.8180390624999999 0.724653125
20 0.8560296875000001 0.5306953125 0.8396296875000001 0.538453125 0.837471875 0.543140625 0.8481984375 0.5715874999999999 0.8622140625 0.5729890625 0.8664484375000001 0.5399078125 0.8560296875000001 0.5306953125
21 0.8107749999999999 0.5772453125 0.8467593750000001 0.5747125 0.8472125 0.5657687499999999 0.84065625 0.556125 0.8066437499999999 0.5702953125 0.8107749999999999 0.5772453125
20 0.88359375 0.46685156250000004 0.8888546875 0.4514421875 0.8788890625000001 0.4332859375 0.8701765625 0.42832968749999994 0.8467687500000001 0.43538750000000004 0.85628125 0.46248750000000005 0.861584375 0.45893125 0.88359375 0.46685156250000004
21 0.9751625 0.5426015625 0.9809578125 0.5419562499999999 0.9954265625 0.5344125 0.9888312499999999 0.512915625 0.9692875000000001 0.5195421875 0.9751625 0.5426015625
20 0.6626984375 0.36550937499999997 0.650921875 0.3831265625 0.6637 0.4469171875 0.6770765625 0.47358593750000005 0.6918124999999999 0.47342500000000004 0.73381875 0.46577343750000005 0.7195609375 0.3932546875 0.7127390625000001 0.3762296875 0.7047453124999999 0.3697109375 0.6626984375 0.36550937499999997
20 0.5323625 0.3978359375 0.5178546875000001 0.393525 0.51039375 0.40176875 0.5099812499999999 0.422565625 0.5211187500000001 0.43021562500000005 0.5394515625 0.42224218750000003 0.5323625 0.3978359375
20 0.5686140625 0.40268437500000004 0.5973640625 0.40392343750000004 0.591715625 0.3763921875 0.5605796875 0.3843125 0.5630453125 0.398859375 0.5686140625 0.40268437500000004
20 0.532046875 0.517928125 0.5406390625 0.48732499999999995 0.51725625 0.430646875 0.4995625 0.41335156250000005 0.49547187499999995 0.4182546875 0.5009359375 0.4621109375 0.5218953125 0.5160953125 0.532046875 0.517928125
20 0.5190578125 0.5341984375 0.522428125 0.5308578125000001 0.517990625 0.5046734374999999 0.5109421875 0.4921203125 0.505146875 0.4927671875 0.5084125 0.5294578125 0.5125421875 0.5364078125 0.5190578125 0.5341984375
20 0.555228125 0.515340625 0.5834046875000001 0.48996562499999996 0.5821531249999999 0.47676562499999997 0.578515625 0.47272499999999995 0.5616218749999999 0.4775734375 0.536815625 0.499609375 0.5487140625 0.5175500000000001 0.555228125 0.515340625
20 0.568378125 0.5464828125000001 0.5741734375 0.5458359374999999 0.602578125 0.5159875 0.58726875 0.489534375 0.555228125 0.515340625 0.568378125 0.5464828125000001
20 0.6407453125 0.44503125 0.6299140624999999 0.45661562499999997 0.6299953125 0.48032031249999996 0.6414 0.495353125 0.6561343749999999 0.49519062500000005 0.6640875 0.48985781250000004 0.6666984375 0.47622656250000006 0.6593843749999999 0.4562921875 0.650896875 0.44686250000000005 0.6407453125 0.44503125
21 0.64289375 0.5796703125 0.6491421875000001 0.5700796875 0.6306890625 0.5424953125 0.6262921875 0.5281640624999999 0.619284375 0.5274640625 0.61618125 0.5381843749999999 0.6255078125 0.581609375 0.64289375 0.5796703125
21 0.43010468749999997 0.65973125 0.44003125 0.6660359375 0.452340625 0.6631796875 0.452753125 0.6423828125 0.42630625 0.6082796874999999 0.4205109375 0.6089265625 0.4280515625 0.6243890624999999 0.42669375 0.65121875 0.43010468749999997 0.65973125
21 1 0.35292500000000004 0.9989125 0.35171562500000003 0.9969796875 0.35193125 0.9945546875 0.3492375 0.9829640625 0.3505296875 0.9800875 0.3567796875 0.9781546875 0.3569953125 0.9774359374999999 0.3585578125 0.9794078125000001 0.37019531250000004 0.9818328125000001 0.3728890625 0.9833125 0.3816171875 0.9869484375 0.3856578125 1 0.38420156250000004 1 0.35292500000000004
21 1 0.39013125 0.9995265625 0.39018437499999997 0.9971015624999999 0.387490625 0.9893734375 0.38835156249999997 0.9869484375 0.3856578125 0.9847906249999999 0.3903453125 0.9887359375000001 0.4136203125 0.9923718750000001 0.4176609375 1 0.41681093750000003 1 0.39013125