6 0 0 0 0.5796875 0.5390625 0.5796875 0.5390625 0.06458125 0.459296875 0 0 0
7 0.15341875 0.4414140625 0.178790625 0.47553437499999995 0.19207812500000002 0.473909375 0.2017453125 0.45766406249999997 0.199328125 0.4414140625 0.18604062500000002 0.42354375 0.171540625 0.41054375 0.16670625 0.41054375 0.15341875 0.42841874999999996 0.15341875 0.4414140625
6 0.5390625 1 0.5390625 0.5796875 0.4599203125 0.5796875 0.44603281250000004 0.600628125 0.44362812500000004 0.6069453125 0.44603281250000004 0.61641875 0.4376171875 0.627471875 0.42800000000000005 0.6306296875 0.4267984375 0.6195765625 0.41116875 0.592734375 0.4015515625 0.589575 0.375103125 0.592734375 0.3651703125 0.5796875 0.2536796875 0.5796875 0.2536796875 0.587996875 0.2777234375 0.638525 0.2753203125 0.648 0.27892656250000003 0.6527359374999999 0.28133125 0.649578125 0.30176875000000003 0.6827375 0.28974687499999996 0.6922125 0.28133125 0.7127390625000001 0.2572859375 0.7222125 0.2368484375 0.7458984375 0.232040625 0.7806375 0.22362500000000002 0.791690625 0.18275 0.804321875 0.17192968749999998 0.8153750000000001 0.17192968749999998 0.82485 0.181546875 0.843796875 0.17914375 0.8627453125000001 0.181546875 0.8943265625000001 0.19958125 0.9180109375000001 0.2380515625 0.9243281250000001 0.239253125 0.9606453125 0.2548828125 0.9685406249999999 0.26089375000000004 0.9827515625000001 0.2780671875 1 0.5390625 1
3 0.3282171875 0.7016859375 0.36788906250000003 0.6653687500000001 0.37029375 0.6748421875 0.4015515625 0.6748421875 0.40996718750000005 0.66063125 0.412371875 0.644840625 0.36527656249999996 0.5796875 0.2525828125 0.5796875 0.251275 0.5848390625000001 0.296959375 0.6732640625 0.3029703125 0.681159375 0.32220624999999997 0.6906328125 0.321003125 0.6985281249999999 0.3282171875 0.7016859375
3 0.3234078125 0.8469562500000001 0.3185984375 0.8595875 0.3258125 0.8690625000000001 0.3474515625 0.8343234374999999 0.3606765625 0.79800625 0.391934375 0.7948484375 0.3967421875 0.8011640625 0.40034843750000004 0.7964265625 0.412371875 0.7395828125 0.412371875 0.7301078125 0.4015515625 0.7064234375 0.36788906250000003 0.693790625 0.3390359375 0.693790625 0.321003125 0.71431875 0.3185984375 0.8059015625000001 0.3234078125 0.82485 0.3234078125 0.8469562500000001
3 0.232040625 0.8690625000000001 0.23444531249999997 0.8343234374999999 0.2212203125 0.8232703125 0.19958125 0.826428125 0.18635625 0.8406390625 0.17914375 0.8595875 0.1767390625 0.8722203125 0.1839515625 0.9006421874999999 0.19236718749999998 0.9116953125 0.2043890625 0.9180109375000001 0.23444531249999997 0.9164328125000001 0.2416578125 0.9101171875 0.232040625 0.8690625000000001
3 0.3112171875 1 0.3318234375 0.9843296875 0.3726984375 0.9716984375 0.3811140625 0.9606453125 0.38351875 0.9480124999999999 0.3811140625 0.913275 0.34625 0.8959046875000001 0.32941875 0.8959046875000001 0.3125875 0.9085375000000001 0.29455468749999997 0.93538125 0.2873421875 0.9669609375 0.29215 0.992225 0.2997609375 1 0.3112171875 1
16 0.28974687499999996 0.9480124999999999 0.313790625 0.9006421874999999 0.29455468749999997 0.831165625 0.283734375 0.8169546875 0.259690625 0.8169546875 0.24045624999999998 0.8295859374999999 0.232040625 0.8406390625 0.232040625 0.8690625000000001 0.263296875 0.9764359375 0.27171249999999997 0.990646875 0.28974687499999996 0.992225 0.2873421875 0.97959375 0.28974687499999996 0.9480124999999999
13 0.4881109375 0.7316874999999999 0.4496390625 0.7506359375 0.4292015625 0.7869531249999999 0.4267984375 0.8059015625000001 0.436415625 0.8280078124999999 0.432809375 0.8485343750000001 0.40876406249999997 0.84221875 0.40395624999999996 0.83274375 0.3979453125 0.8343234374999999 0.399146875 0.84221875 0.3847203125 0.83274375 0.3811140625 0.8374812500000001 0.3859234375 0.8501140625 0.3811140625 0.8564296875 0.3811140625 0.865903125 0.39073125000000003 0.8753781249999999 0.38832656249999997 0.888009375 0.39073125000000003 0.913275 0.38351875 0.9164328125000001 0.38351875 0.9385390625 0.391934375 0.9653828125 0.41116875 0.9622234375 0.432809375 0.9653828125 0.43882031250000003 0.9574875 0.4376171875 0.95275 0.42559531249999993 0.9559078124999999 0.414775 0.9448546875 0.4304046875 0.9401171875 0.4352125 0.9243281250000001 0.44122500000000003 0.9290640625 0.436415625 0.9416968750000001 0.44002187499999995 0.95275 0.44603281250000004 0.9511703125000001 0.44362812500000004 0.9385390625 0.4472359375 0.936959375 0.468875 0.9622234375 0.47368437500000005 0.9622234375 0.4833015625 0.9843296875 0.494121875 0.985909375 0.5085484375 0.9701187499999999 0.5157609375 0.9448546875 0.518165625 0.9069578125 0.5109515625000001 0.8722203125 0.4881109375 0.8390609375 0.4821 0.8374812500000001 0.4821 0.831165625 0.49291875 0.8295859374999999 0.4965265625 0.8122171874999999 0.5073453125 0.79800625 0.522975 0.7901109374999999 0.525378125 0.7711625 0.5121546875 0.747478125 0.4881109375 0.7316874999999999
13 0.4451609375 1 0.44362812500000004 0.985909375 0.4376171875 0.9780140625 0.42800000000000005 0.9780140625 0.41357343750000003 0.9653828125 0.3799109375 0.9843296875 0.36788906250000003 0.9780140625 0.3486546875 0.9780140625 0.3125875 0.9969625000000001 0.31027499999999997 1 0.4451609375 1
3 0.40756249999999994 0.755371875 0.40034843750000004 0.8059015625000001 0.4267984375 0.8153750000000001 0.4267984375 0.79326875 0.436415625 0.7711625 0.45204374999999997 0.747478125 0.4664703125 0.7411609375 0.477290625 0.720634375 0.477290625 0.71431875 0.4616625 0.7001062499999999 0.44483125 0.693790625 0.42800000000000005 0.693790625 0.415978125 0.7001062499999999 0.40756249999999994 0.711159375 0.412371875 0.72695 0.412371875 0.7458984375 0.40756249999999994 0.755371875
13 0.3654859375 0.7948484375 0.3570703125 0.8059015625000001 0.34504687500000003 0.8406390625 0.3185984375 0.8816937499999999 0.3161953125 0.9006421874999999 0.32220624999999997 0.9022218750000001 0.3270140625 0.8959046875000001 0.3486546875 0.8959046875000001 0.36308125 0.9053796875 0.3811140625 0.9038 0.38832656249999997 0.8753781249999999 0.378709375 0.865903125 0.378709375 0.8564296875 0.38351875 0.8501140625 0.378709375 0.8374812500000001 0.387125 0.826428125 0.41357343750000003 0.8295859374999999 0.42559531249999993 0.8390609375 0.432809375 0.8390609375 0.43401093749999997 0.831165625 0.42559531249999993 0.8169546875 0.4063609375 0.8106375 0.3895296875 0.7948484375 0.3654859375 0.7948484375
13 0.2500734375 0.7285296875 0.23444531249999997 0.7522140625 0.23444531249999997 0.7806375 0.2284328125 0.78853125 0.17553593750000002 0.8074796875000001 0.17192968749999998 0.8122171874999999 0.17192968749999998 0.831165625 0.1839515625 0.843796875 0.19477187499999998 0.8295859374999999 0.20679375000000003 0.8232703125 0.22362500000000002 0.8232703125 0.2380515625 0.8295859374999999 0.2572859375 0.8169546875 0.27892656250000003 0.8137968750000001 0.305375 0.7948484375 0.321003125 0.7711625 0.3185984375 0.7080015625 0.3113859375 0.6858953125 0.293353125 0.687475 0.283734375 0.7127390625000001 0.2693078125 0.715896875 0.2500734375 0.7285296875
6 1 0.5796875 0.5390625 0.5796875 0.5390625 1 1 1 1 0.5796875