6 0.5968828125 0.157190625 0.60576875 0.0771671875 0.550221875 0.10384062499999999 0.504675 0.065496875 0.46357187499999997 0.0204828125 0.41135781250000003 0.0288171875 0.3669203125 0.0755 0.30693125 0.1371828125 0.2347203125 0.1755265625 0.162509375 0.1988703125 0.15584375 0.2872265625 0.281378125 0.410596875 0.3980265625 0.50729375 0.546890625 0.628996875 0.6802015625 0.600653125 0.7335265625 0.5323 0.8057359375 0.47395 0.8468406249999999 0.39892656249999997 0.7868515625 0.313903125 0.745746875 0.1872 0.7068640625 0.10384062499999999 0.643540625 0.128846875 0.5968828125 0.157190625
16 0.611328125 0.45556718749999997 0.6171859375000001 0.47607343750000003 0.6132828124999999 0.5258796875 0.6259750000000001 0.5712906249999999 0.6357421875 0.5800765625000001 0.6513671875 0.5771499999999999 0.6611328125 0.5859359375000001 0.669921875 0.587403125 0.6767578125 0.5830062500000001 0.681640625 0.572753125 0.6796859375000001 0.5405265625 0.685546875 0.514159375 0.685546875 0.48486406249999997 0.6757828124999999 0.43505937499999997 0.673828125 0.39404374999999997 0.6591796875 0.366209375 0.6357421875 0.3632796875 0.6171859375000001 0.39697343749999997 0.609375 0.42040937500000003 0.611328125 0.45556718749999997
14 0.2392578125 0.1875 0.224609375 0.21240312499999997 0.2402328125 0.26806718749999997 0.27734375 0.33252031249999997 0.3007828125 0.36181718749999997 0.333009375 0.2636734375 0.3681640625 0.2841796875 0.375 0.28271406250000003 0.3652328125 0.24462968749999997 0.3847671875 0.22119062500000003 0.3847671875 0.21240312499999997 0.373046875 0.1889640625 0.3408203125 0.1406265625 0.33105625 0.1347671875 0.313475 0.143553125 0.2607421875 0.196290625 0.2392578125 0.1875
14 0.37890625 0.35302656250000003 0.3632828125 0.39990312499999997 0.3642578125 0.4072265625 0.3818359375 0.404296875 0.4033203125 0.42187656249999994 0.41894375000000006 0.404296875 0.44042812500000006 0.4013671875 0.45995937500000006 0.4130859375 0.46875156249999994 0.42627031249999997 0.47070156250000006 0.4379859375 0.478515625 0.44091718750000003 0.4853515625 0.4306640625 0.5107421875 0.4365234375 0.517578125 0.41747968750000003 0.515625 0.40283281249999997 0.4951171875 0.383790625 0.4697265625 0.375 0.44042812500000006 0.3515640625 0.4326171875 0.3515640625 0.39355625 0.331053125 0.3847671875 0.33544999999999997 0.3847671875 0.34716718750000003 0.37890625 0.35302656250000003
14 0.5703140624999999 0.26806718749999997 0.525390625 0.35595625000000003 0.525390625 0.37646406250000003 0.5322265625 0.38965 0.5400406249999999 0.3984359375 0.5576171875 0.4013671875 0.568359375 0.40869062500000003 0.58203125 0.38818281250000003 0.580078125 0.36767656249999997 0.583984375 0.35302656250000003 0.5927734375 0.3427734375 0.6162109375 0.3427734375 0.640625 0.29736406249999997 0.638671875 0.26806718749999997 0.6318359375 0.2548828125 0.6142578125 0.237303125 0.5927734375 0.237303125 0.5869140625 0.2431640625 0.5703140624999999 0.26806718749999997
16 0.5322265625 0.331053125 0.537109375 0.32959062499999997 0.55859375 0.29150312500000003 0.5722671874999999 0.25634687500000003 0.5722671874999999 0.24169999999999997 0.5625 0.21533281249999997 0.5625 0.20947343749999997 0.5537109375 0.196290625 0.5419906250000001 0.1875 0.5332015625000001 0.197753125 0.498046875 0.25634687500000003 0.498046875 0.27392656249999997 0.50390625 0.29150312500000003 0.5322265625 0.331053125
14 0.5625 0.21240312499999997 0.568359375 0.22412031250000003 0.5703140624999999 0.23584062499999997 0.5771484375 0.2490234375 0.5810562499999999 0.2490234375 0.5908203125 0.237303125 0.5947265625 0.237303125 0.5966796875 0.2343765625 0.6083984375 0.2343765625 0.6103515625 0.237303125 0.6201171875 0.2402328125 0.6298828125 0.251953125 0.6367171875000001 0.25048593750000003 0.640625 0.24462968749999997 0.640625 0.22997968750000003 0.6347671874999999 0.20947343749999997 0.6240249999999999 0.1875 0.6005859375 0.17285 0.5869140625 0.17285 0.5849593750000001 0.1757796875 0.5732421875 0.178709375 0.564453125 0.1889640625 0.564453125 0.1948234375 0.5625 0.197753125 0.5625 0.21240312499999997
7 0.5507828124999999 0.1362296875 0.548828125 0.153809375 0.546875 0.1567359375 0.546875 0.1655265625 0.544921875 0.16845625 0.544921875 0.177246875 0.546875 0.18310625 0.5517578125 0.1875 0.56640625 0.1860359375 0.5712890625 0.178709375 0.5888671875 0.17285 0.5937515624999999 0.1655265625 0.5937515624999999 0.1567359375 0.5957015625000001 0.153809375 0.5937515624999999 0.1098640625 0.5849593750000001 0.10254062500000001 0.5673828125 0.099609375 0.564453125 0.1069328125 0.564453125 0.11279375 0.5546859375000001 0.1245140625 0.5507828124999999 0.1362296875
16 0.6992171875000001 0.27978593749999997 0.701171875 0.29150312500000003 0.708984375 0.30908281249999997 0.7187515624999999 0.35302656250000003 0.7216796875 0.3574234375 0.728515625 0.35595625000000003 0.7431640625 0.35449375 0.7607421875 0.3427734375 0.7666015625 0.3427734375 0.76953125 0.33837968749999997 0.76953125 0.32665937500000003 0.755859375 0.25634687500000003 0.75 0.24169999999999997 0.7197265625 0.193359375 0.7158203125 0.193359375 0.7041015625 0.20215 0.6992171875000001 0.2182640625 0.6992171875000001 0.27978593749999997
14 0.5244140625 0.5214828125000001 0.5302734375 0.5244140625 0.5478515625 0.5244140625 0.5498046875 0.52734375 0.5732421875 0.5302734375 0.5751953125 0.533203125 0.5937515624999999 0.5317359374999999 0.6064437500000001 0.5244140625 0.611328125 0.514159375 0.6132828124999999 0.48779374999999997 0.6064437500000001 0.47754062499999994 0.5888671875 0.46875 0.5556640625 0.46875 0.5341796875 0.45702968750000006 0.5244140625 0.45702968750000006 0.5166015625 0.462890625 0.5097671874999999 0.47607343750000003 0.5097671874999999 0.49365312499999997 0.5244140625 0.5214828125000001
25 0.400390625 0.47900312500000003 0.400390625 0.49072343749999997 0.41699062500000006 0.5068359375 0.4248046875 0.5097671874999999 0.4287109375 0.5156265624999999 0.4375 0.517090625 0.44531406249999994 0.502440625 0.44726718749999994 0.49365312499999997 0.46679843749999994 0.45849687499999997 0.47070156250000006 0.44677656250000003 0.47070156250000006 0.43212968749999997 0.45995937500000006 0.4130859375 0.4482421875 0.404296875 0.4248046875 0.4013671875 0.41504062499999994 0.4072265625 0.40820156250000006 0.41747968750000003 0.40820156250000006 0.44970625000000003 0.400390625 0.47900312500000003
13 0.45605624999999994 0.0322265625 0.4423828125 0.0263671875 0.4326171875 0.03515625 0.41504062499999994 0.0673828125 0.3994140625 0.043946875 0.3818359375 0.0468765625 0.376953125 0.054200000000000005 0.376953125 0.0922859375 0.3671859375 0.16845625 0.376953125 0.197753125 0.3876953125 0.2138671875 0.392578125 0.21240312499999997 0.4228515625 0.1875 0.4638671875 0.143553125 0.46679843749999994 0.1303703125 0.458984375 0.118653125 0.45995937500000006 0.11425624999999999 0.47949062500000006 0.123046875 0.49218593750000006 0.1098640625 0.494140625 0.1010734375 0.484375 0.060059375000000005 0.47949062500000006 0.052732812500000004 0.4697265625 0.049803125 0.45605624999999994 0.0322265625
25 0.4951171875 0.0820296875 0.49218593750000006 0.0864265625 0.494140625 0.104003125 0.5117171875000001 0.1362296875 0.52734375 0.18310625 0.5302734375 0.1875 0.537109375 0.1860359375 0.544921875 0.177246875 0.544921875 0.153809375 0.54296875 0.1508796875 0.541015625 0.1362296875 0.53515625 0.1215828125 0.53515625 0.1157234375 0.5292984374999999 0.1010734375 0.5292984374999999 0.0952140625 0.525390625 0.0864265625 0.5185562499999999 0.0791 0.5048828125 0.0761734375 0.4951171875 0.0820296875
14 0.3652328125 0.24755937499999997 0.37890625 0.28564375000000003 0.3867171875 0.28857343750000003 0.392578125 0.25927656250000003 0.4033203125 0.2343765625 0.4248046875 0.237303125 0.4482421875 0.2490234375 0.4638671875 0.231446875 0.4853515625 0.231446875 0.5292984374999999 0.19189375 0.5234375 0.1655265625 0.5009750000000001 0.11425624999999999 0.4951171875 0.11132656249999999 0.4873046875 0.11718593749999999 0.3652328125 0.24755937499999997
14 0.16796875 0.22119062500000003 0.1777328125 0.24462968749999997 0.18359375 0.26806718749999997 0.19140625 0.28271406250000003 0.193359375 0.29443281250000003 0.2041015625 0.3222671875 0.2421859375 0.32080000000000003 0.2421859375 0.31494062500000003 0.236328125 0.30615312499999997 0.234375 0.29736406249999997 0.236328125 0.27685624999999997 0.23046875 0.25927656250000003 0.23046875 0.24755937499999997 0.2265625 0.23877031249999997 0.22265625 0.2182640625 0.2119140625 0.1904296875 0.190428125 0.196290625 0.16796875 0.21533281249999997 0.16796875 0.22119062500000003