6 1 0.5074640625 0.9755859375 0.5057203125 0.9658203125 0.47781874999999996 0.9560546875 0.4708421875 0.9326171875 0.42550156250000004 0.9169921875 0.41155156249999997 0.8837890625 0.43596562499999997 0.8779296875 0.4220140625 0.8544921875 0.40108750000000004 0.8212890625 0.3976 0.7958984375 0.42899062499999996 0.7900390625 0.42550156250000004 0.7734375 0.38539375 0.779296875 0.37841874999999997 0.779296875 0.36446718749999996 0.767578125 0.350515625 0.7646484375 0.334821875 0.7236328125 0.3208703125 0.7080078125 0.3243578125 0.6826171875 0.348771875 0.6552734375 0.348771875 0.6376953125 0.331334375 0.6162109375 0.331334375 0.5869140625 0.3173828125 0.5654296875 0.3173828125 0.5126953125 0.3592359375 0.4873046875 0.345284375 0.482421875 0.3609796875 0.48046875 0.4167828125 0.4541015625 0.4220140625 0.4462890625 0.43596562499999997 0.4404296875 0.43596562499999997 0.4228515625 0.40108750000000004 0.4013671875 0.3801625 0.3662109375 0.3592359375 0.330078125 0.4132953125 0.330078125 0.4690984375 0.3251953125 0.48479374999999997 0.3017578125 0.48130625 0.2548828125 0.5092078124999999 0.2392578125 0.5022328125 0.2333984375 0.5161828125000001 0.2060546875 0.5161828125000001 0.1845703125 0.5545484375 0.1591796875 0.5719859375 0.1484375 0.59116875 0.138671875 0.629534375 0.125 0.6469734375 0.1220703125 0.6661546875 0.1044921875 0.68359375 0.078125 0.6818500000000001 0.0791015625 0.69405625 0.1015625 0.6992890625 0.0908203125 0.725446875 0.0771484375 0.7080078125 0.0654296875 0.7184703125 0.0498046875 0.7777624999999999 0 0.7795062500000001 0.0009765625 0.9974890625 0.345703125 0.9992328125000001 0.7958984375 0.9974890625 0.794921875 0.9713312500000001 0.7998046875 0.9626109375 0.8095703125 0.9521484375 0.8173828125 0.9661 0.8427734375 0.9626109375 0.857421875 0.9364531250000001 0.8564453125 0.924246875 0.8701171875 0.924246875 0.9013671875 0.9591234375000001 0.916015625 0.9329656249999999 0.90625 0.9120390625000001 0.9091796875 0.8614671875000001 0.9189453125 0.8649546875 0.9384765625 0.8510046875 0.9541015625 0.8614671875000001 1 0.8667 1 0.5074640625
7 0.154296875 0.7097515624999999 0.1552734375 0.721959375 0.173828125 0.737653125 0.185546875 0.7306781250000001 0.216796875 0.643484375 0.2119140625 0.6138390625000001 0.1904296875 0.6103515625 0.154296875 0.7097515624999999
17 0.2060546875 0.8614671875000001 0.19140625 0.8806499999999999 0.1787109375 0.931221875 0.1611328125 0.9486609375 0.1416015625 0.9486609375 0.138671875 0.9573796874999999 0.1396484375 0.9974890625 0.216796875 0.9992328125000001 0.2607421875 0.9974890625 0.29296875 0.9399421875 0.302734375 0.9120390625000001 0.30078125 0.8841374999999999 0.3046875 0.8736750000000001 0.2978515625 0.86844375 0.2880859375 0.88936875 0.2548828125 0.8858812500000001 0.2431640625 0.9068078125 0.2353515625 0.9068078125 0.2236328125 0.86844375 0.2060546875 0.8614671875000001
13 0.232421875 0.8980890625000001 0.2421875 0.9050640624999999 0.2568359375 0.87890625 0.2861328125 0.88936875 0.294921875 0.8736750000000001 0.306640625 0.8248468750000001 0.302734375 0.7829937499999999 0.2705078125 0.732421875 0.2568359375 0.7289343749999999 0.2470703125 0.739396875 0.2109375 0.8248468750000001 0.21484375 0.8527484375000001 0.228515625 0.8771625000000001 0.232421875 0.8980890625000001
13 0.1025390625 0.927734375 0.107421875 0.9259906250000001 0.12890625 0.8597234374999999 0.130859375 0.8039203125000001 0.13671875 0.7934578125 0.1259765625 0.7777624999999999 0.1142578125 0.7847375000000001 0.109375 0.7585796874999999 0.1025390625 0.7498609375 0.091796875 0.77601875 0.087890625 0.8318218749999999 0.072265625 0.8876250000000001 0.0966796875 0.9102953125000001 0.1025390625 0.927734375
13 0.185546875 0.8876250000000001 0.205078125 0.8597234374999999 0.2021484375 0.833565625 0.140625 0.8422859375 0.138671875 0.8841374999999999 0.150390625 0.9120390625000001 0.14453125 0.9329656249999999 0.1494140625 0.9451734374999999 0.16015625 0.9469171875000001 0.1796875 0.9259906250000001 0.185546875 0.8876250000000001
13 0.396484375 0.5004890625 0.4130859375 0.48828125 0.4541015625 0.49874375000000004 0.455078125 0.4621234375 0.4208984375 0.3976 0.3681640625 0.3557484375 0.341796875 0.39585625 0.3515625 0.4237578125 0.341796875 0.45166093749999997 0.318359375 0.490025 0.3310546875 0.5022328125 0.3525390625 0.48828125 0.396484375 0.5004890625
13 0.2763671875 0.544084375 0.2861328125 0.5684984375 0.31640625 0.5876812499999999 0.3408203125 0.5719859375 0.3642578125 0.526646875 0.3857421875 0.5405968750000001 0.390625 0.5074640625 0.3623046875 0.48828125 0.3330078125 0.5057203125 0.3017578125 0.48130625 0.2646484375 0.49874375000000004 0.255859375 0.5109515625000001 0.255859375 0.5388531249999999 0.2607421875 0.547571875 0.2763671875 0.544084375
13 0.412109375 0.6051203125 0.41796875 0.6469734375 0.431640625 0.6469734375 0.44140625 0.6330218750000001 0.4375 0.6051203125 0.44140625 0.59116875 0.4697265625 0.5684984375 0.4765625 0.5388531249999999 0.4677734375 0.5126953125 0.4521484375 0.49874375000000004 0.4130859375 0.48828125 0.392578125 0.5074640625 0.390625 0.542340625 0.400390625 0.59465625 0.412109375 0.6051203125
13 0.541015625 0.8213593749999999 0.52734375 0.8422859375 0.52734375 0.8946015624999999 0.533203125 0.9190156249999999 0.5498046875 0.938196875 0.5791015625 0.9974890625 0.671875 0.9957453125000001 0.6787109375 0.9765625 0.716796875 0.9608671875000001 0.71484375 0.9050640624999999 0.703125 0.8911140625 0.6806640625 0.840540625 0.6376953125 0.788225 0.6142578125 0.7672984375 0.5771484375 0.7498609375 0.5654296875 0.7498609375 0.5576171875 0.7603234375000001 0.546875 0.78648125 0.541015625 0.8213593749999999
13 0.541015625 0.817871875 0.55078125 0.76904375 0.568359375 0.7446296875 0.5595703125 0.7114953125000001 0.5400390625 0.6975453125 0.5068359375 0.7080078125 0.5 0.7341656249999999 0.5 0.7550921875000001 0.51171875 0.8074078124999999 0.5244140625 0.833565625 0.53125 0.8318218749999999 0.541015625 0.817871875
13 0.5966796875 0.68359375 0.5634765625 0.67661875 0.5546875 0.6853374999999999 0.5732421875 0.7498609375 0.599609375 0.7550921875000001 0.59375 0.7167265625 0.59375 0.7027765625 0.599609375 0.6958015625 0.5966796875 0.68359375
13 0.4228515625 0.68359375 0.4091796875 0.6870812500000001 0.392578125 0.7062640625000001 0.3984375 0.737653125 0.4111328125 0.7638109375 0.4462890625 0.7777624999999999 0.451171875 0.8004328125000001 0.45703125 0.8004328125000001 0.4619140625 0.788225 0.4697265625 0.7917125 0.4833984375 0.7707875 0.4951171875 0.774275 0.5 0.7585796874999999 0.5 0.7341656249999999 0.48828125 0.720215625 0.48046875 0.6783625 0.4677734375 0.6556921874999999 0.4404296875 0.6696421875 0.4306640625 0.6661546875 0.4228515625 0.68359375
13 0.4326171875 0.7986890625 0.421875 0.8318218749999999 0.42578125 0.8632109375000001 0.4443359375 0.8510046875 0.46875 0.9120390625000001 0.4775390625 0.924246875 0.484375 0.9225031250000001 0.513671875 0.8701874999999999 0.5078125 0.8422859375 0.4326171875 0.7986890625
13 0.560546875 0.9992328125000001 0.5693359375 0.9974890625 0.5703125 0.9817937499999999 0.529296875 0.915528125 0.5205078125 0.88239375 0.5107421875 0.88239375 0.486328125 0.9259906250000001 0.4892578125 0.938196875 0.501953125 0.9469171875000001 0.50390625 0.9608671875000001 0.490234375 0.9922578124999999 0.4931640625 0.9974890625 0.560546875 0.9992328125000001
13 0.7392578125 0.8858812500000001 0.7265625 0.8946015624999999 0.71875 0.9190156249999999 0.7197265625 0.98005 0.7685546875 0.98005 0.7841796875 0.9974890625 0.80078125 0.9957453125000001 0.77734375 0.9399421875 0.7783203125 0.9137828125 0.7392578125 0.8858812500000001
13 0.814453125 0.8806499999999999 0.7841796875 0.8370531250000001 0.7607421875 0.8510046875 0.7421875 0.8876250000000001 0.7744140625 0.9102953125000001 0.779296875 0.9190156249999999 0.77734375 0.9399421875 0.7939453125 0.9661 0.798828125 0.96435625 0.814453125 0.9364531250000001 0.814453125 0.8806499999999999
13 0.859375 0.8387968750000001 0.8779296875 0.78125 0.8857421875 0.7986890625 0.890625 0.7934578125 0.890625 0.77253125 0.8828125 0.7516046875 0.8681640625 0.732421875 0.8564453125 0.7533484374999999 0.8193359375 0.7533484374999999 0.818359375 0.78648125 0.8359375 0.8143828125000001 0.8359375 0.8248468750000001 0.859375 0.8387968750000001
13 0.833984375 0.8248468750000001 0.833984375 0.8108953124999999 0.8173828125 0.788225 0.7998046875 0.7952015625 0.798828125 0.8283343750000001 0.791015625 0.8318218749999999 0.791015625 0.8422859375 0.8037109375 0.8649546875 0.80859375 0.8632109375000001 0.8291015625 0.840540625 0.833984375 0.8248468750000001
13 0.912109375 0.6818500000000001 0.8818359375 0.6382531250000001 0.8623046875 0.6312781249999999 0.845703125 0.6574359375000001 0.833984375 0.7027765625 0.8486328125 0.7184703125 0.87109375 0.720215625 0.8857421875 0.7045203124999999 0.9033203125 0.7010328125 0.912109375 0.6818500000000001
13 0.8017578125 0.69056875 0.7587890625 0.67661875 0.74609375 0.6818500000000001 0.744140625 0.7027765625 0.7509765625 0.725446875 0.7763671875 0.7463734375 0.796875 0.7446296875 0.8125 0.723703125 0.8125 0.7097515624999999 0.8017578125 0.69056875
13 0.763671875 0.58070625 0.7568359375 0.5650109375000001 0.7412109375 0.5650109375000001 0.72265625 0.6051203125 0.724609375 0.6330218750000001 0.7451171875 0.67313125 0.76953125 0.6783625 0.7734375 0.6504609375 0.763671875 0.6051203125 0.763671875 0.58070625
13 0.6796875 0.6504609375 0.68359375 0.6190703125 0.6953125 0.6051203125 0.6923828125 0.5894250000000001 0.671875 0.6190703125 0.671875 0.6365093749999999 0.6796875 0.6504609375
13 0.73828125 0.6574359375000001 0.724609375 0.6330218750000001 0.720703125 0.6086078125000001 0.7119140625 0.5929125 0.7041015625 0.5929125 0.685546875 0.6365093749999999 0.685546875 0.6609234374999999 0.7138671875 0.7010328125 0.73046875 0.7027765625 0.73828125 0.6853374999999999 0.73828125 0.6574359375000001
13 0.5947265625 0.6801062499999999 0.6064453125 0.7114953125000001 0.662109375 0.723703125 0.677734375 0.6992890625 0.67578125 0.6574359375000001 0.6513671875 0.634765625 0.6435546875 0.6173265625 0.6220703125 0.5998890625 0.6142578125 0.6068640624999999 0.5986328125 0.5964 0.5751953125 0.5998890625 0.564453125 0.6120953124999999 0.564453125 0.639996875 0.5703125 0.6609234374999999 0.5947265625 0.6801062499999999
13 0.54296875 0.5074640625 0.5673828125 0.46735468750000003 0.5888671875 0.4708421875 0.59765625 0.448171875 0.59765625 0.4202703125 0.5830078125 0.40457656249999996 0.5498046875 0.390625 0.5322265625 0.40457656249999996 0.490234375 0.4795625 0.4931640625 0.48828125 0.5146484375 0.48828125 0.5361328125 0.5092078124999999 0.54296875 0.5074640625
13 0.6611328125 0.43596562499999997 0.67578125 0.39236875000000004 0.6669921875 0.3662109375 0.6494140625 0.345284375 0.6416015625 0.345284375 0.6376953125 0.331334375 0.6279296875 0.331334375 0.61328125 0.350515625 0.609375 0.4098078125 0.609375 0.444684375 0.630859375 0.4551484375 0.6611328125 0.43596562499999997
13 0.6025390625 0.3976 0.611328125 0.38539375 0.61328125 0.347028125 0.5791015625 0.3173828125 0.5654296875 0.3208703125 0.564453125 0.35400468749999997 0.546875 0.36795468750000004 0.5576171875 0.3871375 0.5859375 0.40283281249999997 0.5947265625 0.390625 0.6025390625 0.3976
13 0.517578125 0.38539375 0.521484375 0.37841874999999997 0.5107421875 0.3627234375 0.484375 0.347028125 0.48046875 0.3714421875 0.4833984375 0.3801625 0.517578125 0.38539375
13 0.87890625 0.430734375 0.8720703125 0.4150390625 0.8486328125 0.3976 0.8251953125 0.3976 0.80078125 0.4237578125 0.798828125 0.434221875 0.80859375 0.4690984375 0.8310546875 0.49874375000000004 0.837890625 0.497 0.875 0.4621234375 0.87890625 0.430734375
13 0.9072265625 0.41155156249999997 0.880859375 0.45166093749999997 0.88671875 0.4795625 0.9013671875 0.5022328125 0.91015625 0.5039765625 0.955078125 0.4865375 0.947265625 0.45166093749999997 0.9228515625 0.41155156249999997 0.9072265625 0.41155156249999997
13 0.8994140625 0.5057203125 0.896484375 0.528390625 0.90234375 0.59116875 0.9072265625 0.6033765625 0.921875 0.6051203125 0.935546875 0.58070625 0.94140625 0.531878125 0.9228515625 0.5126953125 0.8994140625 0.5057203125
13 0.9541015625 0.7010328125 0.9326171875 0.7045203124999999 0.912109375 0.727190625 0.9169921875 0.742884375 0.9541015625 0.7533484374999999 0.966796875 0.8074078124999999 0.986328125 0.8213593749999999 1 0.8039203125000001 0.9990234375 0.7289343749999999 0.9541015625 0.7010328125
17 0.498046875 0.9678437499999999 0.49609375 0.9504046875000001 0.462890625 0.9015765625000001 0.4482421875 0.8614671875000001 0.4267578125 0.8649546875 0.41796875 0.8841374999999999 0.416015625 0.9225031250000001 0.41796875 0.9469171875000001 0.427734375 0.9713312500000001 0.421875 0.9957453125000001 0.484375 0.9957453125000001 0.498046875 0.9678437499999999
13 0.7421875 0.4865375 0.7568359375 0.5126953125 0.78515625 0.5179265625 0.79296875 0.48305 0.7705078125 0.45340468749999996 0.7568359375 0.4568921875 0.7421875 0.47607499999999997 0.7421875 0.4865375
13 0.7978515625 0.42899062499999996 0.7509765625 0.4220140625 0.736328125 0.437709375 0.7451171875 0.46735468750000003 0.7705078125 0.45340468749999996 0.7880859375 0.47432968750000004 0.79296875 0.48305 0.7890625 0.5179265625 0.80078125 0.5179265625 0.8046875 0.5039765625 0.7978515625 0.42899062499999996
13 0.759765625 0.39236875000000004 0.775390625 0.3714421875 0.775390625 0.3574921875 0.7685546875 0.348771875 0.7568359375 0.3557484375 0.7275390625 0.3208703125 0.7119140625 0.3208703125 0.68359375 0.350515625 0.6865234375 0.3662109375 0.7080078125 0.3871375 0.7373046875 0.3662109375 0.7509765625 0.3941125 0.759765625 0.39236875000000004
13 0.8310546875 0.547571875 0.82421875 0.5667546875 0.826171875 0.6016328125 0.8349609375 0.6173265625 0.849609375 0.6190703125 0.861328125 0.5632671874999999 0.861328125 0.542340625 0.8564453125 0.5336218749999999 0.8310546875 0.547571875
13 0.7783203125 0.5894250000000001 0.767578125 0.6086078125000001 0.771484375 0.639996875 0.7744140625 0.6487171875 0.79296875 0.6539484375 0.798828125 0.643484375 0.798828125 0.6120953124999999 0.7919921875 0.5964 0.7783203125 0.5894250000000001
13 0.498046875 0.4551484375 0.4853515625 0.42550156250000004 0.4560546875 0.4220140625 0.4453125 0.437709375 0.455078125 0.4586359375 0.45703125 0.5004890625 0.46875 0.5039765625 0.4716796875 0.48479374999999997 0.4970703125 0.46735468750000003 0.498046875 0.4551484375
13 0.330078125 0.77601875 0.3056640625 0.7184703125 0.2802734375 0.7010328125 0.275390625 0.7062640625000001 0.2734375 0.720215625 0.2802734375 0.7498609375 0.3095703125 0.78125 0.3427734375 0.833565625 0.35546875 0.8318218749999999 0.345703125 0.7934578125 0.330078125 0.77601875
13 0.0673828125 0.8719312499999999 0.0419921875 0.8649546875 0.021484375 0.9120390625000001 0.0244140625 0.938196875 0.0537109375 0.931221875 0.0634765625 0.9451734374999999 0.080078125 0.9469171875000001 0.083984375 0.9364531250000001 0.080078125 0.9015765625000001 0.0673828125 0.8719312499999999
13 0.8193359375 0.69056875 0.806640625 0.7446296875 0.830078125 0.7481171875 0.8359375 0.737653125 0.8359375 0.720215625 0.830078125 0.7132390625 0.83203125 0.6958015625 0.8193359375 0.69056875