6 0.4557296875 0.129884375 0.4166671875 0.10840000000000001 0.40234531249999994 0.083984375 0.3632828125 0.0859375 0.3411453125 0.11035312500000001 0.3671875 0.168946875 0.3333328125 0.2255875 0.2487 0.228515625 0.2291671875 0.24511875 0.2473953125 0.280275 0.2265625 0.301759375 0.2317703125 0.32715 0.203125 0.340821875 0.2005203125 0.40918124999999994 0.1588546875 0.43847812499999994 0.1510421875 0.5009781249999999 0.15625 0.5849624999999999 0.1875 0.6455093749999999 0.2252625 0.6796875 0.2591171875 0.677734375 0.2747421875 0.662109375 0.2994796875 0.6728531249999999 0.2734375 0.7197281249999999 0.2773453125 0.732421875 0.3072921875 0.7392593749999999 0.2838546875 0.7607437499999999 0.29557500000000003 0.7890625 0.3320328125 0.798828125 0.41536718749999996 0.76953125 0.44401250000000003 0.7734375 0.5390625 0.7275406249999999 0.5833328125 0.6474624999999999 0.6002625 0.546875 0.5989578125 0.41504062499999994 0.5625 0.274415625 0.4557296875 0.129884375
16 0.4765625 0.157228125 0.4583328125 0.149415625 0.453125 0.1318375 0.4140625 0.11816562500000001 0.40625 0.09668125 0.3945328125 0.0859375 0.35026250000000003 0.09375 0.3411453125 0.10644687500000001 0.3489578125 0.12011875000000001 0.359375 0.12402500000000001 0.3723953125 0.168946875 0.3932296875 0.180665625 0.3932296875 0.196290625 0.4140625 0.2334 0.4557296875 0.280275 0.47265781249999994 0.291015625 0.49349218749999996 0.291015625 0.5429703124999999 0.26953125 0.5390625 0.247071875 0.5052078125 0.2099625 0.4765625 0.157228125
16 0.4010421875 0.7333999999999999 0.38932500000000003 0.72265625 0.3763046875 0.72265625 0.3528671875 0.732421875 0.32682500000000003 0.736328125 0.3085953125 0.744140625 0.2890625 0.7568374999999999 0.2864578125 0.7705093749999999 0.2916671875 0.7841812499999999 0.3059921875 0.794921875 0.3138046875 0.798828125 0.32682500000000003 0.798828125 0.3606796875 0.78515625 0.3841171875 0.779296875 0.40755468749999996 0.765625 0.4088546875 0.7587906249999999 0.4036453125 0.7529312499999999 0.4010421875 0.7333999999999999
16 0.3684921875 0.662109375 0.3606796875 0.658203125 0.3476578125 0.658203125 0.32682500000000003 0.662109375 0.296875 0.6806656249999999 0.2916671875 0.6884781249999999 0.28125 0.7314468749999999 0.28776250000000003 0.734375 0.3320328125 0.734375 0.3476578125 0.7265625 0.3554703125 0.7265625 0.3867203125 0.71484375 0.3984375 0.7060562499999999 0.39713750000000003 0.701171875 0.42317968749999996 0.701171875 0.46745000000000003 0.673828125 0.46875 0.6669937499999999 0.45703281249999994 0.658203125 0.3684921875 0.662109375
16 0.29557500000000003 0.431640625 0.2929703125 0.4296875 0.26432500000000003 0.4296875 0.25651250000000003 0.42578125 0.2356796875 0.427734375 0.2252625 0.42578125 0.2096375 0.41796875 0.2005203125 0.42480624999999994 0.203125 0.43652499999999994 0.1979171875 0.44433749999999994 0.1979171875 0.48144687499999994 0.201825 0.486328125 0.2747421875 0.48828125 0.2981796875 0.49609375 0.3242203125 0.49609375 0.3359375 0.48730624999999994 0.3450546875 0.462890625 0.3411453125 0.44043124999999994 0.3294296875 0.427734375 0.29557500000000003 0.431640625
16 0.2903671875 0.3046875 0.2539078125 0.318359375 0.2460953125 0.326171875 0.2070328125 0.330078125 0.2005203125 0.368165625 0.2070328125 0.375 0.2148453125 0.375 0.2513046875 0.357421875 0.2747421875 0.369140625 0.2851578125 0.369140625 0.28776250000000003 0.36328125 0.3007828125 0.365234375 0.3945328125 0.35546875 0.4010421875 0.344728125 0.44401250000000003 0.314453125 0.44140781249999994 0.310546875 0.3919296875 0.30078125 0.2903671875 0.3046875
16 0.3828125 0.2724625 0.3776046875 0.262696875 0.3710953125 0.2578125 0.3606796875 0.2578125 0.3541671875 0.25293125 0.34375 0.235353125 0.3294296875 0.228515625 0.3085953125 0.224609375 0.2929703125 0.228515625 0.27213750000000003 0.2265625 0.25651250000000003 0.228515625 0.2434921875 0.232421875 0.2317703125 0.243165625 0.2291671875 0.250978125 0.2317703125 0.262696875 0.2434921875 0.275390625 0.2539078125 0.279296875 0.2825546875 0.28125 0.2981796875 0.279296875 0.32682500000000003 0.302734375 0.38932500000000003 0.298828125 0.3880203125 0.286134375 0.3828125 0.282228125 0.3828125 0.2724625
16 0.514325 0.431640625 0.4947921875 0.44238437499999994 0.4895828125 0.46191562499999994 0.48307500000000003 0.466796875 0.4453125 0.48144687499999994 0.4427078125 0.48925937499999994 0.4505203125 0.5166031249999999 0.4479171875 0.5283218749999999 0.4401046875 0.5380874999999999 0.4166671875 0.5537124999999999 0.41015781249999994 0.56640625 0.45182500000000003 0.578125 0.47786718749999996 0.578125 0.4921875 0.5693374999999999 0.5416671875 0.5048843749999999 0.5338546875 0.47558749999999994 0.545575 0.455078125 0.5442703125 0.44238437499999994 0.5351578124999999 0.435546875 0.514325 0.431640625
16 0.5677078125 0.6181656249999999 0.5625 0.6123062499999999 0.5572921875 0.5888687499999999 0.5546875 0.5830093749999999 0.5481796875 0.580078125 0.5091171875 0.5859375 0.48567968749999996 0.599609375 0.44661718749999996 0.59765625 0.4348953125 0.6044937499999999 0.4322921875 0.6201187499999999 0.4375 0.6318374999999999 0.44661718749999996 0.638671875 0.46745000000000003 0.63671875 0.47265781249999994 0.638671875 0.4765625 0.6474624999999999 0.49870000000000003 0.662109375 0.5195328124999999 0.6640625 0.5377625 0.662109375 0.5507828124999999 0.6640625 0.5559921875 0.669921875 0.5638046875 0.669921875 0.5703125 0.6630874999999999 0.5742203124999999 0.646484375 0.5755203125 0.6416031249999999 0.5703125 0.6337906249999999 0.5677078125 0.6181656249999999
21 0.49870000000000003 0.666015625 0.4635421875 0.6884781249999999 0.4557296875 0.7021499999999999 0.4557296875 0.7138687499999999 0.4739578125 0.7333999999999999 0.4791671875 0.7431656249999999 0.48567968749999996 0.748046875 0.49349218749999996 0.748046875 0.5091171875 0.73828125 0.5221375 0.734375 0.546875 0.7158218749999999 0.5612 0.6875 0.5598953125 0.6787124999999999 0.5403671875 0.6640625 0.49870000000000003 0.666015625
16 0.5833328125 0.3584 0.5755203125 0.336915625 0.5755203125 0.32715 0.5690125 0.318359375 0.5559921875 0.318359375 0.53125 0.33105625 0.5260421875 0.356446875 0.5104171875 0.383790625 0.5104171875 0.399415625 0.5169296875 0.40625 0.5273453124999999 0.408203125 0.5429703124999999 0.419921875 0.5507828124999999 0.421875 0.5716171875 0.41796875 0.5872421875 0.408203125 0.5885421875 0.391603125 0.5859375 0.38965 0.5833328125 0.3584
16 0.40755468749999996 0.47265625 0.37370000000000003 0.47265625 0.3463546875 0.48925937499999994 0.3385421875 0.5009781249999999 0.3385421875 0.5263687499999999 0.3515625 0.5439468749999999 0.3763046875 0.5546875 0.3841171875 0.5546875 0.3919296875 0.55859375 0.39713750000000003 0.55859375 0.42578281249999994 0.546875 0.4375 0.5380874999999999 0.44661718749999996 0.525390625 0.4479171875 0.5009781249999999 0.4375 0.48339999999999994 0.40755468749999996 0.47265625