6 0.600225 0.10445625 0.574328125 0.1095890625 0.544815625 0.127240625 0.512434375 0.123821875 0.46239375000000005 0.06882031250000001 0.447115625 0.073815625 0.4341875 0.09605 0.390440625 0.126359375 0.34147656249999997 0.11835781249999999 0.332040625 0.13695 0.35795468750000003 0.1514859375 0.2791375 0.20743593749999997 0.2007171875 0.27609218750000003 0.163871875 0.347328125 0.18699062500000002 0.41946874999999995 0.204215625 0.4190078125 0.2671875 0.45177500000000004 0.372096875 0.4604921875 0.47556562500000005 0.4488390625 0.5733140624999999 0.4147125 0.5867843749999999 0.415978125 0.7022421875 0.3458828125 0.7406515625 0.2861375 0.749371875 0.1939171875 0.7599734375 0.1741125 0.7410281249999999 0.1326203125 0.7498234375 0.11907343749999999 0.740609375 0.1002421875 0.70668125 0.1049984375 0.7063203125 0.13162968749999998 0.671765625 0.16110156250000002 0.6507703125 0.143621875 0.6203359374999999 0.144734375 0.5964875000000001 0.125853125 0.600225 0.10445625
6 0.8098078125000001 0.706209375 0.729040625 0.757628125 0.677925 0.8021828125000001 0.6624046875 0.82493125 0.6735828125000001 0.8679625 0.7136109375 0.87871875 0.7569921875000001 0.8750406249999999 0.78379375 0.8667765624999999 0.917240625 0.7822984374999999 0.9236703125 0.7318421875000001 0.8781828125000001 0.7005281250000001 0.8098078125000001 0.706209375
16 0.8098078125000001 0.706209375 0.729040625 0.757628125 0.677925 0.8021828125000001 0.6624046875 0.82493125 0.6735828125000001 0.8679625 0.7136109375 0.87871875 0.7569921875000001 0.8750406249999999 0.78379375 0.8667765624999999 0.917240625 0.7822984374999999 0.923409375 0.729928125 0.8781828125000001 0.7005281250000001 0.8098078125000001 0.706209375
16 0.7477375 0.10375000000000001 0.7242890625 0.09757656249999999 0.7029296875 0.10672656250000001 0.7037296875 0.13214375 0.6698390625 0.1762359375 0.662384375 0.23869687499999998 0.663428125 0.2463609375 0.706828125 0.26234999999999997 0.7377828125 0.2650671875 0.7617812500000001 0.1678515625 0.7407671875 0.130703125 0.7500843749999999 0.12098906250000001 0.7477375 0.10375000000000001
21 0.5787171875 0.3762640625 0.6248296875 0.3828640625 0.6441203125 0.37805625 0.6963828125 0.3126171875 0.7069671875 0.2731421875 0.6997 0.2588453125 0.6594125 0.24617343749999998 0.6188984375000001 0.2709234375 0.561475 0.3570578125 0.5787171875 0.3762640625
21 0.3721640625 0.3729046875 0.36579375000000003 0.34890625000000003 0.3169359375 0.320696875 0.2942609375 0.325190625 0.2465203125 0.362209375 0.2041640625 0.4159578125 0.239953125 0.45077656250000003 0.2810796875 0.45640625 0.30343749999999997 0.4381953125 0.34392187500000004 0.4049125 0.3721640625 0.3729046875
7 0.464990625 0.214865625 0.4952484375 0.1636234375 0.49161406249999995 0.1564734375 0.446928125 0.1505765625 0.343284375 0.11209687500000001 0.32945 0.1374625 0.4357015625 0.195096875 0.43778750000000005 0.2104203125 0.464990625 0.214865625
16 0.5795656250000001 0.314128125 0.6199234375 0.258915625 0.605653125 0.2322359375 0.5726109375 0.2141921875 0.53675625 0.2340859375 0.5274593750000001 0.263471875 0.5412250000000001 0.30598749999999997 0.56804375 0.3173953125 0.5795656250000001 0.314128125
16 0.20881875 0.35514375 0.25103749999999997 0.352678125 0.29129062499999997 0.3260109375 0.28202343750000003 0.24817499999999998 0.3768359375 0.2608625 0.3924953125 0.2489046875 0.38858281250000004 0.220171875 0.41859999999999997 0.18668125 0.3593796875 0.1521875 0.2814640625 0.20500625 0.1902375 0.287021875 0.1804359375 0.33224375 0.16439375 0.351159375 0.1693296875 0.3678859375 0.1866953125 0.378215625 0.20881875 0.35514375
17 0.5818046875 0.2133546875 0.6214703125 0.250740625 0.6450375 0.2480375 0.659534375 0.23729687500000002 0.6558828125 0.210478125 0.6731906249999999 0.1618 0.6453296875000001 0.1427328125 0.5909453124999999 0.1535109375 0.57994375 0.1606078125 0.5818046875 0.2133546875
12 0.389275 0.1275734375 0.446928125 0.1505765625 0.496534375 0.1535328125 0.5092046875 0.12938125 0.5011546874999999 0.1093375 0.47756718749999993 0.092371875 0.4692609375 0.0704109375 0.44944531249999997 0.0713859375 0.436775 0.0955375 0.389275 0.1275734375