6 0 0 0 0.335490625 0.013743749999999999 0.3390625 0.33808906250000004 0.3390625 0.33999375 0.338740625 0.3796875 0.31674531250000004 0.3796875 0.014115625000000001 0.3684015625 0.020399999999999998 0.3595625 0 0 0
16 0.3520109375 0.197096875 0.361846875 0.21023593749999997 0.36949375 0.20877812499999998 0.3796875 0.192234375 0.3796875 0.0157796875 0.37714375 0.0174796875 0.35638125 0.051068749999999996 0.3520109375 0.0744328125 0.3520109375 0.0890359375 0.35638125 0.097796875 0.3520109375 0.197096875
16 0.096328125 0 0.096328125 0.0131015625 0.0985140625 0.016021874999999998 0.09414375 0.0539890625 0.10834999999999999 0.06712968750000001 0.1334796875 0.0715125 0.160796875 0.061287499999999995 0.17062968750000002 0.0481484375 0.17062968750000002 0.0189421875 0.16432968750000002 0 0.096328125 0
16 0.0985140625 0.26134843750000003 0.102884375 0.28471250000000003 0.110534375 0.29493281250000003 0.12473749999999999 0.2963953125 0.1476859375 0.28325 0.18046562500000002 0.2920125 0.25257968750000004 0.236521875 0.2624125 0.2204609375 0.2624125 0.19125468750000002 0.2493 0.1445265625 0.23509843749999998 0.15182500000000002 0.217615625 0.1781109375 0.20668906250000002 0.186871875 0.1935765625 0.1897921875 0.1629828125 0.18103125 0.154240625 0.1839515625 0.13785 0.2263015625 0.1323875 0.2336015625 0.110534375 0.2394421875 0.0985140625 0.26134843750000003
16 0.28645156250000003 0.229221875 0.271153125 0.2555078125 0.2645984375 0.29931562500000003 0.267878125 0.306615625 0.2744328125 0.3095359375 0.3006578125 0.3153765625 0.3072140625 0.3212171875 0.3246953125 0.3241390625 0.3334375 0.3299796875 0.33889843750000004 0.32852187499999996 0.357475 0.3241390625 0.365121875 0.3168390625 0.365121875 0.308078125 0.3585671875 0.3022359375 0.35638125 0.287634375 0.3585671875 0.2671890625 0.35638125 0.24382500000000001 0.33999375 0.21899843749999998 0.3301578125 0.2146203125 0.32797187499999997 0.20877812499999998 0.3301578125 0.1854140625 0.32251093750000004 0.1751890625 0.30939843749999996 0.1693484375 0.291915625 0.17226875 0.284265625 0.1854140625 0.28645156250000003 0.229221875
21 0.3607515625 0.24382500000000001 0.3585671875 0.2905546875 0.37495781250000004 0.31245625 0.3796875 0.313159375 0.3796875 0.2141171875 0.3607515625 0.24382500000000001
16 0 0.332703125 0.0165671875 0.338740625 0.0204125 0.3390625 0.0748234375 0.3390625 0.0832171875 0.3256015625 0.0875875 0.3022359375 0.0854015625 0.29347500000000004 0.072290625 0.2759515625 0.0701046875 0.26426875 0.0624578125 0.256965625 0.044975 0.256965625 0.014381250000000002 0.2744890625 0 0.2774453125 0 0.332703125
16 0.217615625 0.1751890625 0.227446875 0.16205 0.240559375 0.1299234375 0.240559375 0.1240828125 0.2361890625 0.11532031250000001 0.2361890625 0.10655937499999998 0.224171875 0.0788109375 0.204503125 0.0642078125 0.17609375 0.0642078125 0.1629828125 0.0729703125 0.14440625 0.10363906249999999 0.14440625 0.14160625 0.1564265625 0.1751890625 0.17609375 0.186871875 0.20340937499999998 0.1854140625 0.217615625 0.1751890625
6 0.3796875 0 0.3796875 0.3390625 0.97523125 0.3390625 0.9913796874999999 0.321390625 1 0.29533125 1 0 0.3796875 0
13 0.8786093749999999 0.12036093750000001 0.8395359375 0.1411640625 0.8344921875000001 0.22875937500000001 0.7639078125000001 0.281315625 0.752275 0.3390625 0.9593046875000001 0.3390625 0.9756640624999999 0.32073125 0.978184375 0.2462765625 0.9655796875 0.217809375 0.9252453125000001 0.1871515625 0.9202046875000001 0.15868437500000002 0.8786093749999999 0.12036093750000001
6 0.3796875 1 0.3796875 0.3390625 0 0.3390625 0 1 0.3796875 1
3 0.20721250000000002 1 0.2085828125 0.9990921875 0.2085828125 0.9400625 0.1943734375 0.9652046875 0.1867171875 0.9291296875 0.21951562500000002 0.8591671875 0.2326359375 0.636159375 0.21295625 0.5508984375 0.1517390625 0.494046875 0.149553125 0.4656296875 0.13096406249999998 0.44923437499999996 0.0839640625 0.48967499999999997 0.051165625000000006 0.5596375 0.059910937500000004 0.5858765625 0.044604687500000004 0.5924359375 0.10910468749999999 0.6066453125 0.1101953125 0.6558390625 0.028209375 0.772809375 0 0.772809375 0 1 0.20721250000000002 1
3 0.325553125 0.84933125 0.3796875 0.8601578125 0.3796875 0.45655625000000005 0.3758375 0.45578593749999996 0.32664218749999996 0.48093593749999997 0.2501203125 0.60118125 0.26542656249999996 0.6383453125 0.261053125 0.7804578125 0.325553125 0.84933125
13 0.496915625 0.3656890625 0.53478125 0.3390625 0.394915625 0.3390625 0.3929765625 0.3700625 0.4072 0.3890125 0.415953125 0.39484375 0.46081093749999996 0.3933859375 0.477221875 0.3890125 0.496915625 0.3656890625