6 0 0 0 0.6069578124999999 0.024303125000000002 0.6296875 0.5 0.6296875 0.5 0 0 0
3 0.13739375 0 0.1270859375 0.017978125 0.093428125 0.090159375 0.0777234375 0.19442500000000001 0.12484218750000001 0.3468078125 0.15961875 0.384909375 0.1843 0.388915625 0.2628328125 0.28064374999999997 0.31331875 0.3989421875 0.3335125 0.4069625 0.3525828125 0.384909375 0.44233593750000005 0.400946875 0.5 0.33911250000000004 0.5 0.177915625 0.44906562499999997 0.12023906250000001 0.404190625 0.10419687500000001 0.38511875 0.026000000000000002 0.373928125 0 0.13739375 0
12 0 0.5911531250000001 0.027237499999999998 0.625515625 0.03218125 0.6296875 0.21658593750000002 0.6296875 0.2179578125 0.625515625 0.219903125 0.6296875 0.3945234375 0.6296875 0.265078125 0.28866562500000004 0.23590781249999998 0.3127234375 0.18205625 0.412978125 0.08781875 0.3367875 0.08781875 0.2966859375 0 0.2142859375 0 0.5911531250000001
13 0.3974578125 0.429015625 0.39072968750000003 0.4450578125 0.3503390625 0.429015625 0.3335125 0.44305312499999994 0.364925 0.56335625 0.39518749999999997 0.6296875 0.5 0.6296875 0.5 0.349796875 0.475990625 0.384909375 0.4602859375 0.3808984375 0.42999375000000006 0.4189953125 0.42214062500000005 0.4611015625 0.3974578125 0.429015625
6 1 0.063059375 0.9318156249999999 0.0689375 0.9183328124999999 0.0307375 0.8823812500000001 0.0464671875 0.848678125 0.026246874999999996 0.8239609375000001 0.0464671875 0.736328125 0.0352328125 0.713859375 0.012764062500000001 0.6756609375 0.028490625000000002 0.608253125 0.0105171875 0.6037578124999999 0.028490625000000002 0.516125 0.0037734375 0.5 0.022053125 0.5 0.0232453125 0.549828125 0.048715625 0.5 0.053617187499999996 0.5 0.5053515625 0.6835234375 0.5059671875 1 0.489878125 1 0.063059375
0 0.5 1 0.5 0.6296875 0 0.6296875 0 1 0.5 1
17 0.42768281249999995 0.80641875 0.4254421875 0.80940625 0.42320156249999996 0.80940625 0.4209609375 0.81239375 0.41648125 0.81239375 0.4153609375 0.8138875000000001 0.41648125 0.8153812500000001 0.44336562500000004 0.8153812500000001 0.44560625 0.81239375 0.44784687500000003 0.81239375 0.4500875 0.8153812500000001 0.45456874999999997 0.8153812500000001 0.4556890625 0.8138875000000001 0.4568078125 0.81239375 0.4612890625 0.81239375 0.462409375 0.8109 0.462409375 0.7989484375 0.4612890625 0.7974546874999999 0.4590484375 0.7974546874999999 0.4568078125 0.7944671875 0.44560625 0.7944671875 0.44336562500000004 0.7974546874999999 0.441125 0.7974546874999999 0.43664375 0.80343125 0.4344046875 0.80343125 0.43216406249999995 0.80641875 0.42768281249999995 0.80641875
17 0.3750328125 0.8557124999999999 0.3705515625 0.8497375 0.3705515625 0.8258374999999999 0.3683109375 0.8228500000000001 0.3683109375 0.8168749999999999 0.36495 0.81239375 0.358228125 0.81239375 0.3559890625 0.8153812500000001 0.3537484375 0.8153812500000001 0.3515078125 0.81836875 0.34254531250000003 0.81836875 0.3380640625 0.82434375 0.33134375 0.82434375 0.329103125 0.82733125 0.3268625 0.82733125 0.3257421875 0.8288249999999999 0.3257421875 0.8348000000000001 0.3302234375 0.840775 0.3302234375 0.8437625000000001 0.3324640625 0.8467499999999999 0.3324640625 0.8527250000000001 0.33470468750000004 0.8557124999999999 0.33470468750000004 0.87065 0.33694531250000004 0.8736375000000001 0.33694531250000004 0.888575 0.339184375 0.8915625 0.339184375 0.9035125 0.341425 0.9065 0.341425 0.91845 0.343665625 0.9214375 0.343665625 0.9244249999999999 0.34478593750000003 0.9259187499999999 0.3537484375 0.9259187499999999 0.35486875 0.9244249999999999 0.3559890625 0.9229312500000001 0.358228125 0.9229312500000001 0.3593484375 0.9214375 0.3593484375 0.9154625 0.3615890625 0.912475 0.3615890625 0.89455 0.3683109375 0.8855875 0.3683109375 0.8796125 0.3705515625 0.876625 0.3705515625 0.87065 0.3727921875 0.8676625 0.3727921875 0.8616875 0.3750328125 0.8587 0.3750328125 0.8557124999999999
2 0.4131203125 0.8467499999999999 0.4153609375 0.8437625000000001 0.4153609375 0.8377874999999999 0.414240625 0.83629375 0.41200000000000003 0.83629375 0.409759375 0.83330625 0.39855625 0.83330625 0.3963171875 0.83031875 0.3940765625 0.83330625 0.3895953125 0.83330625 0.3873546875 0.83031875 0.3851140625 0.83031875 0.37951250000000003 0.8377874999999999 0.37951250000000003 0.8467499999999999 0.37727187500000003 0.8497375 0.37727187500000003 0.8557124999999999 0.3750328125 0.8587 0.3750328125 0.8676625 0.3727921875 0.87065 0.3727921875 0.8796125 0.3705515625 0.8826 0.3727921875 0.8855875 0.3727921875 0.888575 0.376153125 0.8930562500000001 0.3851140625 0.8930562500000001 0.386234375 0.8915625 0.3895953125 0.8870812499999999 0.3940765625 0.8870812499999999 0.3963171875 0.89006875 0.40303750000000005 0.89006875 0.4041578125 0.888575 0.4041578125 0.8855875 0.40639843750000004 0.8826 0.40639843750000004 0.8796125 0.4086390625 0.876625 0.4086390625 0.87065 0.41087968750000003 0.8676625 0.41087968750000003 0.8527250000000001 0.4131203125 0.8497375 0.4131203125 0.8467499999999999
17 0.20475781249999997 0.948325 0.20251718749999997 0.9513125 0.20251718749999997 0.9542999999999999 0.20027656249999998 0.9572875 0.20027656249999998 0.960275 0.19803593749999998 0.9632625000000001 0.19803593749999998 0.9662499999999999 0.195796875 0.9692375 0.195796875 0.9722250000000001 0.19803593749999998 0.9752124999999999 0.19803593749999998 0.9782 0.201396875 0.9826812500000001 0.21259999999999998 0.9826812500000001 0.2137203125 0.9811875000000001 0.2182 0.9752124999999999 0.2182 0.9692375 0.220440625 0.9662499999999999 0.220440625 0.9632625000000001 0.23164375 0.948325 0.23164375 0.9453374999999999 0.23052343749999998 0.9438437499999999 0.2282828125 0.9438437499999999 0.2260421875 0.9408562500000001 0.2238015625 0.9438437499999999 0.2215609375 0.9408562500000001 0.20811875 0.9408562500000001 0.20475781249999997 0.9453374999999999 0.20475781249999997 0.948325
17 0.1801125 1 0.1801125 0.9991125000000001 0.18459375 0.9931374999999999 0.18459375 0.9901500000000001 0.186834375 0.9871624999999999 0.186834375 0.9841749999999999 0.191315625 0.9782 0.191315625 0.9752124999999999 0.195796875 0.9692375 0.195796875 0.9662499999999999 0.19803593749999998 0.9632625000000001 0.19803593749999998 0.960275 0.20027656249999998 0.9572875 0.20027656249999998 0.9542999999999999 0.20251718749999997 0.9513125 0.20251718749999997 0.948325 0.20475781249999997 0.9453374999999999 0.20475781249999997 0.94235 0.205878125 0.9408562500000001 0.20811875 0.9408562500000001 0.210359375 0.93786875 0.21259999999999998 0.93786875 0.21484062499999998 0.9348812499999999 0.21708124999999998 0.9348812499999999 0.220440625 0.9304 0.220440625 0.9214375 0.224921875 0.9154625 0.224921875 0.912475 0.229403125 0.9065 0.229403125 0.9035125 0.2383640625 0.8915625 0.2383640625 0.888575 0.2428453125 0.8826 0.2428453125 0.8796125 0.2450859375 0.876625 0.2450859375 0.8736375000000001 0.24732656249999999 0.87065 0.24620625000000002 0.86915625 0.24396562500000002 0.86915625 0.24172500000000002 0.8661687499999999 0.23948437500000003 0.8661687499999999 0.23724531249999997 0.86318125 0.23500468749999998 0.86318125 0.23276406249999998 0.86019375 0.210359375 0.86019375 0.20811875 0.85720625 0.205878125 0.85720625 0.20027656249999998 0.8497375 0.20027656249999998 0.8467499999999999 0.19915624999999998 0.84525625 0.1969171875 0.84525625 0.189075 0.8348000000000001 0.189075 0.8318125000000001 0.186834375 0.8288249999999999 0.186834375 0.8258374999999999 0.1834734375 0.82135625 0.1812328125 0.82135625 0.176753125 0.8153812500000001 0.17227187500000002 0.8153812500000001 0.1689109375 0.8198624999999999 0.1689109375 0.8228500000000001 0.17227187500000002 0.82733125 0.17451250000000001 0.82733125 0.1778734375 0.8318125000000001 0.1756328125 0.8348000000000001 0.1756328125 0.8437625000000001 0.17339218750000002 0.8467499999999999 0.17339218750000002 0.8527250000000001 0.17115156250000002 0.8557124999999999 0.17115156250000002 0.8616875 0.1689109375 0.8646750000000001 0.1689109375 0.8676625 0.1666703125 0.87065 0.1666703125 0.8736375000000001 0.15546875 0.888575 0.15546875 0.8915625 0.153228125 0.89455 0.153228125 0.900525 0.1521078125 0.9020187500000001 0.1498671875 0.9020187500000001 0.148746875 0.9035125 0.148746875 0.9065 0.1476265625 0.9079937499999999 0.1453859375 0.9079937499999999 0.1431453125 0.9109812500000001 0.13866406250000002 0.9109812500000001 0.136425 0.9139687500000001 0.134184375 0.9139687500000001 0.13194375 0.9169562499999999 0.129703125 0.9169562499999999 0.12746249999999998 0.9199437500000001 0.12522187499999998 0.9199437500000001 0.12298125 0.9229312500000001 0.11850000000000001 0.9229312500000001 0.1162609375 0.9259187499999999 0.1140203125 0.9259187499999999 0.1117796875 0.92890625 0.10729843750000001 0.92890625 0.10169687499999999 0.936375 0.1095390625 0.94683125 0.1117796875 0.94683125 0.1140203125 0.94981875 0.1162609375 0.94981875 0.12298125 0.95878125 0.12522187499999998 0.95878125 0.12634218749999998 0.960275 0.12634218749999998 0.9632625000000001 0.1308234375 0.9692375 0.1308234375 0.9722250000000001 0.1375453125 0.9811875000000001 0.1375453125 0.9841749999999999 0.148746875 0.9991125000000001 0.148746875 1 0.1801125 1
17 0.0383 1 0.0389640625 0.9991125000000001 0.0389640625 0.9901500000000001 0.041204687499999997 0.9871624999999999 0.041204687499999997 0.9841749999999999 0.0434453125 0.9811875000000001 0.0434453125 0.9782 0.0456859375 0.9752124999999999 0.0434453125 0.9722250000000001 0.0434453125 0.9692375 0.042325 0.96774375 0.0378453125 0.96774375 0.034484375 0.9632625000000001 0.034484375 0.960275 0.0311234375 0.95579375 0.0288828125 0.95579375 0.025521875 0.960275 0.025521875 0.9752124999999999 0.02328125 0.9782 0.025521875 0.9811875000000001 0.025521875 0.9841749999999999 0.021040625 0.9901500000000001 0.021040625 0.9931374999999999 0.0165609375 0.9991125000000001 0.0172265625 1 0.0383 1
13 0.10281718749999999 0.9318937500000001 0.10617812499999998 0.9274125 0.10617812499999998 0.91845 0.096096875 0.9050062499999999 0.09385625 0.9050062499999999 0.087134375 0.8960437499999999 0.08489375 0.8960437499999999 0.08265312500000001 0.8930562500000001 0.0804125 0.8930562500000001 0.0781734375 0.89006875 0.07369218749999999 0.89006875 0.0714515625 0.8930562500000001 0.0692109375 0.8930562500000001 0.06697031249999999 0.8960437499999999 0.0647296875 0.8960437499999999 0.06136875000000001 0.900525 0.06136875000000001 0.9094875 0.059128125 0.912475 0.059128125 0.9154625 0.058009374999999995 0.9169562499999999 0.05576875 0.9169562499999999 0.0501671875 0.9244249999999999 0.0501671875 0.9274125 0.0479265625 0.9304 0.0479265625 0.936375 0.0456859375 0.9393625 0.0456859375 0.94235 0.0479265625 0.9453374999999999 0.0479265625 0.9542999999999999 0.0501671875 0.9572875 0.0501671875 0.960275 0.0524078125 0.9632625000000001 0.0524078125 0.9662499999999999 0.0546484375 0.9692375 0.0546484375 0.9722250000000001 0.0568890625 0.9752124999999999 0.0568890625 0.9811875000000001 0.059128125 0.9841749999999999 0.059128125 0.9871624999999999 0.06697031249999999 0.99761875 0.07369218749999999 0.99761875 0.0748125 0.9961249999999999 0.0804125 0.98865625 0.08265312500000001 0.98865625 0.08937500000000001 0.97969375 0.091615625 0.97969375 0.0927359375 0.9782 0.0927359375 0.9692375 0.091615625 0.96774375 0.08937500000000001 0.96774375 0.0815328125 0.9572875 0.0815328125 0.94235 0.08489375 0.93786875 0.096096875 0.93786875 0.1005765625 0.9318937500000001 0.10281718749999999 0.9318937500000001
1 0.09049531250000001 0.8109 0.09049531250000001 0.8079124999999999 0.08937500000000001 0.80641875 0.08265312500000001 0.80641875 0.0804125 0.80343125 0.07369218749999999 0.80343125 0.072571875 0.8049250000000001 0.072571875 0.8109 0.07369218749999999 0.81239375 0.0759328125 0.81239375 0.0781734375 0.8153812500000001 0.087134375 0.8153812500000001 0.0882546875 0.8138875000000001 0.09049531250000001 0.8109
1 0.144265625 0.7810234375 0.1476265625 0.7855046875 0.1498671875 0.7855046875 0.1509875 0.7840109375 0.15546875 0.7780359375 0.15546875 0.7750484375 0.15770937499999998 0.7720609375 0.15770937499999998 0.7690734375 0.1599484375 0.7660859375 0.1599484375 0.7630984375 0.1565890625 0.7586171875 0.1543484375 0.7586171875 0.1509875 0.7630984375 0.1509875 0.7660859375 0.14650625 0.7720609375 0.14650625 0.7750484375 0.144265625 0.7780359375 0.144265625 0.7810234375
6 1 0.741525 0.9998093750000001 0.7415875 0.9594734375 0.6866875 0.9415921875000001 0.6296875 0.6557953125 0.6296875 0.6502343749999999 0.6407484375 0.5695625 0.6586765625 0.5487515625 0.6296875 0.5482671875 0.6296875 0.5307203125 0.6362671875 0.5 0.6593078125 0.5 1 1 1 1 0.741525
17 0.9152828124999999 1 0.9116671875 0.9421453124999999 0.6980390625 0.8962078124999999 0.69056875 0.8861234375 0.709990625 0.864834375 0.7279171875 0.8670765625 0.7398687500000001 0.85363125 0.7563 0.8659546875 0.7443515625 0.8390640625 0.7129796875000001 0.8155359375 0.6786187499999999 0.8547515625000001 0.660690625 0.8973281249999999 0.6352953125 0.9096515625 0.596453125 0.9074109375000001 0.5770328124999999 0.9443859375000001 0.6084046875 0.9948062500000001 0.61736875 0.9768765625 0.6559062499999999 1 0.9152828124999999 1
13 0.9355718749999999 0.7852828125 0.9923390624999999 0.7471890625000001 0.998315625 0.7337453125 0.9594734375 0.6866875 0.94335 0.6296875 0.7092921875 0.6296875 0.7443515625 0.7113375 0.9012109374999999 0.85363125 0.9475203125 0.8547515625000001 0.9684375 0.8345828125000001 0.9475203125 0.8256203125000001 0.9355718749999999 0.7852828125
3 0.9310296875 1 0.9355718749999999 0.9667953125000001 0.9624609375000001 0.93318125 0.9534968750000001 0.8704375000000001 0.9310890625000001 0.8558703124999999 0.8205390625 0.8670765625 0.8041078125000001 0.8749203124999999 0.8190453124999999 0.9152546875 0.9146546875 0.9443859375000001 0.9191953125 1 0.9310296875 1
15 0.724928125 0.7259015625 0.7070031250000001 0.7303843750000001 0.726421875 0.8032125000000001 0.7772171875 0.9040484375 0.784684375 0.914134375 0.8160562499999999 0.9174953125 0.7413624999999999 0.7427078125000001 0.724928125 0.7259015625