6 0.287790625 0 0.2235859375 0.05609375 0.1943 0.11804375 0.1593828125 0.145078125 0.099684375 0.16760625 0.07265 0.2881265625 0.1300953125 0.35233125 0.105315625 0.4109046875 0.1210859375 0.441315625 0.1436140625 0.591125 0.166140625 0.7375546875000001 0.1931734375 0.8715937500000001 0.07828281249999999 0.8851093750000001 0.09405156249999999 0.9583234375 0.2325984375 0.9526921875 0.23935468750000002 1 0.8318312499999999 0.9853578125 0.8723812499999999 0.82203125 0.9185625 0.7431859375000001 0.92419375 0.5990078125 0.8858984375000001 0.48862500000000003 0.8307046874999999 0.3906296875 0.884771875 0.389503125 0.8904046875 0.2915078125 0.8408421875000001 0.19801875 0.85210625 0.13719375 0.8047984375 0.0718625 0.71975625 0.052715625 0.720321875 0.053842187500000006 0.71919375 0.054965625 0.7146890625 0.0268078125 0.7237 0 0.3666375 0 0.287790625 0
16 0.3603515625 0.396484375 0.3417984375 0.4130859375 0.3476546875 0.44824062500000006 0.330078125 0.46582187499999994 0.31640625 0.5029296875 0.3359375 0.7255859375 0.3720703125 0.74609375 0.4345703125 0.744140625 0.44824062500000006 0.6757828124999999 0.443359375 0.5009765625 0.412109375 0.4423828125 0.40234531249999994 0.3994140625 0.3603515625 0.396484375
16 0.25 0.1044921875 0.258790625 0.11328281250000001 0.2939453125 0.103515625 0.3349609375 0.107421875 0.366209375 0.080078125 0.4111328125 0.0703140625 0.4384765625 0.0351546875 0.4736328125 0.029298437500000003 0.4814453125 0.00390625 0.3271484375 0 0.2734375 0.0400390625 0.25 0.0771484375 0.25 0.1044921875
3 0.2666015625 0.2773453125 0.2431625 0.2402328125 0.1279296875 0.181640625 0.0859375 0.2353515625 0.080078125 0.2919921875 0.094725 0.3125 0.2490234375 0.337890625 0.265625 0.321290625 0.2666015625 0.2773453125
3 0.47265468750000006 0.7119140625 0.46484531249999994 0.7529296875 0.46679843749999994 0.8447250000000001 0.4853515625 0.859375 0.5166015625 0.8515625 0.6298828125 0.857421875 0.6455078125 0.8359375 0.6630859375 0.833984375 0.7158218749999999 0.849609375 0.712890625 0.8330078125 0.73046875 0.7919921875 0.724609375 0.7744140625 0.7470703125 0.724609375 0.49316250000000006 0.681640625 0.47265468750000006 0.7119140625
3 0.1875 0.4365234375 0.1777328125 0.5810546875 0.193359375 0.6552749999999999 0.221678125 0.689453125 0.258790625 0.7109375 0.2744140625 0.708984375 0.291015625 0.6884765625 0.314453125 0.6201171875 0.3173828125 0.46874843750000006 0.2890625 0.3681625 0.26269375 0.3398453125 0.239259375 0.3437484375 0.1875 0.4365234375
3 0.830078125 0.5576171875 0.8457015625000001 0.6064453125 0.8828140624999999 0.6611328125 0.8828140624999999 0.7001937500000001 0.8671859375000001 0.7373062499999999 0.8740234375 0.7636703125000001 0.9042984374999999 0.7314453125 0.9111328125 0.666015625 0.9042984374999999 0.5419921875 0.875 0.4794921875 0.814453125 0.3994140625 0.7587906249999999 0.3515625 0.7001937500000001 0.3203140625 0.6318374999999999 0.3125 0.5986328125 0.328125 0.578125 0.3525390625 0.5703140624999999 0.38769375 0.6103515625 0.443359375 0.6396484375 0.45703125 0.6728515625 0.45117031250000006 0.7060546875 0.42773281250000006 0.794921875 0.4970703125 0.806640625 0.5380859375 0.830078125 0.5576171875
21 0.49218593750000006 0.0009765625 0.5458984375 0.11523281249999999 0.6142593749999999 0.119140625 0.6220703125 0.107421875 0.6572250000000001 0.10546875 0.6630859375 0.0917984375 0.6259765625 0 0.49218593750000006 0.0009765625
14 0.5947250000000001 0.859375 0.5224609375 0.85546875 0.49316250000000006 0.869140625 0.4208984375 0.869140625 0.40625156249999994 0.8935546875 0.4521484375 1 0.6416015625 0.998046875 0.62109375 0.9814453125 0.62109375 0.9580078125 0.6367171875000001 0.9462906249999999 0.62890625 0.9013671875 0.5947250000000001 0.859375
3 0.8076171875 1 0.859375 0.8271484375 0.8681625000000001 0.765625 0.8564453125 0.748046875 0.7568374999999999 0.7207015625000001 0.7187515624999999 0.8115234375 0.6875 0.8466781250000001 0.6523453124999999 0.9287093750000001 0.623046875 0.9638671875 0.626953125 0.9814453125 0.6494140625 1 0.8076171875 1
17 0.541015625 0.6123062499999999 0.5849609375 0.6523453124999999 0.6044921875 0.650390625 0.583984375 0.5732406250000001 0.4833984375 0.505859375 0.50390625 0.5654296875 0.541015625 0.6123062499999999
3 0.7724609375 0.2109375 0.8349609375 0.1777328125 0.8544921875 0.1562484375 0.8076171875 0.0957015625 0.7666015625 0.083984375 0.623046875 0.11620937499999999 0.6367171875000001 0.20019375 0.6689453125 0.234375 0.7685546875 0.224609375 0.7724609375 0.2109375
3 0.1582015625 0.3291015625 0.1542984375 0.3583984375 0.1904296875 0.41015468750000006 0.20703125 0.3955078125 0.2294921875 0.3437484375 0.1582015625 0.3291015625
3 0.1777328125 0.2080078125 0.2470703125 0.2363296875 0.2636703125 0.2646484375 0.2666015625 0.337890625 0.2958984375 0.3398453125 0.3046859375 0.3310546875 0.3056625 0.2402328125 0.3007828125 0.2119140625 0.2646484375 0.166015625 0.2080078125 0.150390625 0.1796859375 0.1689453125 0.1777328125 0.2080078125