6 0 0 0 0.41875 0.66875 0.41875 0.66875 0 0 0
16 0.43784531250000003 0 0.42988593750000004 0.007853124999999999 0.403075 0.0484171875 0.383215625 0.0977984375 0.33158125 0.1965625 0.303778125 0.26358125 0.279946875 0.3376546875 0.2660453125 0.40467343749999996 0.265325 0.41875 0.4934859375 0.41875 0.5063453124999999 0.23889062499999997 0.5222328125 0.210671875 0.5262046875 0.1965625 0.5281906249999999 0.1577625 0.54010625 0.122490625 0.5361343749999999 0.06958125 0.5281906249999999 0.03078125 0.512684375 0 0.43784531250000003 0
16 0.18859375 0.3870359375 0.199515625 0.3852734375 0.20448125 0.372928125 0.20448125 0.34823593750000004 0.1975296875 0.3323640625 0.159796875 0.35 0.1498671875 0.364109375 0.1419234375 0.36058124999999996 0.12206406249999999 0.3676359375 0.11114062499999999 0.37998125 0.1379515625 0.3888 0.14788125000000002 0.3888 0.15383906249999998 0.3817453125 0.16178281249999998 0.3888 0.18859375 0.3870359375
16 0.032695312500000004 0.0607625 0.020779687499999998 0.0819265625 0.007871875 0.094271875 0.0019140625000000002 0.1401265625 0.0039 0.171871875 0.014821875000000002 0.1948 0.027731250000000002 0.2036171875 0.0297171875 0.22125468750000002 0.047590625 0.2812171875 0.0654640625 0.3094359375 0.0773796875 0.3517640625 0.0863171875 0.364109375 0.0932671875 0.3623453125 0.19355781249999998 0.31825468749999997 0.1985234375 0.3094359375 0.1985234375 0.26358125 0.18859375 0.2177265625 0.1736984375 0.191271875 0.1657546875 0.18774531249999998 0.159796875 0.1736359375 0.1498671875 0.16658125 0.1399375 0.1454171875 0.10419062500000001 0.0960359375 0.072415625 0.0607625 0.0605 0.05370781249999999 0.042625 0.05370781249999999 0.032695312500000004 0.0607625
16 0 0 0 0.08386875 0.0048921875 0.08898125 0.01184375 0.0872171875 0.038653124999999997 0.05370781249999999 0.07440156249999999 0.05370781249999999 0.16178281249999998 0.0184359375 0.16674687500000002 0.0096171875 0.1670859375 0 0 0
16 0.20547343749999997 0.1313078125 0.1985234375 0.14718124999999999 0.1945515625 0.1789265625 0.2015015625 0.18774531249999998 0.22036875 0.18598125000000001 0.22036875 0.171871875 0.20547343749999997 0.1313078125
16 0.2034875 0.268871875 0.223346875 0.2900359375 0.2501578125 0.288271875 0.23824218749999998 0.2353625 0.223346875 0.1983265625 0.19256562500000002 0.1965625 0.1905796875 0.22125468750000002 0.1985234375 0.2600546875 0.2034875 0.268871875
16 0.2541296875 0.267109375 0.26306562499999997 0.286509375 0.2660453125 0.2847453125 0.29881406250000003 0.27240000000000003 0.33158125 0.1930359375 0.359384375 0.1401265625 0.359384375 0.1260171875 0.3415109375 0.07310781250000001 0.3186734375 0.036071874999999996 0.3027859375 0.0219625 0.2769671875 0.0219625 0.2491640625 0.036071874999999996 0.22235468749999998 0.0766359375 0.208453125 0.1119078125 0.2144109375 0.1401265625 0.24420000000000003 0.22478125000000002 0.2541296875 0.267109375
16 0.305996875 0 0.31172187500000004 0.0237265625 0.3375390625 0.06252656250000001 0.359384375 0.1260171875 0.36534218749999997 0.1260171875 0.3852015625 0.09074375 0.41300625 0.027253125 0.41300625 0.016671875 0.40939531249999994 0 0.305996875 0
20 0.6394031250000001 0.1154359375 0.6304671875000001 0.0995625 0.6106078125 0.08545312499999999 0.5828046875 0.08545312499999999 0.56493125 0.0960359375 0.5470578125000001 0.1171984375 0.5341484375000001 0.143653125 0.5262046875 0.1789265625 0.5281906249999999 0.2071453125 0.5420921875 0.2353625 0.5500359375 0.26358125 0.5659234375 0.2918 0.5818109375 0.34823593750000004 0.6016703125 0.39409062499999997 0.6076203125 0.41875 0.66875 0.41875 0.66875 0.3215375 0.6592640624999999 0.2953265625 0.6552921875 0.2353625 0.6433765625000001 0.16481718750000002 0.6433765625000001 0.1366 0.6394031250000001 0.1154359375
13 0.5341484375000001 0.05194375 0.54010625 0.1119078125 0.544078125 0.1154359375 0.5639375 0.09074375 0.5738671875 0.0378359375 0.5708890625 0.0254890625 0.5311703125 0.0219625 0.5281906249999999 0.027253125 0.5341484375000001 0.05194375
16 0.1675 0 0.1687328125 0.013143750000000001 0.17965625000000002 0.032543749999999996 0.19554375 0.046653125000000004 0.223346875 0.0607625 0.23029843749999998 0.0589984375 0.25214375 0.03078125 0.2302359375 0 0.1675 0
16 0.12405 0.1207265625 0.1458953125 0.156 0.1528453125 0.1577625 0.1975296875 0.1313078125 0.200509375 0.1260171875 0.1985234375 0.1154359375 0.207459375 0.1101453125 0.2263265625 0.066053125 0.21937500000000001 0.0572359375 0.19355781249999998 0.046653125000000004 0.1776703125 0.032543749999999996 0.1697265625 0.0184359375 0.135965625 0.029017187500000003 0.1061765625 0.046653125000000004 0.0763875 0.05370781249999999 0.0734078125 0.0589984375 0.12405 0.1207265625
16 0.576846875 0.0395984375 0.5867765625 0.046653125000000004 0.615571875 0.0484171875 0.6245093749999999 0.046653125000000004 0.6294734375 0.0378359375 0.6264953125 0.032543749999999996 0.608621875 0.029017187500000003 0.575853125 0.03078125 0.576846875 0.0395984375
16 0.5590796874999999 0 0.5828046875 0.0184359375 0.6374171875 0.0237265625 0.6433765625000001 0.016671875 0.6433765625000001 0 0.5590796874999999 0
6 0.66875 0 0.66875 0.357159375 0.6747453125 0.35443281249999997 0.6806984375 0.3411984375 0.7084796875 0.3246546875 0.71641875 0.3114203125 0.738246875 0.2981859375 0.7467125 0.287303125 0.75610625 0.2783328125 0.77198125 0.2684078125 0.77595 0.261790625 0.797778125 0.25186406250000004 0.8086921874999999 0.25351875 0.809684375 0.27502499999999996 0.80836875 0.2988734375 0.821590625 0.30149375 0.847871875 0.313559375 0.8676234375 0.3246859375 0.8811234375 0.3279640625 0.8840999999999999 0.323 0.886084375 0.2866046875 0.8969984375 0.2684078125 0.8999750000000001 0.2700625 0.8999750000000001 0.26013593749999997 0.905928125 0.24028437500000002 0.9148578125 0.2320125 0.9237875000000001 0.21712343750000002 0.925771875 0.207196875 0.9317249999999999 0.20057968750000002 0.933709375 0.17741875000000001 0.9366859375000001 0.17245625 0.9426390625 0.1757640625 0.9476000000000001 0.1708015625 0.9476000000000001 0.1377140625 0.9446234375 0.1327515625 0.9366859375000001 0.1327515625 0.9247796875000001 0.122825 0.9237875000000001 0.1112453125 0.9168421875 0.09635625 0.9108890625000001 0.09635625 0.8969984375 0.083121875 0.8930296875 0.083121875 0.889778125 0.0687875 0.8809703125 0.0616671875 0.889778125 0.055882812500000004 0.884171875 0.0354109375 0.8731859375000001 0.043417187499999996 0.8652468750000001 0.0301828125 0.809684375 0.033490625 0.791825 0.0401078125 0.78785625 0.0467265625 0.77595 0.05334375 0.7749578125000001 0.0649234375 0.7769421875 0.06823281249999999 0.77198125 0.0731953125 0.758090625 0.05334375 0.738246875 0.043417187499999996 0.718403125 0.023565625 0.70426875 0 0.66875 0
7 0.8523484375000001 0.1377140625 0.8500078125 0.1555703125 0.8532109374999999 0.16580625 0.8771546875 0.20223437500000002 0.9009671875 0.22539531249999997 0.9049359375 0.23862968750000002 0.9118812500000001 0.236975 0.9188265624999999 0.2320125 0.9277562500000001 0.2138140625 0.929740625 0.19396249999999998 0.8831078124999999 0.13606093749999998 0.8791390625 0.126134375 0.8533406250000001 0.10959062500000001 0.82754375 0.0798125 0.8241171875 0.07635468749999999 0.8186140625 0.084775 0.815309375 0.0928203125 0.8225828125 0.1079359375 0.8371953124999999 0.129759375 0.8473875 0.1294421875 0.8523484375000001 0.1377140625
7 0.897990625 0.14433125 0.9029515625 0.142678125 0.905928125 0.131096875 0.9069203124999999 0.093046875 0.9029515625 0.0897390625 0.8870765625000001 0.0897390625 0.8850921875 0.08642968749999999 0.85135625 0.08642968749999999 0.8493718749999999 0.083121875 0.8384578125000001 0.088084375 0.8612781249999999 0.11620781250000001 0.8771546875 0.122825 0.8870765625000001 0.13936874999999999 0.8950140624999999 0.1459859375 0.897990625 0.14433125
7 0.945615625 0.17741875000000001 0.949584375 0.1575671875 0.949584375 0.13440625 0.9466078124999999 0.1294421875 0.9327171875 0.1294421875 0.9148578125 0.1195171875 0.905928125 0.121171875 0.904725 0.141775 0.8959171874999999 0.1480046875 0.8993874999999999 0.1564609375 0.9039249999999999 0.16135625 0.9183375 0.1760421875 0.9307328125 0.1757640625 0.9366859375000001 0.1790734375 0.945615625 0.17741875000000001
7 0.8850921875 0.2820875 0.890053125 0.2804328125 0.894021875 0.2671984375 0.90394375 0.25065468750000003 0.90394375 0.24072812500000002 0.8999750000000001 0.22749375 0.8870765625000001 0.2126046875 0.8791390625 0.2159140625 0.8731859375000001 0.2059875 0.86723125 0.2059875 0.8602859374999999 0.21756875 0.8644203125000001 0.23968281249999998 0.8612187499999999 0.2525890625 0.8641546874999999 0.26149062500000003 0.871628125 0.276621875 0.8850921875 0.2820875
7 0.79579375 0.083121875 0.797778125 0.0897390625 0.8067078125 0.0947015625 0.8116687499999999 0.093046875 0.823575 0.0765046875 0.8315125 0.083121875 0.8652468750000001 0.083121875 0.8682234375 0.071540625 0.8702078125 0.0351453125 0.86723125 0.0301828125 0.797778125 0.033490625 0.781903125 0.050034375 0.7630515625000001 0.054996875 0.766028125 0.06326875 0.773965625 0.066578125 0.789840625 0.083121875 0.79579375 0.083121875
7 0.82754375 0.16252968750000002 0.83548125 0.1492953125 0.8473875 0.152603125 0.8503640625 0.147640625 0.8503640625 0.1377140625 0.8473875 0.1327515625 0.8315125 0.126134375 0.8136531250000001 0.126134375 0.8116687499999999 0.122825 0.797778125 0.126134375 0.7967859374999999 0.160875 0.7997625 0.1658390625 0.8067078125 0.164184375 0.82754375 0.16252968750000002
0 0.19209218749999998 0.7054140624999999 0.21421562500000002 0.9094796875 0.42388281250000004 0.9674796875 0.530446875 0.9221734375 0.566884375 0.7561859375 0.5707890625 0.607775 0.19209218749999998 0.7054140624999999
17 0.4153296875 0.7458984375 0.41268593750000004 0.7439140625 0.41268593750000004 0.74193125 0.410040625 0.7399484375000001 0.410040625 0.7359828125 0.407396875 0.7339984375 0.407396875 0.726065625 0.4060734375 0.725075 0.40342968749999997 0.725075 0.400784375 0.7230921875 0.382271875 0.7230921875 0.379628125 0.725075 0.36905 0.725075 0.3664046875 0.7270578125 0.361115625 0.7270578125 0.358471875 0.729040625 0.3505375 0.729040625 0.3452484375 0.7330078125 0.342603125 0.7330078125 0.339959375 0.734990625 0.3373140625 0.734990625 0.3346703125 0.7330078125 0.332025 0.734990625 0.32938125 0.734990625 0.328059375 0.7359828125 0.330703125 0.737965625 0.330703125 0.7399484375000001 0.32938125 0.740940625 0.32673593749999996 0.740940625 0.3254140625 0.7399484375000001 0.3254140625 0.737965625 0.3240921875 0.7369734375 0.320125 0.7399484375000001 0.3240921875 0.7429234375 0.32673593749999996 0.7429234375 0.328059375 0.7439140625 0.328059375 0.74788125 0.3346703125 0.7528390625 0.3359921875 0.751846875 0.3359921875 0.737965625 0.3373140625 0.7369734375 0.342603125 0.7369734375 0.34657031250000003 0.7399484375000001 0.34657031250000003 0.7458984375 0.3439265625 0.74788125 0.34657031250000003 0.7498640625 0.34657031250000003 0.7597796875 0.349215625 0.7617625 0.349215625 0.763746875 0.34657031250000003 0.7657296875 0.34657031250000003 0.7677125 0.3452484375 0.7687046875 0.342603125 0.7687046875 0.34128125 0.7696953125 0.34128125 0.771678125 0.33863750000000004 0.7736625 0.33863750000000004 0.777628125 0.3359921875 0.7796109375 0.3359921875 0.8113421875 0.3333484375 0.8133250000000001 0.3333484375 0.8153078125000001 0.328059375 0.819275 0.328059375 0.8232406250000001 0.3254140625 0.8252234375 0.3254140625 0.8351390625 0.32673593749999996 0.83613125 0.332025 0.83613125 0.3346703125 0.8381140625000001 0.34789375 0.8381140625000001 0.3505375 0.83613125 0.37169375 0.83613125 0.3743390625 0.8341484375 0.3769828125 0.8341484375 0.379628125 0.83613125 0.40871874999999996 0.83613125 0.41136249999999996 0.8381140625000001 0.41400781249999996 0.8381140625000001 0.4153296875 0.837121875 0.41665156249999996 0.83613125 0.42723125 0.83613125 0.428553125 0.8351390625 0.428553125 0.8053921875000001 0.42590781250000004 0.803409375 0.42590781250000004 0.7974593750000001 0.42326406250000004 0.7954765625 0.42326406250000004 0.78754375 0.42061875000000004 0.7855609375 0.42061875000000004 0.7657296875 0.41797500000000004 0.763746875 0.41797500000000004 0.7558140625 0.4153296875 0.7538296875 0.4153296875 0.7458984375
6 0.7790265625 1 0.7883953125 0.979071875 0.7804578125 0.9461625 0.81021875 0.9192375 0.8399765625000001 0.8474359375 0.83105 0.8190156249999999 0.7526828125 0.7666625 0.7308578125 0.6679359375 0.66875 0.48364375 0.66875 1 0.7790265625 1