22 0.0711109375 0 0.0681171875 0.0062671875 0.1072421875 0.1270234375 0.21033125 0.115628125 0.3519171875 0 0.0711109375 0
22 0.3680671875 0.0981859375 0.21033125 0.115628125 0.12354375 0.1865015625 0.207225 0.2748171875 0.2441765625 0.2838265625 0.36589375 0.30545625 0.373503125 0.145046875 0.3680671875 0.0981859375
6 0 0 0 0.546521875 0.002715625 0.55 0.4390625 0.55 0.4390625 0 0 0
17 0.0962453125 0 0.0768171875 0.051920312499999996 0.107546875 0.1062546875 0.11574218750000001 0.16059218749999998 0.107546875 0.1945515625 0.11574218750000001 0.21152812499999998 0.11164375 0.218321875 0.135203125 0.257375 0.155690625 0.2539796875 0.1761765625 0.2268125 0.1946140625 0.24379374999999998 0.251978125 0.2539796875 0.271440625 0.27605625 0.2765625 0.3015234375 0.2980734375 0.3134109375 0.34723906250000003 0.27265937500000004 0.3656796875 0.12323593749999999 0.31753593750000003 0.12833125 0.2970484375 0.1079515625 0.270415625 0.10455624999999999 0.289878125 0.0858796875 0.2683671875 0.0739921875 0.2560765625 0.0739921875 0.2540265625 0.090975 0.23763593749999998 0.08757812499999999 0.253003125 0.075690625 0.21305468749999998 0.0604109375 0.2007609375 0.029843750000000002 0.1755546875 0 0.0962453125 0
13 0.52230625 0 0.4465109375 0.03340625 0.515790625 0.20133593749999998 0.476396875 0.2670515625 0.549753125 0.305384375 0.5130765625 0.36014218750000004 0.4390625 0.374475 0.4390625 0.55 1 0.55 1 0 0.52230625 0
6 0.5397765625 0 0.46092656249999997 0.0337625 0.45375781249999997 0.0488984375 0.4680984375 0.10117499999999999 0.48039062499999996 0.10943125000000001 0.5152171875 0.211234375 0.482440625 0.2470046875 0.49370624999999996 0.26763906249999997 0.4390625 0.288903125 0.4390625 0.55 1 0.55 1 0 0.66465625 0 0.6637453125 0.0007484375 0.662071875 0 0.5397765625 0
6 0.4390625 1 0.4390625 0.8382109375000001 0.413015625 0.8244640625 0.3767828125 0.81421875 0.36901875 0.8019265624999999 0.35607812499999997 0.799878125 0.3379625 0.787584375 0.31725781249999996 0.7855359375 0.29655312500000003 0.775290625 0.2137359375 0.7589 0.174915625 0.7568515625 0.146446875 0.765046875 0.117978125 0.7855359375 0.0972734375 0.7896328125000001 0.058453124999999995 0.775290625 0.024809375 0.777340625 0.01445625 0.76914375 0 0.7775375 0 0.7856421874999999 0.0028109375 0.788609375 0 0.7883609375 0 1 0.4390625 1
17 0.22397968750000002 1 0.24608593750000002 0.9812015625000001 0.266790625 0.9258828125 0.265496875 0.9146140624999999 0.23832187500000002 0.9320296875 0.203384375 0.9658359375 0.146446875 0.9801781249999999 0.13350625 0.9781281249999999 0.1125109375 1 0.22397968750000002 1
17 0.0959796875 0.8869546875 0.115390625 0.867490625 0.174915625 0.8859296875 0.1865609375 0.8685140625000001 0.194325 0.8398296875 0.2137359375 0.844953125 0.22020625 0.8418796875 0.21761875000000003 0.833684375 0.1956203125 0.81421875 0.1645625 0.8121703124999999 0.1128015625 0.822415625 0.1115078125 0.8582703125 0.0933921875 0.8767093750000001 0.09080468750000001 0.8869546875 0.0959796875 0.8869546875
13 0.24091093749999998 0.9893968750000001 0.2422046875 0.9945203125000001 0.25385 0.9934953125 0.353490625 0.957640625 0.38325312500000003 0.9320296875 0.33537343750000004 0.8961734375000001 0.31725781249999996 0.8961734375000001 0.2732609375 0.910515625 0.24091093749999998 0.9893968750000001
13 0.1412703125 0.7670953125 0.115390625 0.787584375 0.10115624999999999 0.7906578125 0.10115624999999999 0.7968046875 0.1076265625 0.8019265624999999 0.12056718749999999 0.8019265624999999 0.119271875 0.8070484375 0.1257421875 0.8101218749999999 0.1412703125 0.8019265624999999 0.1645625 0.8101218749999999 0.1956203125 0.8121703124999999 0.22926406250000003 0.842903125 0.24738125000000002 0.8183171874999999 0.25643906250000004 0.8480265625 0.2862015625 0.8510984374999999 0.30043593749999997 0.8644171875 0.3056109375 0.8787593749999999 0.31596406250000003 0.8808078125 0.327609375 0.8736359374999999 0.3509015625 0.8797828125 0.3612546875 0.877734375 0.37548906249999997 0.86031875 0.34184375 0.8398296875 0.3444328125 0.821390625 0.326315625 0.805 0.3314921875 0.8009015625 0.32890312499999996 0.7947546875 0.29655312500000003 0.777340625 0.2603203125 0.7732421875 0.2137359375 0.7589 0.16973906249999998 0.7568515625 0.1412703125 0.7670953125
17 0.1956203125 0.9637874999999999 0.22149999999999997 0.9391999999999999 0.26937812499999997 0.9074421875 0.28749531250000004 0.8808078125 0.297846875 0.8746609375000001 0.297846875 0.8644171875 0.28878906249999997 0.8531484375 0.26808437500000004 0.8470015625 0.2590265625 0.8541718749999999 0.1684453125 0.946371875 0.1425640625 0.9648109375 0.13997656249999998 0.97505625 0.1529171875 0.9771046875 0.1956203125 0.9637874999999999
6 1 0.5846265625 0.9596843749999999 0.5564734375 0.9555843749999999 0.5564734375 0.9463578125 0.5745703125 0.9484078125 0.5857046875 0.954559375 0.591271875 0.954559375 0.5996234375 0.951484375 0.6010156249999999 0.93098125 0.5787453124999999 0.9145796875000001 0.57039375 0.8920265625000001 0.5509062499999999 0.8913593750000001 0.55 0.746075 0.55 0.74440625 0.5509062499999999 0.7382546875 0.5620421875 0.7259546875 0.567609375 0.7126265625 0.5857046875 0.7095515625 0.60936875 0.6869984375 0.60936875 0.6316421875 0.5954484375 0.6152390624999999 0.5954484375 0.5660328125 0.5787453124999999 0.5434812499999999 0.5759624999999999 0.527078125 0.567609375 0.4983734375 0.564825 0.481971875 0.5564734375 0.45941875000000004 0.5564734375 0.4390625 0.57424375 0.4390625 1 1 1 1 0.5846265625
16 0.7853796875 1 0.8100156249999999 0.9768421875 0.83871875 0.9629234375 0.858196875 0.9364765625 0.8684484375 0.9030703125 0.8663984375 0.88358125 0.817190625 0.8139843750000001 0.8151406250000001 0.794496875 0.8079656249999999 0.7791859375 0.8018140624999999 0.77361875 0.7813109375 0.770834375 0.7567078125 0.7791859375 0.7403062499999999 0.790321875 0.7208281249999999 0.8195515625 0.7187781249999999 0.8306875 0.694175 0.8780140624999999 0.668546875 0.9128125 0.6398421875 0.9406515625 0.6070375 0.9601390625 0.5885859375 0.987978125 0.575796875 1 0.7853796875 1
16 0.8192421875000001 0.8195515625 0.83564375 0.839040625 0.8469203125 0.85991875 0.853071875 0.8654859374999999 0.858196875 0.86409375 0.8848499999999999 0.794496875 0.8889515625 0.7694421874999999 0.8848499999999999 0.7416031249999999 0.8653718749999999 0.7151562499999999 0.83461875 0.6956687500000001 0.8018140624999999 0.678965625 0.7731109375 0.68175 0.7495328125 0.7276828125 0.7310796875000001 0.7833609375 0.7290296875 0.800065625 0.7321046875 0.8014578125 0.7403062499999999 0.790321875 0.7690109374999999 0.77361875 0.8018140624999999 0.77361875 0.8130906250000001 0.7889296875 0.8192421875000001 0.8195515625