6 0 0 0 0.22269843749999998 0.0086984375 0.2175390625 0.0107609375 0.19553281250000001 0.02828125 0.14601718749999998 0.042710937500000004 0.14601718749999998 0.06332499999999999 0.16802343749999998 0.0880609375 0.16802343749999998 0.1148578125 0.18269531249999998 0.1993734375 0.18636250000000001 0.202465625 0.19553281250000001 0.19628125000000002 0.235878125 0.20865 0.265221875 0.2148328125 0.3055671875 0.212771875 0.34958125 0.22307812500000002 0.37525624999999996 0.2436921875 0.3349109375 0.235446875 0.3092359375 0.2375078125 0.2688890625 0.2313234375 0.20286875000000001 0.2880109375 0.175359375 0.30862500000000004 0.127678125 0.3766484375 0.046984375 0.40756875 0.0543203125 0.4323046875 0.098334375 0.45085781249999995 0.102003125 0.45188750000000005 0.07449375 0.44364218749999995 0.0451515625 0.41826718749999997 0 0 0
13 0.39431875 0 0.38489375 0.013975000000000001 0.3498515625 0.01030625 0.324084375 0.0561546875 0.33130000000000004 0.06165625 0.34160625 0.0433171875 0.40550781249999995 0.0543203125 0.43642812500000006 0.1056703125 0.44364218749999995 0.1075046875 0.45395 0.0965015625 0.4498265625 0.059821875000000004 0.42818281249999995 0.01030625 0.41775624999999994 0 0.39431875 0
13 0.146746875 0 0.140625 0.0084734375 0.1426859375 0.0414828125 0.1540234375 0.0579890625 0.2539984375 0.0708265625 0.2199875 0.050653125 0.212771875 0.037815625000000005 0.212771875 0.012140624999999999 0.20761875000000002 0.0029703125 0.1828828125 0.006639062499999999 0.16298437500000001 0 0.146746875 0
6 0 0.8998109375000001 0.0111578125 0.9516781249999999 0.351253125 0.94989375 0.5174671875 0.7519734375 0.5379234375 0.546925 0.5082171875 0.4296875 0 0.4296875 0 0.8998109375000001
22 0.402396875 0.8125984374999999 0.3793828125 0.70918125 0.271984375 0.7073984375 0.0828640625 0.8542046875 0.0226625 0.9374125 0.13645625 0.9677265625 0.402396875 0.8125984374999999
12 0.41461718750000004 0.68794375 0.468434375 0.6562046875 0.5015515625 0.5263671875 0.4691859375 0.4296875 0.3165828125 0.4296875 0.28214375 0.48885625 0.275934375 0.5205953125 0.278003125 0.5725296875 0.3183671875 0.6634171875 0.35769531250000003 0.6893859375 0.41461718750000004 0.68794375
12 0 0.750765625 0.036617187499999995 0.8578296875 0.036617187499999995 0.898484375 0.0720953125 0.8958718749999999 0.0734625 0.8635343750000001 0.1048453125 0.8454656249999999 0.1266796875 0.7798453125 0.1423703125 0.7332421874999999 0.168978125 0.64955 0.1573796875 0.6010453124999999 0.15123906250000002 0.5563484375 0.0830140625 0.5306703125000001 0.06595625000000001 0.48121562500000004 0.0489 0.4793140625 0 0.510521875 0 0.750765625
12 0.10206249999999999 0.950503125 0.15070624999999999 0.9317500000000001 0.19210312499999999 0.93751875 0.38046406250000003 0.8249921875 0.3897765625 0.8120109375 0.36907812500000003 0.7658453125 0.36907812500000003 0.713909375 0.32043750000000004 0.700928125 0.2707578125 0.706696875 0.2065921875 0.7499765625 0.16105468750000002 0.8019125 0.11551875 0.827878125 0.10516875 0.848075 0.077225 0.8697156250000001 0.071015625 0.8985687499999999 0.077225 0.9389625 0.10206249999999999 0.950503125
12 0.400128125 0.8062390625000001 0.4208265625 0.7802734375 0.43738593750000004 0.7514203125 0.445665625 0.7225640624999999 0.46015468750000005 0.6908296875 0.46325781250000003 0.6691890625 0.44670156250000004 0.6691890625 0.4115109375 0.69226875 0.3866734375 0.69226875 0.377359375 0.705253125 0.364940625 0.7427609375 0.36907812500000003 0.748534375 0.36907812500000003 0.760075 0.3752875 0.7802734375 0.38770937499999997 0.80335625 0.3908125 0.8076812500000001 0.400128125 0.8062390625000001
12 0.12793749999999998 0.5480031249999999 0.152775 0.550890625 0.153809375 0.5811859375 0.1589859375 0.5884015625 0.1993484375 0.5927265625 0.233503125 0.582628125 0.2510953125 0.563875 0.26144531249999997 0.5379046875 0.2635140625 0.4830875 0.2417796875 0.4383640625 0.22777656249999997 0.4296875 0.19885625 0.4296875 0.173475 0.4499046875 0.1666046875 0.4296875 0.0773828125 0.4296875 0.0679109375 0.45279218749999994 0.048246875 0.4513484375 0.048246875 0.4715453125 0.06998125 0.48164375000000004 0.0865375 0.5220374999999999 0.12793749999999998 0.5480031249999999
0 1 0.4296875 0.7 0.4296875 0.7 1 1 1 1 0.4296875