6 0.096875 0 0.096875 1 1 1 1 0 0.096875 0
3 0.2196703125 0.27734375 0.20637656249999997 0.27734375 0.174471875 0.2890625 0.1212984375 0.314453125 0.096040625 0.3349609375 0.0973703125 0.560546875 0.11066406250000001 0.5625 0.17713125000000002 0.53125 0.2196703125 0.494140625 0.235621875 0.4921875 0.2941140625 0.466796875 0.332665625 0.4423828125 0.3379828125 0.4326171875 0.332665625 0.4130859375 0.3007609375 0.3740234375 0.306078125 0.3564453125 0.29544375 0.3408203125 0.2741734375 0.3349609375 0.244928125 0.2919921875 0.2196703125 0.27734375
3 0.31937187499999997 0.1494140625 0.306078125 0.1650390625 0.30474843749999997 0.185546875 0.3113953125 0.2060546875 0.3313359375 0.224609375 0.349946875 0.232421875 0.373875 0.234375 0.4004625 0.23046875 0.42572031250000003 0.2138671875 0.4363546875 0.1982421875 0.43901406249999997 0.1767578125 0.4336953125 0.1630859375 0.4190734375 0.146484375 0.3951453125 0.134765625 0.3685578125 0.130859375 0.3419703125 0.134765625 0.31937187499999997 0.1494140625
3 0.708871875 0.763671875 0.7248234375 0.76171875 0.748753125 0.763671875 0.7447640625 0.7587890625 0.748753125 0.755859375 0.7540703125 0.755859375 0.7593875 0.76171875 0.766034375 0.7587890625 0.7673640625 0.75390625 0.7753390625 0.7578125 0.7939499999999999 0.755859375 0.8059140625 0.7451171875 0.7979390625 0.7353515625 0.7952796875 0.7216796875 0.7979390625 0.7158203125 0.787303125 0.7060546875 0.7899625 0.7021484375 0.787303125 0.6845703125 0.7593875 0.6015625 0.7553984375 0.6025390625 0.7580578124999999 0.6123046875 0.752740625 0.6240234375 0.752740625 0.6396484375 0.7447640625 0.6435546875 0.7447640625 0.6630859375 0.7514109375 0.6640625 0.7580578124999999 0.6728515625 0.7580578124999999 0.6904296875 0.763375 0.6943359375 0.7686921875 0.7119140625 0.7700218750000001 0.73046875 0.7607171875 0.7275390625 0.7553984375 0.7001953125 0.75008125 0.6923828125 0.75008125 0.6806640625 0.74609375 0.67578125 0.7407765625 0.681640625 0.7341296875000001 0.6748046875 0.739446875 0.6572265625 0.7341296875000001 0.6201171875 0.7447640625 0.6123046875 0.74210625 0.6083984375 0.75008125 0.5791015625 0.7447640625 0.5341796875 0.7367890625 0.5244140625 0.7341296875000001 0.5107421875 0.7248234375 0.5078125 0.65835625 0.51953125 0.6424046875 0.525390625 0.638415625 0.5322265625 0.6397453125 0.560546875 0.6463921874999999 0.5654296875 0.643734375 0.5732421875 0.6463921874999999 0.6064453125 0.651709375 0.6240234375 0.6596859375 0.6318359375 0.6596859375 0.6533203125 0.6703203125 0.6787109375 0.6729796875 0.7001953125 0.678296875 0.7080078125 0.6876015625 0.708984375 0.6995671875 0.7197265625 0.6969078125 0.7314453125 0.704884375 0.7607421875 0.708871875 0.763671875
3 1 0.7041015625 0.9774015625000001 0.693359375 0.9428375000000001 0.69140625 0.9215687499999999 0.697265625 0.901628125 0.7119140625 0.8936515625 0.7294921875 0.8949812500000001 0.736328125 0.9042859375000001 0.7607421875 0.92954375 0.779296875 0.9747421875000001 0.783203125 1 0.7724609375 1 0.7041015625
3 0.46294218750000005 0.1787109375 0.468259375 0.1826171875 0.468259375 0.1923828125 0.46294218750000005 0.2001953125 0.464271875 0.21875 0.468259375 0.2236328125 0.46559999999999996 0.2294921875 0.468259375 0.2353515625 0.48554062499999995 0.2421875 0.5679609375 0.244140625 0.579925 0.2373046875 0.5879015625 0.2275390625 0.590559375 0.2021484375 0.5812546875 0.193359375 0.5014921875 0.173828125 0.4908578125 0.1640625 0.47490625 0.162109375 0.46294218750000005 0.1708984375 0.46294218750000005 0.1787109375
16 0.4230609375 0.2373046875 0.4230609375 0.2451171875 0.415084375 0.2568359375 0.397803125 0.259765625 0.3858390625 0.2724609375 0.3725453125 0.3115234375 0.3433 0.3681640625 0.3446296875 0.396484375 0.363240625 0.412109375 0.373875 0.416015625 0.40577968750000004 0.416015625 0.41375624999999994 0.4140625 0.42837812499999994 0.4033203125 0.4363546875 0.3916015625 0.47889375 0.2861328125 0.47889375 0.2783203125 0.46559999999999996 0.2568359375 0.4709171875 0.2392578125 0.4562953125 0.228515625 0.44034218750000004 0.2265625 0.43236718749999997 0.228515625 0.4230609375 0.2373046875
16 0.494846875 0.3330078125 0.489528125 0.3408203125 0.48554062499999995 0.369140625 0.5041515624999999 0.38671875 0.53605625 0.39453125 0.557325 0.40625 0.594546875 0.4140625 0.6078406249999999 0.419921875 0.6291109374999999 0.41796875 0.6623453125000001 0.3955078125 0.6543687499999999 0.3720703125 0.6370875 0.359375 0.5972062499999999 0.34375 0.5759359374999999 0.33984375 0.557325 0.328125 0.5387140625 0.322265625 0.494846875 0.3330078125
16 0.472246875 0.384765625 0.458953125 0.384765625 0.4430015625 0.39453125 0.437684375 0.39453125 0.420403125 0.4111328125 0.42173125 0.41796875 0.42572031250000003 0.4384765625 0.437684375 0.44921875 0.4536359375 0.455078125 0.48554062499999995 0.45703125 0.512128125 0.466796875 0.546690625 0.466796875 0.56264375 0.4609375 0.5746078125 0.4462890625 0.577265625 0.4306640625 0.5719484375 0.4189453125 0.559984375 0.408203125 0.5387140625 0.400390625 0.5068109375 0.3984375 0.472246875 0.384765625
16 0.68494375 0.41796875 0.6663328125 0.408203125 0.6503796875 0.40625 0.6291109374999999 0.419921875 0.6158171875 0.421875 0.6091703125000001 0.4306640625 0.6105 0.435546875 0.6144875 0.4599609375 0.643734375 0.4814453125 0.67165 0.513671875 0.7301421875 0.505859375 0.7367890625 0.5087890625 0.74210625 0.5166015625 0.7447640625 0.5302734375 0.7553984375 0.5302734375 0.7607171875 0.5185546875 0.7607171875 0.5029296875 0.726153125 0.4619140625 0.7075421875 0.4501953125 0.6969078125 0.4267578125 0.68494375 0.41796875
16 0.7447640625 0.2939453125 0.74210625 0.2724609375 0.7288125 0.2490234375 0.7128593750000001 0.2314453125 0.6942484375 0.2177734375 0.6836140625 0.2001953125 0.6862734374999999 0.1982421875 0.6796265625 0.18359375 0.6530390625 0.185546875 0.643734375 0.1904296875 0.6450625 0.21875 0.651709375 0.2255859375 0.6463921874999999 0.2470703125 0.6463921874999999 0.2783203125 0.6756375 0.3388671875 0.6969078125 0.4111328125 0.71153125 0.423828125 0.74609375 0.419921875 0.756728125 0.4140625 0.77268125 0.4140625 0.7846453125 0.4072265625 0.7846453125 0.3896484375 0.7686921875 0.3623046875 0.7686921875 0.3525390625 0.7447640625 0.2939453125
16 0.7713515625 0.1572265625 0.7686921875 0.1298828125 0.7540703125 0.119140625 0.7274828125 0.123046875 0.7234953125 0.1279296875 0.7234953125 0.1494140625 0.7314703125 0.1591796875 0.7314703125 0.1650390625 0.7234953125 0.1728515625 0.726153125 0.1865234375 0.71551875 0.1962890625 0.7128593750000001 0.2041015625 0.71153125 0.228515625 0.739446875 0.2646484375 0.7447640625 0.2919921875 0.7686921875 0.3525390625 0.785975 0.353515625 0.8471249999999999 0.341796875 0.8590890625000001 0.3310546875 0.8590890625000001 0.3212890625 0.840478125 0.2861328125 0.83781875 0.2529296875 0.8325015625000001 0.2451171875 0.8245250000000001 0.2041015625 0.81655 0.1904296875 0.8005968749999999 0.1748046875 0.7713515625 0.1572265625
16 0.7168484375 0.193359375 0.7234953125 0.1884765625 0.7234953125 0.1767578125 0.71551875 0.1650390625 0.7075421875 0.1611328125 0.704884375 0.1083984375 0.6676624999999999 0.0498046875 0.643734375 0.0244140625 0.6357578125 0.0009765625 0.546690625 0 0.542703125 0.0029296875 0.5440328125 0.01953125 0.5480203125 0.0302734375 0.5613140624999999 0.0361328125 0.5613140624999999 0.0439453125 0.5719484375 0.0537109375 0.579925 0.0791015625 0.6198046875000001 0.1357421875 0.62778125 0.1396484375 0.634428125 0.1484375 0.6676624999999999 0.1650390625 0.6703203125 0.1806640625 0.6836140625 0.1845703125 0.6902609375 0.19921875 0.7035546874999999 0.19921875 0.7168484375 0.193359375
16 1 0.0634765625 0.9880359375 0.060546875 0.9747421875000001 0.064453125 0.9667656250000001 0.056640625 0.9534734374999999 0.052734375 0.9481546875 0.064453125 0.9242265625 0.06640625 0.9175796875 0.0751953125 0.9202390625 0.0908203125 0.9162515625 0.107421875 0.92555625 0.1279296875 0.922896875 0.1396484375 0.9308734375000001 0.1513671875 0.9401796875 0.15234375 0.9468265625000001 0.1591796875 0.9468265625000001 0.1669921875 0.9308734375000001 0.1728515625 0.9335328125 0.1806640625 0.9468265625000001 0.1845703125 0.9415078125 0.1962890625 0.9441671875000001 0.2041015625 0.9574609374999999 0.2080078125 0.9548015624999999 0.2138671875 0.9574609374999999 0.2216796875 0.969425 0.2265625 0.9880359375 0.2421875 0.993353125 0.2421875 1 0.2353515625 1 0.0634765625
16 0.340640625 0.6728515625 0.340640625 0.6923828125 0.33000625 0.7041015625 0.3140546875 0.7490234375 0.3113953125 0.8212890625 0.30341874999999996 0.8505859375 0.30474843749999997 0.8671875 0.31272500000000003 0.884765625 0.3419703125 0.890625 0.376534375 0.888671875 0.3858390625 0.8818359375 0.39115625 0.8701171875 0.393815625 0.7919921875 0.4017921875 0.7802734375 0.40445000000000003 0.7431640625 0.3991328125 0.7080078125 0.393815625 0.7001953125 0.39647343749999997 0.6748046875 0.38450937500000004 0.666015625 0.349946875 0.666015625 0.340640625 0.6728515625
16 0.46294218750000005 0.6669921875 0.43901406249999997 0.7607421875 0.44034218750000004 0.826171875 0.46161250000000004 0.83203125 0.48819999999999997 0.83203125 0.4921875 0.8291015625 0.489528125 0.8232421875 0.5134578125 0.7919921875 0.529409375 0.7568359375 0.5373859375000001 0.7275390625 0.5373859375000001 0.7119140625 0.5480203125 0.6826171875 0.5480203125 0.6767578125 0.53605625 0.669921875 0.4935171875 0.662109375 0.4695890625 0.662109375 0.46294218750000005 0.6669921875
16 0.6051828125000001 0.67578125 0.5785953125 0.6640625 0.559984375 0.666015625 0.5453609375 0.6728515625 0.5480203125 0.6865234375 0.5400437499999999 0.7080078125 0.5387140625 0.734375 0.557325 0.736328125 0.5653015625 0.740234375 0.6291109374999999 0.79296875 0.6503796875 0.798828125 0.6982375000000001 0.8046875 0.7035546874999999 0.810546875 0.718178125 0.8017578125 0.71551875 0.7822265625 0.702225 0.7685546875 0.702225 0.7568359375 0.6942484375 0.7412109375 0.6291109374999999 0.703125 0.6198046875000001 0.6962890625 0.6051828125000001 0.67578125
16 0.096040625 0.9990234375 0.1186390625 1 0.130603125 0.9892578125 0.1412390625 0.9697265625 0.14389687499999998 0.9345703125 0.135921875 0.9208984375 0.130603125 0.8818359375 0.12794531250000002 0.8525390625 0.130603125 0.8037109375 0.122628125 0.7724609375 0.11066406250000001 0.763671875 0.09338125 0.7646484375 0.09471093750000001 0.92578125 0.096040625 0.9990234375
16 0.11199218749999999 0.5927734375 0.1040171875 0.6240234375 0.096040625 0.6298828125 0.0973703125 0.671875 0.126615625 0.685546875 0.15054375 0.689453125 0.1691546875 0.70703125 0.187765625 0.712890625 0.2170109375 0.712890625 0.2542328125 0.720703125 0.2608796875 0.7177734375 0.258221875 0.6826171875 0.190425 0.634765625 0.17978906249999999 0.6328125 0.15054375 0.611328125 0.139909375 0.609375 0.1212984375 0.591796875 0.11199218749999999 0.5927734375
17 0.22232968749999998 0.71484375 0.1851078125 0.712890625 0.1385796875 0.7451171875 0.135921875 0.7509765625 0.11996875 0.7626953125 0.1212984375 0.76953125 0.1332625 0.8095703125 0.130603125 0.8349609375 0.15054375 0.837890625 0.16649687500000002 0.849609375 0.1984 0.86328125 0.21036562499999997 0.8564453125 0.221 0.8369140625 0.2529046875 0.8173828125 0.27151562500000004 0.7958984375 0.2901265625 0.7841796875 0.2901265625 0.7744140625 0.27151562500000004 0.7490234375 0.235621875 0.71875 0.22232968749999998 0.71484375
3 0.205046875 0.9326171875 0.197071875 0.9404296875 0.1984 0.958984375 0.21302343750000002 0.9755859375 0.22498749999999998 0.98046875 0.26486875 0.98046875 0.2941140625 0.970703125 0.3087375 0.9599609375 0.3113953125 0.9365234375 0.29544375 0.9228515625 0.28215 0.8779296875 0.2768328125 0.8701171875 0.26486875 0.86328125 0.2435984375 0.861328125 0.221 0.8720703125 0.20770624999999998 0.8994140625 0.205046875 0.9326171875
3 0.3685578125 1 0.3725453125 0.9501953125 0.35260625 0.939453125 0.315384375 0.935546875 0.3087375 0.9599609375 0.2941140625 0.970703125 0.275503125 0.9765625 0.266196875 0.9833984375 0.2595515625 1 0.3685578125 1
16 0.5546671875 0.98828125 0.5653015625 0.98828125 0.599865625 0.98046875 0.6450625 0.962890625 0.6543687499999999 0.9541015625 0.651709375 0.9326171875 0.6264515625 0.9140625 0.6131578125 0.916015625 0.5785953125 0.9296875 0.5559968750000001 0.9443359375 0.5613140624999999 0.9638671875 0.5480203125 0.9677734375 0.54935 0.978515625 0.5546671875 0.98828125
16 0.4164140625 0.830078125 0.4124265625 0.8369140625 0.4017921875 0.8427734375 0.4004625 0.861328125 0.4017921875 0.8681640625 0.40976718749999996 0.8740234375 0.407109375 0.8994140625 0.41774374999999997 0.9130859375 0.42970781249999995 0.919921875 0.4536359375 0.923828125 0.472246875 0.91796875 0.489528125 0.9052734375 0.494846875 0.8916015625 0.48687031249999996 0.8720703125 0.46294218750000005 0.8525390625 0.45230625 0.8388671875 0.43236718749999997 0.826171875 0.4164140625 0.830078125
16 0.9534734374999999 0.5390625 0.96011875 0.5341796875 0.9548015624999999 0.5126953125 0.96011875 0.4755859375 0.95214375 0.4580078125 0.9388500000000001 0.4482421875 0.9335328125 0.4384765625 0.9096046875000001 0.3916015625 0.9069453125000001 0.3701171875 0.8936515625 0.3505859375 0.8737109375 0.3359375 0.857759375 0.333984375 0.844465625 0.34375 0.817878125 0.34765625 0.8085734375 0.3583984375 0.8072437499999999 0.37109375 0.81123125 0.3896484375 0.8298421875 0.4150390625 0.840478125 0.4228515625 0.8590890625000001 0.4521484375 0.8697234375 0.4755859375 0.8697234375 0.4853515625 0.8803578125 0.5009765625 0.8949812500000001 0.509765625 0.9109328124999999 0.51171875 0.922896875 0.5244140625 0.936190625 0.5322265625 0.9335328125 0.5361328125 0.9375203125 0.5390625 0.9534734374999999 0.5390625
16 0.5387140625 0.31640625 0.5440328125 0.322265625 0.5732781250000001 0.337890625 0.5892296875 0.341796875 0.62379375 0.3359375 0.6330984374999999 0.3291015625 0.6330984374999999 0.3212890625 0.6410750000000001 0.3154296875 0.6463921874999999 0.3037109375 0.6410750000000001 0.2900390625 0.6184765624999999 0.27734375 0.56264375 0.2734375 0.5453609375 0.2861328125 0.5400437499999999 0.2978515625 0.5387140625 0.31640625
16 0.30341874999999996 0.0693359375 0.29544375 0.0869140625 0.2967734375 0.1015625 0.30341874999999996 0.1162109375 0.3207015625 0.130859375 0.3313359375 0.134765625 0.373875 0.130859375 0.380521875 0.1279296875 0.3884984375 0.1142578125 0.393815625 0.1005859375 0.393815625 0.0830078125 0.38318125 0.0654296875 0.3712171875 0.056640625 0.35260625 0.05078125 0.336653125 0.05078125 0.323359375 0.0546875 0.30341874999999996 0.0693359375
21 0.774009375 0.0634765625 0.7793281249999999 0.0009765625 0.708871875 0 0.702225 0.0126953125 0.7008953124999999 0.03515625 0.704884375 0.0673828125 0.71153125 0.076171875 0.7248234375 0.078125 0.7593875 0.076171875 0.774009375 0.0634765625
21 1 0.4072265625 0.9893656249999999 0.3935546875 0.9707546875 0.3759765625 0.95214375 0.3642578125 0.9415078125 0.3486328125 0.9215687499999999 0.33203125 0.9002984375 0.333984375 0.888334375 0.3408203125 0.8896640625 0.34765625 0.9042859375000001 0.3642578125 0.9122625 0.3955078125 0.9388500000000001 0.4423828125 0.9481546875 0.451171875 0.9534734374999999 0.451171875 0.9774015625000001 0.44140625 1 0.4267578125 1 0.4072265625
21 0.8697234375 0.5419921875 0.8830171874999999 0.5478515625 0.8949812500000001 0.56640625 0.9029578125000001 0.564453125 0.9202390625 0.5517578125 0.92555625 0.5419921875 0.92555625 0.5283203125 0.908275 0.51171875 0.8737109375 0.509765625 0.8670640625000001 0.5146484375 0.8683937500000001 0.529296875 0.8750406249999999 0.5341796875 0.8697234375 0.5419921875
19 0.922896875 0.6435546875 0.922896875 0.6337890625 0.9149218749999999 0.6259765625 0.9096046875000001 0.6044921875 0.885675 0.5517578125 0.8790296874999999 0.544921875 0.809903125 0.5390625 0.766034375 0.5615234375 0.7607171875 0.5791015625 0.7620453125 0.591796875 0.77666875 0.6279296875 0.7952796875 0.6474609375 0.8005968749999999 0.6748046875 0.8125609375 0.68359375 0.8391484374999999 0.685546875 0.844465625 0.6796875 0.8551 0.677734375 0.8630765625000001 0.6875 0.897640625 0.689453125 0.9109328124999999 0.6875 0.9175796875 0.6826171875 0.9202390625 0.6650390625 0.9122625 0.6533203125 0.922896875 0.6435546875
16 0.9348625 0.56640625 0.9215687499999999 0.56640625 0.9135921874999999 0.572265625 0.897640625 0.572265625 0.897640625 0.576171875 0.9122625 0.6083984375 0.9149218749999999 0.6240234375 0.922896875 0.6337890625 0.9175796875 0.6552734375 0.9308734375000001 0.6767578125 0.9454968750000001 0.689453125 0.972084375 0.69140625 0.9986703125 0.701171875 1 0.6337890625 0.9813890625000001 0.6220703125 0.9707546875 0.6103515625 0.9574609374999999 0.5830078125 0.9428375000000001 0.5703125 0.9348625 0.56640625
12 0.29943125 0.12109375 0.288796875 0.12109375 0.26885625 0.1416015625 0.24758593750000002 0.1572265625 0.24758593750000002 0.1650390625 0.231634375 0.1787109375 0.22764687499999997 0.19921875 0.2329640625 0.203125 0.23828125 0.201171875 0.2568921875 0.1875 0.258221875 0.1904296875 0.2396109375 0.2041015625 0.2396109375 0.2099609375 0.24625781249999998 0.21484375 0.2542328125 0.21484375 0.2741734375 0.1943359375 0.2981015625 0.1826171875 0.2981015625 0.1728515625 0.3220296875 0.1455078125 0.3220296875 0.1416015625 0.29943125 0.12109375
17 0.3752046875 0.0556640625 0.39647343749999997 0.0810546875 0.39647343749999997 0.0869140625 0.41375624999999994 0.095703125 0.43103749999999996 0.0849609375 0.44964843749999994 0.0673828125 0.45230625 0.0419921875 0.46294218750000005 0.0283203125 0.46294218750000005 0.0244140625 0.45230625 0.0146484375 0.44964843749999994 0.0009765625 0.3446296875 0 0.3446296875 0.005859375 0.3752046875 0.0556640625
17 0.40445000000000003 0.9228515625 0.389828125 0.923828125 0.363240625 0.94140625 0.3725453125 0.9501953125 0.36988750000000004 0.9853515625 0.4004625 0.98046875 0.41774374999999997 0.9658203125 0.4124265625 0.9345703125 0.40445000000000003 0.9228515625
17 0.5413734375 0.87890625 0.5506796875 0.8857421875 0.5559968750000001 0.8623046875 0.5559968750000001 0.8291015625 0.5506796875 0.8154296875 0.5559968750000001 0.7939453125 0.546690625 0.779296875 0.5347265625000001 0.7861328125 0.529409375 0.7958984375 0.529409375 0.8193359375 0.5174453125 0.8671875 0.5254218749999999 0.876953125 0.5413734375 0.87890625
12 0.6131578125 0.466796875 0.5918890625000001 0.4609375 0.586571875 0.462890625 0.5653015625 0.4609375 0.46692968749999997 0.5 0.4004625 0.513671875 0.3858390625 0.5263671875 0.380521875 0.5361328125 0.38185156249999996 0.560546875 0.38318125 0.5693359375 0.3924859375 0.572265625 0.3991328125 0.5771484375 0.4017921875 0.5849609375 0.41375624999999994 0.58984375 0.4430015625 0.58984375 0.47756406250000005 0.58203125 0.5732781250000001 0.5703125 0.599865625 0.560546875 0.6224640625 0.5439453125 0.6330984374999999 0.5283203125 0.638415625 0.5107421875 0.6330984374999999 0.4873046875 0.6131578125 0.466796875
15 0.783315625 0.353515625 0.7713515625 0.3564453125 0.77268125 0.365234375 0.783315625 0.37890625 0.783315625 0.353515625
15 0.783315625 0.43359375 0.7899625 0.4208984375 0.785975 0.40625 0.77666875 0.4130859375 0.7753390625 0.419921875 0.7793281249999999 0.4326171875 0.783315625 0.43359375
15 0.7819859375 0.0478515625 0.7779984375 0.0390625 0.774009375 0.0654296875 0.763375 0.0751953125 0.7647046875 0.1015625 0.7713515625 0.1552734375 0.785975 0.1640625 0.7899625 0.1337890625 0.7819859375 0.0830078125 0.7819859375 0.0478515625
13 0.8763703125 0.271484375 0.8723828125 0.2744140625 0.8737109375 0.279296875 0.885675 0.2841796875 0.885675 0.2939453125 0.9042859375000001 0.3037109375 0.9202390625 0.3291015625 0.9548015624999999 0.3623046875 0.9853765624999999 0.376953125 0.9986703125 0.376953125 1 0.2998046875 0.9827187500000001 0.291015625 0.969425 0.2890625 0.9428375000000001 0.275390625 0.9189093749999999 0.275390625 0.9135921874999999 0.26953125 0.8763703125 0.271484375
13 0.1718140625 0.58984375 0.183778125 0.5615234375 0.16649687500000002 0.548828125 0.15054375 0.544921875 0.11996875 0.5615234375 0.1146515625 0.5732421875 0.11598125 0.587890625 0.1212984375 0.591796875 0.1345921875 0.591796875 0.1452265625 0.5859375 0.1718140625 0.58984375
17 0.1984 0.00390625 0.20637656249999997 0.01171875 0.214353125 0.013671875 0.240940625 0.013671875 0.28347968749999997 0.0078125 0.2874671875 0.0009765625 0.1984 0 0.1984 0.00390625
17 0.47490625 0.140625 0.4842109375 0.1396484375 0.4842109375 0.1337890625 0.468259375 0.1201171875 0.45097812499999995 0.109375 0.437684375 0.107421875 0.42705000000000004 0.09375 0.4004625 0.095703125 0.397803125 0.1015625 0.411096875 0.107421875 0.4430015625 0.1328125 0.47490625 0.140625
17 0.3207015625 0.05078125 0.33399531250000003 0.052734375 0.35659375 0.0498046875 0.34595937499999996 0.0341796875 0.302090625 0 0.2901265625 0.0009765625 0.29145468750000003 0.01171875 0.3007609375 0.0166015625 0.2981015625 0.0205078125 0.3007609375 0.0322265625 0.3207015625 0.05078125
13 0.785975 0.76953125 0.796609375 0.78515625 0.8045859375 0.78515625 0.8152203124999999 0.791015625 0.8391484374999999 0.79296875 0.853771875 0.7744140625 0.86440625 0.7451171875 0.86440625 0.7197265625 0.8551 0.71875 0.8285140625 0.69921875 0.809903125 0.693359375 0.7952796875 0.6943359375 0.8085734375 0.7509765625 0.7846453125 0.7607421875 0.785975 0.76953125