6 0 0 0 0.4817671875 0.00644375 0.478809375 0.012045312499999999 0.4865234375 0.012045312499999999 0.520459375 0.015421874999999998 0.5390625 0.3390625 0.5390625 0.3390625 0 0 0
13 0.3301890625 0.10704218750000001 0.3279484375 0.0977875 0.298821875 0.0576796875 0.30554375 0.0453390625 0.3044234375 0.0407109375 0.28650000000000003 0.04688125 0.2831390625 0.054593749999999996 0.2853796875 0.0576796875 0.279778125 0.0653921875 0.2708171875 0.0653921875 0.26185468749999996 0.059221875 0.25401406249999997 0.0823609375 0.241690625 0.09007343749999999 0.22152656249999997 0.083903125 0.212565625 0.0746484375 0.20360312500000002 0.0746484375 0.17447812499999998 0.0437953125 0.1498328125 0.0407109375 0.12966875 0.0437953125 0.10278281250000001 0.059221875 0.0949421875 0.0700203125 0.0859796875 0.10087187500000001 0.0859796875 0.125553125 0.07701875 0.15640625 0.07925937499999999 0.1872578125 0.1330296875 0.2828984375 0.1475921875 0.29986718749999997 0.157675 0.298325 0.1643953125 0.29524062500000003 0.1643953125 0.285984375 0.169996875 0.2751859375 0.20584375000000002 0.278271875 0.2092046875 0.27364375 0.20584375000000002 0.256675 0.2304890625 0.256675 0.23945 0.2628453125 0.2484125 0.256675 0.255134375 0.259759375 0.279778125 0.23816406250000002 0.30554375 0.1995984375 0.3279484375 0.134809375 0.3301890625 0.10704218750000001
16 0.2428109375 0.08853124999999999 0.25065312500000003 0.083903125 0.26185468749999996 0.062306249999999994 0.279778125 0.0653921875 0.2831390625 0.051509375 0.279778125 0.04688125 0.2708171875 0.04688125 0.2484125 0.0283703125 0.2372109375 0.025284374999999998 0.20136250000000003 0.0283703125 0.17783906249999998 0.042253125 0.17783906249999998 0.0484234375 0.199121875 0.0715625 0.2372109375 0.09007343749999999 0.2428109375 0.08853124999999999
13 0.2708171875 0.26593125 0.269696875 0.2705578125 0.28201875 0.2751859375 0.284259375 0.269015625 0.2954625 0.2967828125 0.310025 0.298325 0.3390625 0.2954984375 0.3390625 0.244334375 0.3156265625 0.244334375 0.2999421875 0.23816406250000002 0.28650000000000003 0.2412484375 0.27641875 0.2551328125 0.2786578125 0.2643875 0.2708171875 0.26593125
13 0.3133859375 0.395509375 0.3390625 0.3933 0.3390625 0.315075 0.317865625 0.3183796875 0.3111453125 0.3338046875 0.298821875 0.34151875 0.298821875 0.37854062499999996 0.3044234375 0.3893390625 0.3133859375 0.395509375
3 0.28986093749999997 0.5297156249999999 0.310025 0.4772671875 0.312265625 0.45875625 0.3044234375 0.45104218749999997 0.28874062500000003 0.4479578125 0.2752984375 0.45104218749999997 0.26745625 0.46184062499999995 0.24953281249999998 0.5081187500000001 0.2450515625 0.5266296875 0.2484125 0.537428125 0.27641875 0.538971875 0.284259375 0.537428125 0.28986093749999997 0.5297156249999999
13 0.0437671875 0 0.0075640625000000005 0.029912499999999998 0.009804687500000001 0.0453390625 0.0210078125 0.0576796875 0.0198875 0.0746484375 0.0243671875 0.068478125 0.0355703125 0.068478125 0.042290625 0.0777328125 0.0456515625 0.076190625 0.054614062500000005 0.0700203125 0.054614062500000005 0.0576796875 0.063575 0.0453390625 0.063575 0.032996874999999995 0.06805625 0.0237421875 0.06805625 0 0.0437671875 0
16 0.10614375000000001 0.5019484375000001 0.108384375 0.5235453125 0.11510625000000001 0.5358859375 0.11510625000000001 0.5390625 0.1469734375 0.5390625 0.13974999999999999 0.5266296875 0.1330296875 0.49886406250000004 0.127428125 0.49115000000000003 0.1184671875 0.48806562500000006 0.1139859375 0.49732031250000003 0.10614375000000001 0.5019484375000001
16 0.3390625 0.392690625 0.3010625 0.39396718750000004 0.3010625 0.41556249999999995 0.3089046875 0.4263609375 0.331309375 0.44178750000000006 0.3390625 0.4424984375 0.3390625 0.392690625
21 0.05349374999999999 0.185715625 0.0501328125 0.19034374999999998 0.0501328125 0.21502500000000002 0.0434109375 0.22736562500000002 0.0434109375 0.23662187499999998 0.055734375 0.24741875000000002 0.061334375 0.24587656249999998 0.065815625 0.23970625 0.07029687500000001 0.20268437499999997 0.062454687499999995 0.1888 0.05349374999999999 0.185715625
6 1 0.17764843749999998 0.569484375 0.09569375 0.3390625 0.1578421875 0.3390625 0.5390625 1 0.5390625 1 0.17764843749999998
6 0.3390625 1 0.3390625 0.5390625 0 0.5390625 0 1 0.3390625 1
6 1 0.570471875 0.99789375 0.5688921875 0.98893125 0.5688921875 0.98445 0.56553125 0.98445 0.5610515625 0.9814624999999999 0.5588109375 0.9814624999999999 0.5565703125 0.97698125 0.553209375 0.95606875 0.553209375 0.954575 0.5520890625 0.954575 0.5476078125 0.9575625000000001 0.5453671875 0.9575625000000001 0.5390625 0.3390625 0.5390625 0.3390625 1 0.8619625 1 0.8619625 0.975534375 0.858975 0.9732937500000001 0.858975 0.9620921875 0.8559875 0.9598515624999999 0.8559875 0.9508890624999999 0.858975 0.9486484374999999 0.858975 0.9329656249999999 0.85748125 0.9318453124999999 0.8544937499999999 0.9318453124999999 0.8515062500000001 0.9296046875 0.84851875 0.9296046875 0.84553125 0.9273640625 0.8425437499999999 0.9273640625 0.8410500000000001 0.92624375 0.8410500000000001 0.9172828125000001 0.8425437499999999 0.9161625000000001 0.84553125 0.9161625000000001 0.8544937499999999 0.909440625 0.85748125 0.909440625 0.858975 0.9083203125000001 0.858975 0.9060796874999999 0.8619625 0.9038390625 0.8619625 0.8993593750000001 0.86495 0.89711875 0.86495 0.894878125 0.858975 0.8903968750000001 0.8619625 0.88815625 0.8619625 0.8791953124999999 0.85748125 0.8758343749999999 0.8544937499999999 0.8758343749999999 0.853 0.8747140625000001 0.853 0.8612718750000001 0.858975 0.856790625 0.858975 0.8523093749999999 0.8619625 0.8500687499999999 0.8619625 0.847828125 0.8634562499999999 0.8467078125 0.8694312500000001 0.8467078125 0.8754062499999999 0.8422281249999999 0.8813812499999999 0.8422281249999999 0.8858625 0.8388671875 0.8858625 0.8343859374999999 0.88885 0.8321453125 0.88885 0.823184375 0.8903437500000001 0.8220640625 0.89631875 0.8220640625 0.8993062500000001 0.8243031249999999 0.90528125 0.8243031249999999 0.91424375 0.831025 0.91723125 0.831025 0.92619375 0.837746875 0.9291812500000001 0.837746875 0.9306749999999999 0.8388671875 0.9306749999999999 0.8411078125 0.9336625 0.8433468749999999 0.9336625 0.85455 0.93814375 0.8579109375 0.94113125 0.8579109375 0.94411875 0.8556703125 0.94710625 0.8556703125 0.95308125 0.8511890624999999 0.95606875 0.8511890624999999 0.9575625000000001 0.8500687499999999 0.9575625000000001 0.8411078125 0.9635374999999999 0.8366265625 0.9635374999999999 0.8299046875 0.9665250000000001 0.8276640625 0.9665250000000001 0.8164624999999999 0.9635374999999999 0.814221875 0.9635374999999999 0.8074999999999999 0.9695125000000001 0.8030203124999999 0.9695125000000001 0.8007796875000001 0.9724999999999999 0.7985390625 0.9724999999999999 0.7962984375 0.97399375 0.795178125 0.97698125 0.795178125 0.9799687499999999 0.7974187500000001 0.98295625 0.7974187500000001 0.98445 0.7962984375 0.98445 0.7873359375 0.98295625 0.786215625 0.97399375 0.786215625 0.9695125000000001 0.78285625 0.9695125000000001 0.776134375 0.9665250000000001 0.7738937499999999 0.9665250000000001 0.771653125 0.9695125000000001 0.7694124999999999 0.9695125000000001 0.7671718750000001 0.9754875000000001 0.7626921875 0.9754875000000001 0.7559703125 0.9784750000000001 0.7537296875 0.9784750000000001 0.7492484375 0.9814624999999999 0.7470078124999999 0.9814624999999999 0.73580625 0.98445 0.733565625 0.98445 0.724603125 0.9814624999999999 0.7223640625 0.9814624999999999 0.7156421875000001 0.9784750000000001 0.7134015625 0.9784750000000001 0.7089203125 0.9754875000000001 0.7066796875 0.9754875000000001 0.7044390625 0.9724999999999999 0.7022 0.9724999999999999 0.6999593749999999 0.96801875 0.6965984375 0.96204375 0.6965984375 0.9575625000000001 0.6932375000000001 0.9575625000000001 0.68875625 0.954575 0.686515625 0.954575 0.684275 0.95009375 0.680915625 0.94411875 0.680915625 0.94113125 0.6786749999999999 0.93814375 0.6786749999999999 0.9276875 0.6708328125 0.9276875 0.6685921875 0.9247 0.6663515624999999 0.9247 0.6641125 0.9217124999999999 0.661871875 0.9217124999999999 0.65963125 0.9202187500000001 0.6585109375 0.91723125 0.6585109375 0.91424375 0.6607515625 0.9097625 0.657390625 0.91275 0.65515 0.91275 0.65066875 0.9112562499999999 0.6495484375 0.9082687500000001 0.6495484375 0.90528125 0.6517890625 0.9022937499999999 0.6517890625 0.8993062500000001 0.6540296875 0.8933312499999999 0.6540296875 0.8903437500000001 0.6562703125 0.8843687499999999 0.6562703125 0.882875 0.65515 0.882875 0.648428125 0.8843687499999999 0.6473078125 0.89631875 0.6473078125 0.8993062500000001 0.6450671875 0.9082687500000001 0.6450671875 0.9112562499999999 0.6428281250000001 0.92320625 0.6428281250000001 0.92619375 0.6405875 0.93216875 0.6405875 0.94113125 0.633865625 0.94411875 0.633865625 0.9456125 0.6327453125 0.9456125 0.6282640625 0.94710625 0.62714375 0.95606875 0.62714375 0.96204375 0.6226640625 0.97100625 0.6226640625 0.9724999999999999 0.6215437500000001 0.9695125000000001 0.619303125 0.97399375 0.6159421875 0.97698125 0.6159421875 0.9784750000000001 0.6170625000000001 0.9784750000000001 0.619303125 0.98295625 0.6226640625 1 0.6226640625 1 0.570471875
2 0.8272484375 0.5968984374999999 0.8317296875 0.600259375 0.8556296874999999 0.600259375 0.8571234375 0.5991390625 0.8586171874999999 0.59801875 0.8735546875000001 0.59801875 0.8765421874999999 0.595778125 0.8795296875 0.595778125 0.8810234375 0.5946578125 0.8810234375 0.578975 0.8765421874999999 0.5756140624999999 0.8735546875000001 0.5756140624999999 0.8705671875000001 0.5778546875 0.8496546875 0.5778546875 0.8466671874999999 0.5800953125 0.8347171875000001 0.5800953125 0.8272484375 0.5856953125000001 0.8272484375 0.5968984374999999
13 0.698784375 0.56553125 0.700278125 0.5666515624999999 0.7182031249999999 0.5666515624999999 0.719696875 0.56553125 0.721190625 0.5644125 0.724178125 0.5644125 0.731646875 0.5588109375 0.731646875 0.5565703125 0.734634375 0.5543296875 0.734634375 0.5408875 0.7370671875 0.5390625 0.6993390625 0.5390625 0.701771875 0.5408875 0.701771875 0.5453671875 0.704759375 0.5476078125 0.704759375 0.5543296875 0.698784375 0.5588109375 0.698784375 0.56553125
13 0.5882468750000001 0.8299046875 0.5882468750000001 0.823184375 0.5852593749999999 0.82094375 0.5852593749999999 0.8164624999999999 0.582271875 0.814221875 0.582271875 0.8074999999999999 0.5792843750000001 0.805259375 0.5792843750000001 0.7873359375 0.582271875 0.7850953125 0.582271875 0.78285625 0.5852593749999999 0.780615625 0.5852593749999999 0.778375 0.5882468750000001 0.776134375 0.5882468750000001 0.7694124999999999 0.586753125 0.7682921875 0.577790625 0.7682921875 0.5762968749999999 0.7694124999999999 0.5762968749999999 0.771653125 0.570321875 0.776134375 0.570321875 0.778375 0.568828125 0.7794953125 0.562853125 0.7794953125 0.552396875 0.771653125 0.552396875 0.7694124999999999 0.555384375 0.7671718750000001 0.555384375 0.76493125 0.558371875 0.7626921875 0.558371875 0.7604515625 0.564346875 0.7559703125 0.564346875 0.7492484375 0.546421875 0.73580625 0.546421875 0.733565625 0.543434375 0.731325 0.544928125 0.7302046875 0.547915625 0.7324453125 0.5509031249999999 0.7324453125 0.559865625 0.7391671875 0.562853125 0.7391671875 0.565840625 0.7414078125 0.5718156249999999 0.7414078125 0.577790625 0.7458875 0.5837656250000001 0.7458875 0.589740625 0.75036875 0.601690625 0.75036875 0.606171875 0.7537296875 0.606171875 0.76493125 0.6091593750000001 0.7671718750000001 0.6091593750000001 0.778375 0.612146875 0.780615625 0.612146875 0.7873359375 0.618121875 0.7918171875 0.618121875 0.7940578125 0.622603125 0.7974187500000001 0.625590625 0.7974187500000001 0.630071875 0.7940578125 0.630071875 0.7918171875 0.633059375 0.7895765625 0.633059375 0.78285625 0.630071875 0.780615625 0.630071875 0.776134375 0.627084375 0.7738937499999999 0.627084375 0.7559703125 0.624096875 0.7537296875 0.624096875 0.7470078124999999 0.621109375 0.7447671875 0.621109375 0.742528125 0.618121875 0.7402875 0.618121875 0.73580625 0.615134375 0.733565625 0.615134375 0.729084375 0.612146875 0.72684375 0.612146875 0.724603125 0.601690625 0.7167625 0.598703125 0.7167625 0.594221875 0.7134015625 0.594221875 0.7111609375 0.5807781249999999 0.7010796874999999 0.577790625 0.7010796874999999 0.573309375 0.69771875 0.573309375 0.695478125 0.549409375 0.6775546875 0.549409375 0.6753140625 0.546421875 0.6730734375 0.546421875 0.6708328125 0.534471875 0.661871875 0.534471875 0.657390625 0.5255093750000001 0.65066875 0.5255093750000001 0.648428125 0.524015625 0.6473078125 0.5210281250000001 0.6473078125 0.518040625 0.6495484375 0.515053125 0.6495484375 0.510571875 0.652909375 0.510571875 0.6663515624999999 0.513559375 0.6685921875 0.513559375 0.6753140625 0.512065625 0.676434375 0.506090625 0.676434375 0.5016093749999999 0.6797953125 0.5016093749999999 0.6820359375 0.5001156250000001 0.68315625 0.498621875 0.6820359375 0.498621875 0.6797953125 0.495634375 0.6775546875 0.495634375 0.6753140625 0.489659375 0.6708328125 0.489659375 0.6685921875 0.48667187500000003 0.6663515624999999 0.48667187500000003 0.661871875 0.492646875 0.657390625 0.488165625 0.6540296875 0.48667187500000003 0.65515 0.48667187500000003 0.657390625 0.483684375 0.65963125 0.483684375 0.686515625 0.48667187500000003 0.68875625 0.48667187500000003 0.690996875 0.489659375 0.6932375000000001 0.489659375 0.7066796875 0.492646875 0.7089203125 0.492646875 0.7134015625 0.497128125 0.7167625 0.5001156250000001 0.7167625 0.5016093749999999 0.7178828125 0.5016093749999999 0.724603125 0.498621875 0.72684375 0.498621875 0.733565625 0.495634375 0.73580625 0.498621875 0.738046875 0.498621875 0.742528125 0.5001156250000001 0.7436484375 0.506090625 0.7436484375 0.510571875 0.7470078124999999 0.510571875 0.7492484375 0.513559375 0.7514890624999999 0.513559375 0.7559703125 0.516546875 0.7582109375 0.516546875 0.7626921875 0.5210281250000001 0.7660515625000001 0.524015625 0.7660515625000001 0.528496875 0.7694124999999999 0.528496875 0.78285625 0.531484375 0.7850953125 0.531484375 0.7962984375 0.535965625 0.799659375 0.538953125 0.799659375 0.541940625 0.8019000000000001 0.547915625 0.8019000000000001 0.552396875 0.805259375 0.552396875 0.8074999999999999 0.555384375 0.8097406250000001 0.555384375 0.8276640625 0.558371875 0.8299046875 0.558371875 0.8321453125 0.561359375 0.8343859374999999 0.561359375 0.8366265625 0.565840625 0.8399875 0.577790625 0.8399875 0.5792843750000001 0.8411078125 0.5792843750000001 0.8455875 0.582271875 0.847828125 0.582271875 0.8523093749999999 0.5852593749999999 0.85455 0.5852593749999999 0.856790625 0.5882468750000001 0.8590312499999999 0.5882468750000001 0.8612718750000001 0.592728125 0.8646312500000001 0.601690625 0.8646312500000001 0.603184375 0.8635109375000001 0.6046781250000001 0.8623921875 0.610653125 0.8623921875 0.612146875 0.8612718750000001 0.607665625 0.8579109375 0.601690625 0.8579109375 0.600196875 0.856790625 0.600196875 0.847828125 0.597209375 0.8455875 0.597209375 0.8433468749999999 0.594221875 0.8411078125 0.594221875 0.8388671875 0.591234375 0.8366265625 0.591234375 0.8321453125 0.5882468750000001 0.8299046875
17 0.5016093749999999 1 0.5016093749999999 0.9889765625000001 0.5045968750000001 0.9867359375 0.5045968750000001 0.9844953125 0.507584375 0.98225625 0.507584375 0.977775 0.510571875 0.975534375 0.510571875 0.9710531250000001 0.513559375 0.9688125 0.513559375 0.966571875 0.516546875 0.9643312500000001 0.516546875 0.9620921875 0.519534375 0.9598515624999999 0.519534375 0.9553703125 0.522521875 0.9531296875 0.522521875 0.9508890624999999 0.5255093750000001 0.9486484374999999 0.5255093750000001 0.9441671875000001 0.518040625 0.9385671875 0.515053125 0.9385671875 0.512065625 0.9363265625 0.509078125 0.9363265625 0.506090625 0.9340859375000001 0.5001156250000001 0.9340859375000001 0.497128125 0.9318453124999999 0.494140625 0.9318453124999999 0.491153125 0.9296046875 0.488165625 0.9296046875 0.482190625 0.9251234374999999 0.479203125 0.9251234374999999 0.473228125 0.92064375 0.46725312499999994 0.92064375 0.46575937500000003 0.9217640625 0.46575937500000003 0.930725 0.46277187499999994 0.9329656249999999 0.46277187499999994 0.937446875 0.459784375 0.9396875 0.459784375 0.9464078125000001 0.45679687500000005 0.9486484374999999 0.45679687500000005 0.9508890624999999 0.45380937499999996 0.9531296875 0.45380937499999996 0.9576109374999999 0.45082187500000004 0.9598515624999999 0.45082187500000004 0.9889765625000001 0.45530312500000003 0.9923375 0.45829062499999995 0.9923375 0.46277187499999994 0.9956984375 0.46277187499999994 1 0.5016093749999999 1
2 0.503103125 0.8332656249999999 0.5001156250000001 0.8355062500000001 0.497128125 0.8355062500000001 0.495634375 0.8366265625 0.495634375 0.85455 0.489659375 0.8590312499999999 0.489659375 0.8612718750000001 0.491153125 0.8623921875 0.5001156250000001 0.8623921875 0.5016093749999999 0.8612718750000001 0.503103125 0.8601515624999999 0.509078125 0.8601515624999999 0.512065625 0.8579109375 0.515053125 0.8579109375 0.518040625 0.8556703125 0.5210281250000001 0.8556703125 0.522521875 0.85455 0.522521875 0.8500687499999999 0.5255093750000001 0.847828125 0.5255093750000001 0.8343859374999999 0.5210281250000001 0.831025 0.512065625 0.831025 0.509078125 0.8332656249999999 0.503103125 0.8332656249999999
17 0.766003125 0.6450671875 0.768990625 0.6473078125 0.7869171875000001 0.6473078125 0.7884109375 0.6461875 0.7913984375 0.6439484375 0.7869171875000001 0.6405875 0.7839296874999999 0.6405875 0.7809421875 0.638346875 0.7779546875000001 0.638346875 0.774965625 0.63610625 0.768990625 0.63610625 0.766003125 0.633865625 0.760028125 0.633865625 0.7570406249999999 0.631625 0.7525593749999999 0.6349859375 0.7525593749999999 0.6417078125 0.7570406249999999 0.6450671875 0.766003125 0.6450671875
13 0.479203125 0.5935374999999999 0.470240625 0.600259375 0.46725312499999994 0.600259375 0.46277187499999994 0.6036203125 0.464265625 0.6047390625 0.473228125 0.6047390625 0.474721875 0.6036203125 0.47621562500000003 0.6025 0.479203125 0.6025 0.485178125 0.59801875 0.488165625 0.59801875 0.497128125 0.591296875 0.5001156250000001 0.591296875 0.5045968750000001 0.5879359375 0.5045968750000001 0.58345625 0.503103125 0.5823359375 0.5001156250000001 0.5823359375 0.494140625 0.5868156250000001 0.491153125 0.5868156250000001 0.482190625 0.5935374999999999 0.479203125 0.5935374999999999
7 0.607665625 0.8870359375 0.606171875 0.88815625 0.606171875 0.8926375 0.610653125 0.8959984375 0.612146875 0.894878125 0.612146875 0.8926375 0.615134375 0.8903968750000001 0.615134375 0.88815625 0.613640625 0.8870359375 0.607665625 0.8870359375
7 0.6689093749999999 0.856790625 0.6689093749999999 0.8635109375000001 0.670403125 0.8646312500000001 0.6718968750000001 0.8635109375000001 0.673390625 0.8623921875 0.679365625 0.8623921875 0.683846875 0.8590312499999999 0.683846875 0.856790625 0.686834375 0.85455 0.686834375 0.8523093749999999 0.685340625 0.8511890624999999 0.676378125 0.8511890624999999 0.673390625 0.8489484375 0.670403125 0.8489484375 0.6689093749999999 0.8500687499999999 0.6689093749999999 0.8523093749999999 0.665921875 0.85455 0.6689093749999999 0.856790625
7 0.640528125 0.8691125 0.631565625 0.8691125 0.624096875 0.8747140625000001 0.624096875 0.8769546874999999 0.621109375 0.8791953124999999 0.621109375 0.883675 0.624096875 0.885915625 0.624096875 0.8903968750000001 0.627084375 0.8926375 0.627084375 0.9060796874999999 0.628578125 0.9071999999999999 0.6345531249999999 0.9071999999999999 0.636046875 0.9060796874999999 0.639034375 0.9038390625 0.639034375 0.8993593750000001 0.649490625 0.8915171875000001 0.652478125 0.8915171875000001 0.653971875 0.8903968750000001 0.653971875 0.8814359375 0.6554656249999999 0.880315625 0.6584531250000001 0.880315625 0.6629343750000001 0.8769546874999999 0.6599468749999999 0.8747140625000001 0.6599468749999999 0.8679921875 0.6584531250000001 0.866871875 0.643515625 0.866871875 0.640528125 0.8691125
13 0.8018546875 0.88255625 0.7973734375 0.885915625 0.7973734375 0.88815625 0.7943859375 0.8903968750000001 0.7943859375 0.89711875 0.8003609375 0.9016 0.8003609375 0.9038390625 0.8048421875 0.9071999999999999 0.8078296875 0.9071999999999999 0.8108171875 0.909440625 0.8138046875 0.909440625 0.8257546874999999 0.918403125 0.8406921875 0.918403125 0.8421859375 0.9172828125000001 0.8451734375 0.9150421874999999 0.8451734375 0.9128015625 0.8630984375 0.8993593750000001 0.8630984375 0.894878125 0.8616046875000001 0.8937578125 0.8586171874999999 0.8937578125 0.8526421875000001 0.8892765624999999 0.8466671874999999 0.8892765624999999 0.8436796875000001 0.8870359375 0.8347171875000001 0.8870359375 0.8317296875 0.8847953125 0.8227671875 0.8847953125 0.8197796875 0.88255625 0.8018546875 0.88255625
13 0.743359375 1 0.7421031250000001 0.9990593750000001 0.7391156249999999 0.9990593750000001 0.733140625 0.994578125 0.724178125 0.994578125 0.719696875 0.9979390625000001 0.719696875 1 0.743359375 1
14 0.8152984375000001 1 0.8152984375000001 0.9934578125 0.8123109375 0.9912171875 0.8123109375 0.9844953125 0.8182859375 0.9800156250000001 0.8182859375 0.977775 0.8167921874999999 0.9766546875 0.8078296875 0.9766546875 0.8063359374999999 0.977775 0.8063359374999999 0.9800156250000001 0.8003609375 0.9844953125 0.8003609375 0.9889765625000001 0.7973734375 0.9912171875 0.7973734375 0.9979390625000001 0.800121875 1 0.8152984375000001 1
12 0.3492453125 0.6708328125 0.3492453125 0.6663515624999999 0.3477515625 0.6652312499999999 0.3390625 0.6717484375 0.3390625 0.6784703125 0.3492453125 0.6708328125