6 0 0 0 0.45 0.55 0.45 0.55 0 0 0
3 0.384384375 0.3298453125 0.34471093750000004 0.362259375 0.3268578125 0.35685625 0.31098906249999997 0.3676609375 0.3050390625 0.3892703125 0.26139843749999997 0.4189828125 0.2465203125 0.44464375 0.2465203125 0.45 0.4713765625 0.45 0.46670468749999994 0.44464375 0.46472187500000006 0.42843593750000003 0.438934375 0.3690125 0.4141390625 0.3298453125 0.4042203125 0.32444375000000003 0.384384375 0.3298453125
3 0.1165921875 0.3433515625 0.13246093750000001 0.35685625 0.15328906250000002 0.3582078125 0.17411875000000002 0.35145468750000003 0.19296249999999998 0.3311953125 0.20089687500000003 0.3122875 0.20288124999999999 0.28797812500000003 0.19891406250000002 0.26096718750000003 0.18205312499999998 0.23530625 0.1661828125 0.22450156250000003 0.1443640625 0.2218 0.130478125 0.227203125 0.11361718750000001 0.24205937500000002 0.101715625 0.26636875 0.0977484375 0.2933796875 0.101715625 0.3203921875 0.1165921875 0.3433515625
3 0.14634687500000002 0.197490625 0.15031406249999998 0.19208750000000002 0.16023281250000002 0.19208750000000002 0.16816718749999998 0.197490625 0.1870125 0.1961390625 0.19197031250000002 0.19208750000000002 0.197921875 0.1947890625 0.20387343750000003 0.19208750000000002 0.210815625 0.1745296875 0.2127984375 0.0907953125 0.20585625 0.07864062499999999 0.19593750000000001 0.0705375 0.17015 0.0678359375 0.161225 0.0772890625 0.1413875 0.1583234375 0.13147031250000002 0.16912812500000002 0.12948593749999998 0.185334375 0.1384125 0.197490625 0.14634687500000002 0.197490625
16 0.20585625 0.23800625000000003 0.21379062499999998 0.23800625000000003 0.22569218750000003 0.2461109375 0.22866875000000003 0.2636671875 0.24156249999999999 0.2758234375 0.28123437500000004 0.289328125 0.33876093749999997 0.319040625 0.3675234375 0.317690625 0.38339218750000004 0.2987828125 0.387359375 0.28797812500000003 0.387359375 0.2555640625 0.38537656249999996 0.2474609375 0.37446562499999997 0.2326046875 0.3625640625 0.22450156250000003 0.25544687499999996 0.1812828125 0.24751249999999997 0.1812828125 0.22569218750000003 0.1947890625 0.207840625 0.1893859375 0.1969296875 0.2042421875 0.19494687500000002 0.22044999999999998 0.1969296875 0.228553125 0.20585625 0.23800625000000003
16 0.351565625 0 0.342728125 0.003009375 0.329834375 0.020565625 0.31396562499999997 0.06108281250000001 0.309996875 0.0826921875 0.2980953125 0.1016 0.29214531250000003 0.1205078125 0.30305468750000003 0.1650765625 0.31098906249999997 0.17047812499999998 0.3397515625 0.1745296875 0.35760468749999996 0.155621875 0.3655390625 0.123209375 0.37744218749999997 0.1016 0.38537656249999996 0.063784375 0.39132656250000003 0.05027812499999999 0.38934375 0.02866875 0.3699734375 0 0.351565625 0
16 0.35562187500000003 0.1880359375 0.35562187500000003 0.2015421875 0.3655390625 0.2177484375 0.3655390625 0.22315000000000002 0.38239999999999996 0.2407078125 0.38934375 0.2393578125 0.41017187499999996 0.23530625 0.42108125 0.22315000000000002 0.42703281249999997 0.20694374999999998 0.429015625 0.1745296875 0.438934375 0.14751875 0.438934375 0.11240468749999999 0.4329828125 0.096196875 0.41810625 0.0840421875 0.4022375 0.0813421875 0.390334375 0.08674375 0.379425 0.0988984375 0.37149062499999996 0.1205078125 0.36950625000000004 0.152921875 0.35562187500000003 0.1880359375
16 0.37830625 0 0.37744218749999997 0.0070609375 0.39132656250000003 0.02866875 0.3933109375 0.042175000000000004 0.4022375 0.048928125 0.4071953125 0.0475765625 0.4319921875 0.043525 0.4538109375 0.0138125 0.46975156250000005 0 0.37830625 0
16 0.0042921875 0 0 0.0040453125 0 0.1010453125 0.001540625 0.0975484375 0.009475 0.0975484375 0.01939375 0.08674375 0.04518125 0.07864062499999999 0.10270625 0.0381234375 0.1066734375 0.0300203125 0.1156 0.0232671875 0.12722031250000002 0 0.0042921875 0
16 0.28619374999999997 0.1205078125 0.29214531250000003 0.11510625000000001 0.30801406249999996 0.08539375 0.31198125 0.0691859375 0.30602968750000004 0.034071875 0.2990875 0.024617187500000002 0.291153125 0.024617187500000002 0.2852015625 0.016514062500000003 0.2733 0.0111125 0.2594140625 0.016514062500000003 0.2465203125 0.0394734375 0.242553125 0.096196875 0.25544687499999996 0.11375468749999999 0.26735000000000003 0.11915781249999999 0.28619374999999997 0.1205078125
16 0.0352625 0.35955781249999996 0.053115625 0.3676609375 0.06799374999999999 0.3663109375 0.0828703125 0.35955781249999996 0.0977484375 0.34199999999999997 0.101715625 0.3311953125 0.0977484375 0.28797812500000003 0.094771875 0.281225 0.0808875 0.273121875 0.0670015625 0.26771875 0.049148437499999996 0.26771875 0.0312953125 0.27852343749999997 0.02236875 0.2906796875 0.01641875 0.3095875 0.01641875 0.32579375 0.0203859375 0.3393 0.0352625 0.35955781249999996
12 0.0878296875 0.363609375 0.0878296875 0.3744140625 0.10865781249999999 0.394671875 0.12452656250000001 0.41628125000000005 0.13246093750000001 0.41628125000000005 0.14634687500000002 0.4324890625 0.16717500000000002 0.436540625 0.17114218750000001 0.4311375 0.169159375 0.4257359375 0.1552734375 0.406828125 0.1582484375 0.40547656249999997 0.172134375 0.424384375 0.17808593749999999 0.424384375 0.18304375 0.41763281250000006 0.18304375 0.409528125 0.162215625 0.3892703125 0.15031406249999998 0.36495937500000003 0.140396875 0.36495937500000003 0.112625 0.34065 0.10865781249999999 0.34065 0.0878296875 0.363609375
17 0 0.2997546875 0.021378125 0.2866265625 0.047165625 0.26501874999999997 0.053115625 0.26501874999999997 0.0620421875 0.2474609375 0.0511328125 0.229903125 0.0332796875 0.2109953125 0.0074921875 0.2082953125 0 0.202465625 0 0.2997546875
12 0.45976249999999996 0.024617187500000002 0.438934375 0.0448765625 0.4329828125 0.06648593750000001 0.4349671875 0.07188750000000001 0.4329828125 0.09349687500000001 0.47265625 0.1934390625 0.4865421875 0.26096718750000003 0.49943593750000004 0.2758234375 0.509353125 0.281225 0.5341484375000001 0.279875 0.543075 0.27852343749999997 0.5460515625 0.2690703125 0.55 0.2636921875 0.55 0.1338640625 0.5440671874999999 0.08539375 0.5341484375000001 0.058381249999999996 0.5172875 0.035421875000000005 0.50141875 0.024617187500000002 0.48356562500000005 0.019215625 0.45976249999999996 0.024617187500000002
17 0.10766562500000001 0.185334375 0.1066734375 0.17588125 0.10072343749999998 0.17588125 0.0868375 0.19208750000000002 0.075928125 0.20964531250000001 0.07394375 0.22315000000000002 0.060059375000000005 0.23395468749999998 0.0620421875 0.26096718750000003 0.06799374999999999 0.2636671875 0.07394375 0.2501625 0.09973125000000001 0.2177484375 0.10766562500000001 0.185334375
17 0 0.35965156249999997 0.01641875 0.34199999999999997 0.0184015625 0.32849531249999997 0.0154265625 0.3055359375 0 0.31603906249999997 0 0.35965156249999997
3 0.55 0 0.55 0.08853124999999999 0.6068265625 0.08766874999999999 0.6163859375 0.0837 0.6227578125 0.0737765625 0.6227578125 0.05789999999999999 0.6323171875 0.0281328125 0.6323171875 0.00431875 0.634628125 0 0.55 0
3 0.9250484374999999 0 0.92546875 0.00035 0.935028125 0.0281328125 0.9429953125000001 0.035078125 0.9621140625000001 0.0430171875 0.9860125 0.04599375 1 0.0446171875 1 0 0.9250484374999999 0
3 0.6530296875 0.027140625 0.638690625 0.0380546875 0.64825 0.08766874999999999 0.7215374999999999 0.08766874999999999 0.75818125 0.0866765625 0.7661484375 0.081715625 0.769334375 0.0678234375 0.7820796875 0.051946875 0.77889375 0.0380546875 0.76136875 0.027140625 0.7390625 0.0211875 0.7167578125 0.023171875 0.711978125 0.0261484375 0.7151640625 0.0321015625 0.7103843750000001 0.039046874999999995 0.6992328125 0.0321015625 0.694453125 0.019201562499999998 0.6530296875 0.027140625
15 0.9746 0 0.9812328125 0.0053109375 1 0.0106671875 1 0.0045 0.983578125 0 0.9746 0
15 0.6968140625 0 0.6992328125 0.030117187499999996 0.70241875 0.0360703125 0.7071984375 0.039046874999999995 0.711978125 0.0380546875 0.711978125 0.0082875 0.710315625 0 0.6968140625 0
15 0.8754125 0 0.8936046875000001 0.0321015625 0.9063515625 0.0360703125 0.8878171874999999 0 0.8754125 0
6 0.55 1 0.55 0.76353125 0.521 0.7310875 0.5120750000000001 0.6966828125 0.45057187499999996 0.7086515624999999 0.4495796875 0.6742453125 0.4386671875 0.6637734375 0.41089062500000006 0.720615625 0.3543484375 0.752028125 0.3652609375 0.7924171875 0.2849078125 0.8567375 0.28986875 0.8761828125 0.30474843749999997 0.8657140625 0.3067328125 0.9135796875000001 0.351371875 0.96294375 0.417415625 1 0.49894531249999996 1 0.502153125 0.995853125 0.504903125 1 0.55 1
6 1 0.45 0.55 0.45 0.55 1 1 1 1 0.45