6 0.4380703125 0 0.44057812500000004 0.082246875 0.34010625 0.1883 0.3385125 0.2250828125 0.2943078125 0.21288125 0.26404375 0.281440625 0.2538421875 0.27328593749999996 0.2767484375 0.11211249999999999 0.25935312499999996 0.10389062499999999 0.24512343749999999 0.2578671875 0.2196375 0.272171875 0.2035796875 0.319671875 0.1826046875 0.3254640625 0.1578328125 0.3575390625 0.13392656249999998 0.44725000000000004 0.11925937499999999 0.46089843750000004 0.128478125 0.5531171875 0.09679062499999999 0.5300515625 0.1400640625 0.5835171875 0.1332921875 0.6243375 0.14928593750000002 0.6757359375 0.1466140625 0.7139140625 0.283575 0.8143312500000001 0.3943359375 0.8551953125 0.48874375 0.863821875 0.5978203125 0.8587999999999999 0.691871875 0.8304953125000001 0.8223453125000001 0.7016171875 0.8410671875 0.6720375 0.8422499999999999 0.641128125 0.8933249999999999 0.6390906249999999 0.9137953124999999 0.5565015625 0.8367765625000001 0.5093359375000001 0.8508296874999999 0.5044984375 0.8305281250000001 0.45867500000000005 0.8330984375 0.39391875 0.823715625 0.3740203125 0.7990015625 0.363290625 0.7722359375 0.325834375 0.7428 0.32655781250000004 0.7351062500000001 0.3525453125 0.7041453125 0.2350625 0.6778906250000001 0.2183109375 0.66886875 0.179246875 0.5870328125000001 0.11695625000000001 0.49421875000000004 0.071546875 0.4522921875 0.07601875 0.44663281250000003 0 0.4380703125 0
3 0.6037343749999999 0.7042531249999999 0.6305531249999999 0.698903125 0.65706875 0.6699125 0.672971875 0.6386406250000001 0.6764640625 0.5887140625 0.6698015625 0.543928125 0.6530359375 0.5175640625 0.6324234375 0.5041921874999999 0.5938609375 0.49536718750000003 0.5670890625 0.5140078124999999 0.5483687500000001 0.5435890624999999 0.5406734375 0.5695765625 0.537590625 0.6136250000000001 0.5415890625 0.6405015625 0.5592765625 0.68169375 0.5833765625 0.7012343750000001 0.6037343749999999 0.7042531249999999
3 0.1499015625 0.666928125 0.14374375 0.6989375 0.146409375 0.7168515625 0.1527140625 0.7247109375 0.171328125 0.72464375 0.1935359375 0.7012328125 0.2300515625 0.6833296875 0.25113281249999997 0.648025 0.2590328125 0.6191015625 0.2583171875 0.60133125 0.24062968749999997 0.560134375 0.2347828125 0.5596921874999999 0.218684375 0.5378078125 0.197865625 0.5273734375 0.1758140625 0.5345609375 0.1632984375 0.5454234375 0.1490921875 0.5664890625 0.1370875 0.5980546875 0.1348265625 0.630359375 0.139440625 0.6484203125 0.1499015625 0.666928125
3 0.30848437500000003 0.4722765625 0.25284375 0.4695390625 0.231146875 0.5136578125 0.23012031249999998 0.5283390625 0.24821718750000002 0.5636625000000001 0.264521875 0.5826125 0.27534375 0.58195625 0.2852421875 0.566465625 0.3141671875 0.5450390625 0.3744703125 0.5791296874999999 0.41887968750000004 0.5883984375 0.45831875 0.5426703125000001 0.4458125 0.497440625 0.41581718749999996 0.4641703125 0.4007421875 0.4276 0.35664843749999997 0.3858796875 0.3427 0.36120625 0.331009375 0.360321875 0.30469843750000003 0.386375 0.281103125 0.44363281250000003 0.2607953125 0.45390625 0.306075 0.46471718749999996 0.30848437500000003 0.4722765625
15 0.27602187499999997 0.47424687499999996 0.27971406249999997 0.47747968749999997 0.3100234375 0.4782984375 0.316071875 0.4758046875 0.3164828125 0.46992968749999997 0.3121265625 0.462221875 0.2595125 0.45823749999999996 0.25776875 0.455153125 0.234384375 0.45338124999999996 0.2290015625 0.4603515625 0.228384375 0.46916250000000004 0.230996875 0.4737890625 0.250484375 0.475265625 0.25263749999999996 0.4724765625 0.25633125 0.47570781249999994 0.260434375 0.4730671875 0.2641265625 0.4762984375 0.27386875 0.4770359375 0.27602187499999997 0.47424687499999996
15 0.2627765625 0.1735890625 0.27129375 0.135853125 0.2725265625 0.11823125000000001 0.266425 0.1074375 0.2625265625 0.1071421875 0.257140625 0.1141171875 0.2543703125 0.1257140625 0.24994999999999998 0.21689843749999999 0.2477953125 0.2196890625 0.2414265625 0.3107265625 0.2392734375 0.3135171875 0.243425 0.324165625 0.2484 0.323065625 0.25722812500000003 0.252878125 0.2627765625 0.1735890625
15 0.43751562499999996 0 0.4370484375 0.0066953125 0.43879062500000005 0.0097796875 0.4386859375 0.03929375 0.44155625 0.054275 0.4418609375 0.077915625 0.4444734375 0.0825421875 0.44944843749999996 0.0814421875 0.45375781249999997 0.0758640625 0.45416875 0.0699890625 0.452425 0.06690937500000001 0.4511984375 0.0284359375 0.447203125 0.0015625 0.44731249999999995 0 0.43751562499999996 0
15 0.138575 0.5907859375 0.139653125 0.589390625 0.1439609375 0.5838125 0.1447828125 0.5720671875 0.1421671875 0.5674406249999999 0.09499687500000001 0.5136765624999999 0.08935625 0.5103015625 0.084125 0.501046875 0.08043281249999999 0.4978140625 0.0715625 0.49861875 0.0685859375 0.513153125 0.07120156250000001 0.5177796875 0.07684375 0.521159375 0.09119843749999999 0.5399625 0.10052968749999999 0.5465718749999999 0.1148890625 0.565375 0.133346875 0.58153125 0.138575 0.5907859375
14 0.4170328125 0.152796875 0.40570000000000006 0.1327453125 0.39985312500000003 0.13230312500000002 0.3869296875 0.14904062499999998 0.33795156249999997 0.1910890625 0.33979375 0.2207515625 0.3513296875 0.2378640625 0.42855625 0.28209375 0.445015625 0.28481718749999996 0.44758125 0.276153125 0.44491718750000003 0.25823593749999996 0.42995 0.1921515625 0.4170328125 0.152796875
3 0.3991875 0.1278234375 0.40764843749999996 0.13289375 0.42051718749999994 0.158965625 0.44399531249999996 0.24340625 0.449325 0.27923749999999997 0.4618875 0.281665625 0.47450000000000003 0.2973796875 0.51783125 0.30804375 0.5315796875000001 0.2795625 0.5326078125 0.26487656249999997 0.52440625 0.21406874999999997 0.5132328125 0.17779375 0.5029859375 0.10026093750000001 0.5042187499999999 0.0826375 0.49811562499999995 0.0718421875 0.486628125 0.06802343749999999 0.45893750000000005 0.0718265625 0.45355156250000006 0.0788015625 0.459434375 0.20471875 0.44892656249999996 0.1729234375 0.44319375 0.08687500000000001 0.436475 0.0848890625 0.41575625 0.1010328125 0.3991875 0.1278234375
14 0.258875 0.635325 0.22640937499999997 0.6933874999999999 0.2178921875 0.7311234375 0.21055625 0.73795 0.2027640625 0.737359375 0.20148125 0.7416875 0.20563437499999998 0.7523359375 0.26275468750000003 0.8039 0.30588125 0.817496875 0.306909375 0.802815625 0.2991125 0.802225 0.301678125 0.7935609375 0.29926875000000003 0.785996875 0.2962421875 0.78724375 0.295215625 0.8019296875 0.2911125 0.804571875 0.29316718750000004 0.7752046874999999 0.3028609375 0.7626515625 0.312809375 0.760453125 0.3222984375 0.7508375 0.3272234375 0.7364515625 0.3228140625 0.7154515625 0.2853359375 0.6491390625 0.27426093749999997 0.6394421875 0.258875 0.635325
16 0.83633125 0.389734375 0.8295625 0.37446250000000003 0.8147953125 0.361534375 0.8011531250000001 0.3605 0.7957703125 0.367475 0.791921875 0.380465625 0.7860750000000001 0.3800234375 0.77033125 0.3950703125 0.7615078125 0.4091609375 0.7618125 0.43280624999999995 0.7551453125 0.4441078125 0.754528125 0.45291875 0.764321875 0.466946875 0.786884375 0.48046249999999996 0.79380625 0.4795109375 0.7959609375000001 0.47672187499999996 0.794628125 0.46776718749999996 0.8039125 0.4610875 0.8056546875 0.464171875 0.807809375 0.4613828125 0.82124375 0.46535312500000003 0.8326828125000001 0.4558859375 0.8347359375 0.42651874999999995 0.8409421874999999 0.40780000000000005 0.844428125 0.413965625 0.857865625 0.41793593749999997 0.8673515625 0.4083234375 0.8683796875 0.3936390625 0.8628937499999999 0.37403437500000003 0.8514078125 0.3702125 0.83633125 0.389734375