6 0 0 0 0.505590625 0.6 0.4993140625 0.6 0 0 0
7 0.4446390625 0.049740625 0.4466671875 0.1202296875 0.4547734375 0.126359375 0.4436265625 0.1554734375 0.412215625 0.13248593749999998 0.409175 0.057404687499999996 0.33418749999999997 0.06046875 0.32811093750000003 0.08804999999999999 0.36053437499999996 0.0849859375 0.3797875 0.10183906250000001 0.3818140625 0.1171640625 0.363575 0.126359375 0.376746875 0.14627812499999998 0.297709375 0.1554734375 0.28555156249999997 0.1799890625 0.2794703125 0.16160312500000001 0.24704375 0.17079375000000002 0.21968593749999998 0.1999078125 0.21461875 0.22596093750000001 0.1842171875 0.23515156250000002 0.1538203125 0.2811234375 0.16091093750000002 0.252009375 0.141659375 0.2504765625 0.13659375 0.28265625 0.14976562499999999 0.293384375 0.1315265625 0.2964453125 0.1274734375 0.2688640625 0.103153125 0.2627328125 0.066675 0.2841890625 0.0555265625 0.307171875 0.059581249999999995 0.33781875 0.10011250000000001 0.383790625 0.0849140625 0.41596875000000005 0.0717421875 0.41750156250000003 0.06870156250000001 0.446615625 0.0555265625 0.44508281250000004 0.0545140625 0.4650015625 0.03120625 0.4695984375 0.06059375 0.4987125 0.47098593749999995 0.49717968749999997 0.6 0.4960265625 0.6 0.1496984375 0.599678125 0.14934375 0.5733312500000001 0.14627812499999998 0.55813125 0.1202296875 0.5561046875 0.040546874999999996 0.5226671875 0.014496875000000001 0.4446390625 0.049740625
13 0 0 0 0.302575 0.0220890625 0.302575 0.10011250000000001 0.23975 0.08998125 0.1907171875 0.10619375 0.14781093750000002 0.10416718750000001 0.049740625 0.0888171875 0 0 0
16 0.9744515625 0.443934375 0.9389421875 0.3718953125 0.8293640625 0.333340625 0.7258734375 0.3617484375 0.680215625 0.40335 0.65789375 0.46422656250000005 0.623396875 0.49466406249999995 0.6254265625000001 0.5514828125 0.6548515625 0.5748171875 0.7157281249999999 0.5646718749999999 0.785734375 0.5920671875 0.84356875 0.5727875 0.9683640625000001 0.47234375 0.9744515625 0.443934375
6 0.6571640624999999 0 0.629484375 0.03403125 0.6213671875 0.086790625 0.6497765625 0.125346875 0.6497765625 0.14360937499999998 0.623396875 0.1699890625 0.6416593749999999 0.23695312500000001 0.623396875 0.32826875 0.63963125 0.43784687499999997 0.6538359375 0.46016874999999996 0.6213671875 0.49466406249999995 0.6193390625 0.5413375 0.65079375 0.5748171875 0.7238453125000001 0.5727875 0.7877640625 0.594096875 0.8395109375 0.576846875 0.9328546875000001 0.507853125 1 0.5160984375 1 0 0.6571640624999999 0
6 0.48695468750000004 1 0.4890484375 0.9625140625 0.6 0.985734375 0.6 0.61875 0 0.61875 0 1 0.48695468750000004 1
25 0.1236921875 1 0.1343890625 0.9932281250000001 0.167828125 0.9471578125000001 0.173909375 0.9331953125 0.17188125 0.8913140625 0.15465625 0.8647843749999999 0.0735890625 0.786603125 0.0391375 0.764265625 0.010764062500000001 0.7698515625 0 0.78023125 0 0.9127124999999999 0.0662015625 1 0.1236921875 1
13 0.1627609375 0.7893953125000001 0.26713125 0.7907921875 0.35529062499999997 0.7754328125 0.3998765625 0.741928125 0.464728125 0.7167953125000001 0.49816874999999994 0.6818953125 0.4829671875 0.66374375 0.46168750000000003 0.6651390625 0.453 0.61875 0.278909375 0.61875 0.2782796875 0.6190687500000001 0.274859375 0.61875 0.1546953125 0.61875 0.13135 0.6818953125 0.1435078125 0.7293624999999999 0.1536421875 0.7377390625 0.1435078125 0.74890625 0.145534375 0.776828125 0.1627609375 0.7893953125000001
13 0.16884062500000002 0.878746875 0.2053203125 0.9010843749999999 0.2448390625 0.9080656250000001 0.269159375 0.88014375 0.27929375 0.852221875 0.2813203125 0.829884375 0.2711859375 0.8103359375 0.24180156249999998 0.7893953125000001 0.14857499999999998 0.786603125 0.13742812499999998 0.7126109375 0.105003125 0.6511812499999999 0.07966875 0.6274437500000001 0.059403125 0.6246546875 0.056342187499999995 0.61875 0.029045312499999996 0.61875 0.027992187499999998 0.620465625 0.036096875 0.6679328124999999 0.0644703125 0.7293624999999999 0.0746015625 0.734946875 0.07865625000000001 0.779621875 0.16884062500000002 0.878746875
6 1 0.6839609375 0.9689046875 0.67705 0.9255578124999999 0.6790828125 0.9038828125 0.6953390625 0.86595625 0.6953390625 0.8198984375 0.67705 0.784678125 0.67705 0.7521703125 0.6892421875 0.735915625 0.681115625 0.6790234374999999 0.683146875 0.6600578125000001 0.67501875 0.627546875 0.683146875 0.6 0.676690625 0.6 0.8049359375 1 0.8043515625 1 0.6839609375
6 1 0.8253796875000001 0.933684375 0.8253796875000001 0.9282640625 0.8294421875 0.917428125 0.827409375 0.9106578125 0.8345218750000001 1 0.8348921875 1 0.8253796875000001
21 0.800934375 0.7766124999999999 0.80364375 0.7786453125 0.8171890625 0.7786453125 0.8334453125 0.784740625 0.8483453125 0.7837234375000001 0.852409375 0.7827078125 0.85918125 0.775596875 0.85918125 0.7593421874999999 0.8469906249999999 0.750196875 0.841571875 0.7481671875 0.8226093750000001 0.7481671875 0.8198984375 0.746134375 0.7955171875 0.746134375 0.7928078125 0.7481671875 0.7873890625 0.7481671875 0.7833234375 0.7512140625 0.7833234375 0.755278125 0.7779078125 0.7613734375 0.7779078125 0.7715328125 0.784678125 0.7766124999999999 0.800934375 0.7766124999999999
21 0.8442812500000001 0.7298796875 0.837509375 0.7369921875000001 0.837509375 0.7430859375 0.8442812500000001 0.7481671875 0.8497 0.7481671875 0.8510546874999999 0.7512140625 0.8605359375000001 0.7583265625 0.86595625 0.760359375 0.87408125 0.760359375 0.8795015625 0.764421875 0.8889828124999999 0.7634046875 0.9011734375 0.7583265625 0.9065921875 0.7583265625 0.9160734375 0.7532453125 0.9160734375 0.7471515625 0.924203125 0.7349593750000001 0.924203125 0.7268328125 0.9160734375 0.714640625 0.9093031249999999 0.7095609375 0.8903375 0.7115921875 0.88491875 0.7156578125 0.8795015625 0.7156578125 0.8767921875000001 0.7176875 0.86595625 0.7197203125 0.8578265625 0.7278484375 0.8497 0.7278484375 0.8442812500000001 0.7298796875
21 0.6871484375 0.7095609375 0.6763125 0.7095609375 0.6668296875 0.7166734375 0.6668296875 0.7207359375 0.664121875 0.72276875 0.6668296875 0.7248 0.6668296875 0.7308953125000001 0.673603125 0.7359765625 0.6803781250000001 0.7349593750000001 0.6871484375 0.73394375 0.6966296875 0.7288625 0.6966296875 0.7166734375 0.6871484375 0.7095609375
25 0.6546390625 0.7542625000000001 0.6614125 0.7491828125 0.6614125 0.7451187499999999 0.6722484375 0.7349593750000001 0.6668296875 0.7268328125 0.6668296875 0.7207359375 0.6749578125 0.712609375 0.6749578125 0.70854375 0.6654765625 0.7014328125 0.6465124999999999 0.7014328125 0.632965625 0.7095609375 0.6167109375 0.7156578125 0.6018109375 0.7268328125 0.6 0.729546875 0.6 0.743953125 0.6085812500000001 0.7522296875000001 0.6112921874999999 0.7522296875000001 0.6221296875 0.7583265625 0.6397375000000001 0.7573109375 0.643803125 0.7542625000000001 0.6546390625 0.7542625000000001
16 0.9783859375 0.7532453125 0.9810953124999999 0.7491828125 0.9810953124999999 0.7430859375 0.9865125000000001 0.7349593750000001 0.9865125000000001 0.7207359375 0.9716109375 0.7136250000000001 0.9689046875 0.7156578125 0.9634859375 0.7156578125 0.9540046875 0.72276875 0.9512937499999999 0.732928125 0.943165625 0.7430859375 0.943165625 0.7512140625 0.9472296874999999 0.7542625000000001 0.9526484375000001 0.75629375 0.97025625 0.755278125 0.9783859375 0.7532453125