6 0 0 0 0.5796875 0.3296875 0.5796875 0.3296875 0 0 0
16 0 0.5796875 0.199146875 0.5796875 0.20004375 0.5774765625 0.21751718750000001 0.332596875 0.234990625 0.30150156250000004 0.23935937499999999 0.285953125 0.24154375 0.24319687499999998 0.2546484375 0.2043265625 0.2502796875 0.146021875 0.24154375 0.103265625 0.22297812499999997 0.0663390625 0.2033203125 0.050792187499999995 0.1727421875 0.050792187499999995 0.153084375 0.058565624999999996 0.1334265625 0.078 0.10394062500000001 0.1227 0.0820984375 0.17711875 0.025309375000000002 0.285953125 0 0.34708125 0 0.5796875
16 0 0.3434859375 0.025309375000000002 0.2820671875 0.0558875 0.2237625 0.0558875 0.20821406250000002 0.03623125 0.14990937499999998 0.0111125 0.10909687500000001 0 0.0992078125 0 0.3434859375
16 0.0040875 0 0 0.014546875 0 0.081090625 0.0034687500000000005 0.0954921875 0.0318625 0.1382484375 0.0558875 0.20821406250000002 0.06244062500000001 0.20821406250000002 0.0842828125 0.16934375 0.1148609375 0.099378125 0.1148609375 0.0877171875 0.10394062500000001 0.0371875 0.090009375 0 0.0040875 0
20 0.24154375 0.2976140625 0.2568328125 0.3287109375 0.26556875 0.35980625 0.2830421875 0.39090156249999997 0.300515625 0.45309375 0.3223578125 0.5036234375 0.3289109375 0.5308328125 0.3296875 0.5316140625 0.3296875 0.1635140625 0.3016078125 0.1635140625 0.28195000000000003 0.175175 0.26229375 0.198496875 0.2480953125 0.2276484375 0.23935937499999999 0.26651875 0.24154375 0.2976140625
13 0.2480953125 0.12658750000000002 0.2546484375 0.192665625 0.25901718749999997 0.196553125 0.280859375 0.16934375 0.2917796875 0.1110390625 0.28850312499999997 0.0974359375 0.2448203125 0.0935484375 0.24154375 0.099378125 0.2480953125 0.12658750000000002
13 0.08935937499999999 0 0.10175624999999999 0.0294125 0.1126765625 0.07605625 0.1181375 0.085775 0.12469062500000001 0.085775 0.1399796875 0.0663390625 0.157453125 0.054678125 0.1967671875 0.0469046875 0.218609375 0.058565624999999996 0.23826718750000003 0.08966093750000001 0.2830421875 0.0877171875 0.2874109375 0.07994375000000001 0.2710296875 0.0663390625 0.247003125 0.058565624999999996 0.218609375 0.035243750000000004 0.1542453125 0 0.08935937499999999 0
16 0.2939640625 0.103265625 0.29505625 0.1129828125 0.3059765625 0.12075781249999999 0.3296875 0.12221249999999999 0.3296875 0.1013390625 0.2939640625 0.103265625
16 0.255740625 0.0235828125 0.23935937499999999 0.0410734375 0.23935937499999999 0.0488484375 0.2448203125 0.054678125 0.26666093750000003 0.062453125 0.3016078125 0.08966093750000001 0.3296875 0.0923875 0.3296875 0.0196953125 0.32563437500000003 0.0196953125 0.31908125 0.0274703125 0.3103453125 0.0274703125 0.2775828125 0.015809375 0.2732140625 0.0235828125 0.255740625 0.0235828125
6 0.3296875 0 0.3296875 0.5796875 1 0.5796875 1 0 0.3296875 0
6 0.3296875 1 0.3296875 0.73490625 0.32885 0.7337906249999999 0.3222984375 0.7337906249999999 0.319021875 0.729421875 0.319021875 0.726509375 0.3157453125 0.722140625 0.3135625 0.722140625 0.307009375 0.7134046875 0.304825 0.7134046875 0.2960890625 0.7017546875 0.2939046875 0.7017546875 0.290628125 0.6973859375 0.290628125 0.6944734375 0.2895375 0.6930171875 0.287353125 0.6930171875 0.2862609375 0.6915609375 0.2862609375 0.6886484375 0.2818921875 0.6828234375 0.2818921875 0.6799125 0.2808 0.67845625 0.278615625 0.67845625 0.2764328125 0.67554375 0.2742484375 0.67554375 0.263328125 0.6609812500000001 0.26114375 0.6609812500000001 0.2578671875 0.6566125 0.2578671875 0.6537 0.25677500000000003 0.65224375 0.25459062499999996 0.65224375 0.25131562500000004 0.647875 0.25131562500000004 0.6449640624999999 0.24694687499999998 0.6391390625 0.24694687499999998 0.6362265625 0.2436703125 0.6318578125000001 0.24148593749999997 0.6318578125000001 0.24039375000000002 0.6304015625 0.24039375000000002 0.6274890625 0.23821093750000003 0.6245765624999999 0.23821093750000003 0.6216640625000001 0.23711875 0.6202078125 0.234934375 0.6202078125 0.2316578125 0.6158390625 0.2316578125 0.6129265625 0.2261984375 0.6056468749999999 0.2240140625 0.6056468749999999 0.222921875 0.604190625 0.222921875 0.601278125 0.21964531250000002 0.596909375 0.2174609375 0.596909375 0.21636875 0.5954531249999999 0.21636875 0.592540625 0.2141859375 0.5896281250000001 0.2141859375 0.5796875 0 0.5796875 0 1 0.3296875 1
13 0.0329046875 0.6304015625 0.02416875 0.6420515625000001 0.02416875 0.6449640624999999 0.021984375 0.647875 0.021984375 0.6507875000000001 0.017615625 0.6566125 0.017615625 0.659525 0.0154328125 0.6624375 0.0154328125 0.66535 0.013248437499999998 0.6682625 0.013248437499999998 0.6740875 0.033996874999999996 0.7017546875 0.03618125 0.7017546875 0.038365625 0.7046671875 0.04055 0.7046671875 0.0427328125 0.7075796875 0.0492859375 0.7075796875 0.0525625 0.7119484375 0.0525625 0.714859375 0.0547453125 0.7177718750000001 0.0547453125 0.732334375 0.058021875 0.736703125 0.060206249999999996 0.736703125 0.061298437500000004 0.735246875 0.062390625 0.7337906249999999 0.06457500000000001 0.7337906249999999 0.066759375 0.730878125 0.0711265625 0.730878125 0.074403125 0.726509375 0.074403125 0.7177718750000001 0.0754953125 0.716315625 0.078771875 0.720684375 0.078771875 0.7235968749999999 0.0798625 0.725053125 0.08204687499999999 0.725053125 0.08423125000000001 0.7279656250000001 0.0875078125 0.7235968749999999 0.0875078125 0.720684375 0.090784375 0.716315625 0.0929671875 0.716315625 0.0951515625 0.7134046875 0.0995203125 0.7134046875 0.10170468749999999 0.7104921875 0.1038890625 0.7104921875 0.106071875 0.7075796875 0.110440625 0.7075796875 0.112625 0.7046671875 0.11480937499999999 0.7046671875 0.1169921875 0.7017546875 0.1191765625 0.7017546875 0.12136093750000002 0.6988421875 0.1235453125 0.6988421875 0.1311890625 0.6886484375 0.1311890625 0.6857359375 0.13228125 0.6842796875 0.134465625 0.6842796875 0.138834375 0.67845625 0.1432015625 0.67845625 0.1453859375 0.67554375 0.1497546875 0.67554375 0.1552140625 0.6682625 0.15303125 0.66535 0.15303125 0.659525 0.150846875 0.6566125 0.150846875 0.6537 0.1486625 0.6507875000000001 0.1486625 0.647875 0.146478125 0.6449640624999999 0.146478125 0.6420515625000001 0.14429375 0.6391390625 0.14429375 0.6304015625 0.142109375 0.6274890625 0.142109375 0.6245765624999999 0.1355578125 0.6158390625 0.1355578125 0.6129265625 0.134465625 0.611471875 0.13228125 0.611471875 0.1257296875 0.602734375 0.1235453125 0.602734375 0.12136093750000002 0.5998218750000001 0.1191765625 0.5998218750000001 0.1169921875 0.596909375 0.11480937499999999 0.596909375 0.112625 0.593996875 0.110440625 0.593996875 0.10716406249999999 0.5896281250000001 0.10716406249999999 0.586715625 0.106071875 0.5852593749999999 0.1038890625 0.5852593749999999 0.099709375 0.5796875 0.073121875 0.5796875 0.060206249999999996 0.596909375 0.058021875 0.596909375 0.0536546875 0.602734375 0.051470312500000004 0.602734375 0.0329046875 0.6274890625 0.0329046875 0.6304015625
13 0.3296875 1 0.3296875 0.8036875 0.3266671875 0.8036875 0.3244828125 0.800775 0.32011406249999996 0.800775 0.3179296875 0.7978625 0.3157453125 0.7978625 0.3135625 0.7949499999999999 0.311378125 0.7949499999999999 0.30919375 0.7920375 0.307009375 0.7920375 0.304825 0.7891250000000001 0.302640625 0.7891250000000001 0.30045781250000003 0.7862125 0.2960890625 0.7862125 0.2939046875 0.7833 0.29172031249999997 0.7833 0.2895375 0.7803890625000001 0.287353125 0.7803890625000001 0.28516875 0.7774765625 0.282984375 0.7774765625 0.2808 0.7745640625 0.2764328125 0.7745640625 0.27206406250000004 0.7803890625000001 0.2698796875 0.7774765625 0.2676953125 0.7774765625 0.26442031250000003 0.7731078124999999 0.26442031250000003 0.7672828125 0.258959375 0.7600015625000001 0.25677500000000003 0.7600015625000001 0.25459062499999996 0.7570890625 0.24803906250000002 0.7570890625 0.2458546875 0.7541765625 0.24148593749999997 0.7541765625 0.239303125 0.7512640625 0.23711875 0.7512640625 0.23275 0.745440625 0.23056562500000002 0.745440625 0.22838124999999998 0.742528125 0.2261984375 0.742528125 0.2240140625 0.739615625 0.2218296875 0.739615625 0.21964531250000002 0.736703125 0.2174609375 0.736703125 0.215278125 0.7337906249999999 0.21309375 0.7337906249999999 0.208725 0.7279656250000001 0.20435625000000002 0.7279656250000001 0.19998906249999998 0.722140625 0.1956203125 0.722140625 0.19343593750000002 0.725053125 0.18906875 0.725053125 0.1879765625 0.726509375 0.1879765625 0.729421875 0.186884375 0.730878125 0.1847 0.730878125 0.18251562500000001 0.7337906249999999 0.18033125 0.7337906249999999 0.1737796875 0.742528125 0.17159531249999999 0.742528125 0.1672265625 0.7483531250000001 0.16504375 0.7483531250000001 0.16176718750000002 0.7527203124999999 0.16176718750000002 0.7556328125 0.1595828125 0.7585453125 0.1595828125 0.7643703125 0.16176718750000002 0.7672828125 0.16176718750000002 0.7789328125 0.1639515625 0.7818453125 0.1639515625 0.78475625 0.166134375 0.78766875 0.166134375 0.79640625 0.16831875000000002 0.7993187500000001 0.16831875000000002 0.8167937500000001 0.166134375 0.8197046875 0.166134375 0.8313546875 0.16831875000000002 0.8342671875000001 0.16831875000000002 0.8400921875 0.170503125 0.8430046875 0.170503125 0.851740625 0.1726875 0.8546531249999999 0.1726875 0.857565625 0.174871875 0.860478125 0.174871875 0.8633906250000001 0.17705625 0.866303125 0.17705625 0.872128125 0.1836078125 0.880865625 0.1836078125 0.8837781250000001 0.1967125 0.9012515625 0.1967125 0.9041640624999999 0.20108125000000002 0.9099890625 0.20108125000000002 0.9129015624999999 0.208725 0.9230937499999999 0.210909375 0.9230937499999999 0.21200156250000002 0.92455 0.21200156250000002 0.9303750000000001 0.2141859375 0.9332874999999999 0.2141859375 0.9362 0.2261984375 0.9522187499999999 0.22838124999999998 0.9522187499999999 0.2294734375 0.9536734375 0.2294734375 0.9565859375000001 0.23056562500000002 0.9580421875 0.23275 0.9580421875 0.23602656249999998 0.9624109375 0.23602656249999998 0.9653234375 0.239303125 0.9696921875 0.24148593749999997 0.9696921875 0.24694687499999998 0.9769734375000001 0.24694687499999998 0.9798859375 0.24803906250000002 0.9813421874999999 0.2502234375 0.9813421874999999 0.2524078125 0.9842546875 0.25459062499999996 0.9842546875 0.26114375 0.992990625 0.263328125 0.992990625 0.268584375 1 0.3296875 1
13 0 0.7046671875 0.009971875 0.7046671875 0.011064062500000001 0.7032109375 0.017615625 0.6944734375 0.017615625 0.6915609375 0.0198 0.6886484375 0.0198 0.6857359375 0.016525 0.6813671875 0.014340625000000001 0.6813671875 0.013248437499999998 0.6799125 0.013248437499999998 0.6769999999999999 0.011064062500000001 0.6740875 0.013248437499999998 0.6711750000000001 0.013248437499999998 0.66535 0.0154328125 0.6624375 0.0154328125 0.659525 0.0198 0.6537 0.0198 0.6507875000000001 0.021984375 0.647875 0.021984375 0.6449640624999999 0.030720312500000003 0.6333140625 0.030720312500000003 0.6304015625 0.0372734375 0.6216640625000001 0.0372734375 0.6187515625 0.0427328125 0.611471875 0.0449171875 0.611471875 0.051470312500000004 0.602734375 0.0536546875 0.602734375 0.062390625 0.591084375 0.06457500000000001 0.591084375 0.06785 0.586715625 0.06785 0.580890625 0.0669484375 0.5796875 0.0088796875 0.5796875 0.0088796875 0.580890625 0.0066953125 0.583803125 0.0066953125 0.586715625 0.0045125 0.5896281250000001 0.0045125 0.592540625 0.002328125 0.5954531249999999 0.002328125 0.598365625 0.00014375 0.601278125 0.00014375 0.6100156250000001 0.002328125 0.6129265625 0.002328125 0.6187515625 0.0045125 0.6216640625000001 0.0045125 0.647875 0.002328125 0.6507875000000001 0.002328125 0.6537 0.00014375 0.6566125 0.00014375 0.659525 0 0.6597171875 0 0.6871921875 0.0034203125 0.6871921875 0.0045125 0.6886484375 0.0045125 0.6944734375 0.0034203125 0.6959296875 0 0.6959296875 0 0.7046671875
13 0.1246375 0.592540625 0.1246375 0.583803125 0.126821875 0.580890625 0.126821875 0.5796875 0.099709375 0.5796875 0.1038890625 0.5852593749999999 0.106071875 0.5852593749999999 0.11480937499999999 0.596909375 0.12136093750000002 0.596909375 0.12245312500000001 0.5954531249999999 0.1246375 0.592540625
6 0.7398515625 1 0.738028125 0.79350625 0.715959375 0.63625625 0.6783 0.5796875 0.3296875 0.5796875 0.3296875 1 0.7398515625 1
6 1 0.5796875 0.9408140625 0.5796875 0.90755 0.5896625 0.8734453125 0.6711984375 0.82429375 0.7546796875 0.7851734375 0.8964000000000001 0.7913234375 0.9534218750000001 0.8023015625 1 1 1 1 0.5796875