6 0 0 0 0.4 0.509375 0.4 0.509375 0 0 0
17 0.3704109375 0.23559531250000001 0.342078125 0.28354218750000004 0.3199046875 0.3066875 0.3137453125 0.328178125 0.266934375 0.3645515625 0.25338125 0.382740625 0.24787187500000002 0.4 0.371696875 0.4 0.407365625 0.36124375 0.4356984375 0.3199109375 0.4356984375 0.3000734375 0.3851921875 0.23228906249999998 0.377803125 0.22898125 0.3704109375 0.23559531250000001
13 0.10432656250000001 0.328178125 0.08708125 0.33809999999999996 0.052587499999999995 0.3347921875 0.0439640625 0.3662046875 0.045700000000000005 0.4 0.23618437499999997 0.4 0.2435296875 0.3893546875 0.2435296875 0.3695125 0.19794687500000002 0.32487187500000003 0.1683859375 0.308340625 0.13635625 0.3314859375 0.10432656250000001 0.328178125
6 0.5229874999999999 0 0.5272812499999999 0.004210937499999999 0.5413484375000001 0.0091375 0.5765140625 0.011601562499999999 0.59585625 0.0226875 0.58530625 0.042396875 0.61695625 0.06456875 0.61695625 0.0818125 0.62223125 0.0855078125 0.6960796874999999 0.0830453125 0.7031140625 0.073190625 0.7488296875 0.0682640625 0.7541046875 0.071959375 0.7505875 0.07935 0.7453125 0.0830453125 0.725971875 0.0842765625 0.725971875 0.0990578125 0.7488296875 0.1052171875 0.907078125 0.1126078125 0.9457609375 0.10029062500000001 0.9615859375 0.11137656250000001 0.97916875 0.13601093749999998 1 0.1540375 1 0 0.610659375 0 0.6081640625 0.0017468750000000002 0.5835484375 0.0017468750000000002 0.580340625 0 0.5229874999999999 0
13 0.5156546875 0 0.518490625 0.0029796875 0.5343140625 0.011601562499999999 0.5729984375 0.011601562499999999 0.5835484375 0.016528124999999998 0.5976140625 0.016528124999999998 0.6028890625 0.020225 0.59585625 0.027615624999999998 0.59585625 0.03746875 0.60640625 0.05471406250000001 0.61695625 0.057178125 0.641571875 0.0399328125 0.652121875 0.0054421875 0.6412453124999999 0 0.608103125 0 0.5870640625 0.004210937499999999 0.5801937500000001 0 0.5156546875 0
13 1 0.0369328125 0.9879609374999999 0.031310937500000004 0.9387281249999999 0.028846875 0.9264203125 0.03500625 0.933453125 0.05471406250000001 0.9527953124999999 0.0682640625 0.9985109375000001 0.07811718749999999 1 0.0808296875 1 0.0369328125
13 0.9264203125 0 0.9264203125 0.00790625 0.8947703125 0.025151562500000002 0.9000453125 0.033773437499999996 0.9264203125 0.03500625 0.9387281249999999 0.028846875 0.9668609375000001 0.028846875 1 0.014917187500000002 1 0 0.9264203125 0
13 0.786609375 0 0.7998203125 0.030078125 0.8279546874999999 0.0497875 0.8385031250000001 0.044859375 0.8455375 0.0177609375 0.8560874999999999 0.012832812499999999 0.8525703124999999 0.00790625 0.8582140624999999 0 0.786609375 0
13 0.7980625 0.087971875 0.7910296875 0.0904359375 0.768171875 0.0818125 0.773446875 0.07811718749999999 0.7839953125 0.07811718749999999 0.8121296875 0.087971875 0.8191625 0.09536249999999999 0.8261953125 0.09536249999999999 0.8314703124999999 0.10152187500000001 0.8297125 0.10768124999999999 0.9053203125 0.11137656250000001 0.9387281249999999 0.0978265625 0.954553125 0.086740625 0.9527953124999999 0.0756546875 0.9246609375 0.073190625 0.885978125 0.0559453125 0.8613625 0.058409375 0.843778125 0.0460921875 0.8050953125 0.0559453125 0.7769625 0.058409375 0.757621875 0.074421875 0.7611375 0.0842765625 0.7769625 0.0978265625 0.7998203125 0.09413125 0.7980625 0.087971875
3 0.69173125 0 0.7189375 0.057178125 0.731246875 0.0707265625 0.7400375 0.06949531249999999 0.762896875 0.0658 0.7839953125 0.0559453125 0.7927875 0.042396875 0.7857546875 0.0029796875 0.7864625000000001 0 0.69173125 0
13 0.9211453125 0.0362375 0.907078125 0.0362375 0.8930125 0.031310937500000004 0.8631203125000001 0.047323437499999996 0.8631203125000001 0.05471406250000001 0.8683953125 0.058409375 0.8930125 0.058409375 0.907078125 0.0658 0.9193859375000001 0.06456875 0.933453125 0.059640625 0.9299359375 0.042396875 0.9211453125 0.0362375
13 1 0.080125 0.98444375 0.073190625 0.9633437499999999 0.0707265625 0.9475203125 0.0965953125 0.9527953124999999 0.102753125 0.9879609374999999 0.115071875 0.9932359375 0.1138390625 1 0.10673125000000001 1 0.080125
13 1 0.018021875 0.9914781250000001 0.016528124999999998 0.9721359375 0.027615624999999998 1 0.035653125 1 0.018021875
6 0.509375 0.848021875 0.509375 0.42332187499999996 0.42792031250000007 0.425075 0.2866640625 0.5274015624999999 0.2806109375 0.6997421875 0.42489375 0.8411140625 0.49854843750000005 0.854578125 0.509375 0.848021875
13 0.47067812499999995 0.7619 0.47313906250000004 0.7586171875 0.47313906250000004 0.7290828125 0.47067812499999995 0.7258 0.47067812499999995 0.7093921875 0.46821718749999997 0.7061109375 0.46821718749999997 0.699546875 0.47067812499999995 0.696265625 0.47067812499999995 0.6831390625 0.47313906250000004 0.67985625 0.47313906250000004 0.6634484375 0.4756 0.6601671875 0.4756 0.653603125 0.47190937499999996 0.64868125 0.4694484375 0.64868125 0.4669875 0.6453984375 0.4645265625 0.6453984375 0.462065625 0.6421171875 0.45714375 0.6421171875 0.45468281250000003 0.6388359375 0.45222187500000005 0.6388359375 0.4509921875 0.6371953125 0.4509921875 0.6339125 0.45222187500000005 0.632271875 0.45468281250000003 0.632271875 0.45714375 0.6289906249999999 0.4596046875 0.6289906249999999 0.4694484375 0.6158640625 0.47190937499999996 0.6158640625 0.47313906250000004 0.6142218749999999 0.47313906250000004 0.610940625 0.4756 0.607659375 0.4756 0.5945328125 0.47190937499999996 0.589609375 0.4645265625 0.589609375 0.462065625 0.5928921875000001 0.4596046875 0.5928921875000001 0.45714375 0.5961734375 0.45468281250000003 0.5961734375 0.45222187500000005 0.5994546875 0.44976093749999996 0.5994546875 0.444840625 0.6060187499999999 0.4423796875 0.6060187499999999 0.43991875 0.6093 0.43745781250000004 0.6093 0.430075 0.6191453124999999 0.4276140625 0.6191453124999999 0.425153125 0.6158640625 0.41777031249999996 0.6158640625 0.415309375 0.6125812500000001 0.4128484375 0.6125812500000001 0.4103890625 0.6158640625 0.40792812500000003 0.6158640625 0.40546718750000005 0.6191453124999999 0.4005453125 0.6191453124999999 0.398084375 0.6224265625000001 0.3956234375 0.6224265625000001 0.39316249999999997 0.6257078125 0.3907015625 0.6257078125 0.388240625 0.6289906249999999 0.3857796875 0.6289906249999999 0.38331875000000004 0.632271875 0.3808578125 0.632271875 0.378396875 0.635553125 0.3759359375 0.635553125 0.3734765625 0.6388359375 0.37101562499999996 0.6388359375 0.35747968750000003 0.656884375 0.35747968750000003 0.6601671875 0.3550203125 0.6634484375 0.3550203125 0.6667296875 0.352559375 0.6700109375000001 0.352559375 0.67329375 0.35009843749999997 0.6765749999999999 0.35009843749999997 0.67985625 0.3476375 0.6831390625 0.3476375 0.6897015625 0.3451765625 0.6929828125 0.3451765625 0.702828125 0.3476375 0.7061109375 0.3476375 0.7126734375 0.352559375 0.7192375 0.352559375 0.72251875 0.35747968750000003 0.7290828125 0.35747968750000003 0.7323640625000001 0.359940625 0.7356453125 0.359940625 0.7389281249999999 0.369784375 0.7520546875 0.369784375 0.7553359375 0.3734765625 0.7602578125 0.3759359375 0.7602578125 0.3907015625 0.7799484375 0.39316249999999997 0.7799484375 0.4103890625 0.8029203125000001 0.4128484375 0.8029203125000001 0.4140796875 0.8012796874999999 0.415309375 0.7996390625 0.42023124999999995 0.7996390625 0.425153125 0.793075 0.4276140625 0.793075 0.430075 0.7897937500000001 0.43991875 0.7897937500000001 0.4423796875 0.7865125 0.4473 0.7865125 0.44976093749999996 0.7832296875 0.45468281250000003 0.7832296875 0.45714375 0.7799484375 0.4596046875 0.7799484375 0.47067812499999995 0.76518125 0.47067812499999995 0.7619
13 0.4694484375 0.451778125 0.4669875 0.451778125 0.4645265625 0.455059375 0.4596046875 0.455059375 0.45468281250000003 0.4616234375 0.45222187500000005 0.4616234375 0.44976093749999996 0.46490468749999997 0.4473 0.46490468749999997 0.444840625 0.4681875 0.4423796875 0.4681875 0.43991875 0.47146875 0.43499687500000006 0.47146875 0.43253593749999997 0.47474999999999995 0.430075 0.47474999999999995 0.416540625 0.4928 0.416540625 0.5649968750000001 0.4190015625 0.568278125 0.4190015625 0.58140625 0.42146249999999996 0.5846875 0.42146249999999996 0.5912499999999999 0.42392343749999994 0.5945328125 0.42392343749999994 0.5978140625 0.43253593749999997 0.6093 0.43745781250000004 0.6093 0.43991875 0.6060187499999999 0.4423796875 0.6060187499999999 0.444840625 0.6027359375 0.4473 0.6027359375 0.45222187500000005 0.5961734375 0.45468281250000003 0.5961734375 0.45714375 0.5928921875000001 0.4596046875 0.5928921875000001 0.462065625 0.589609375 0.47190937499999996 0.589609375 0.4756 0.5945328125 0.4756 0.607659375 0.47313906250000004 0.610940625 0.47313906250000004 0.6142218749999999 0.45837500000000003 0.6339125 0.45837500000000003 0.6371953125 0.462065625 0.6421171875 0.4645265625 0.6421171875 0.4669875 0.6453984375 0.4694484375 0.6453984375 0.4756 0.653603125 0.4756 0.656884375 0.47683125000000004 0.658525 0.49405625000000003 0.658525 0.4952875 0.656884375 0.4965171875 0.65524375 0.5014390625 0.65524375 0.5051296875 0.650321875 0.5051296875 0.6470390625 0.509375 0.6413796875 0.509375 0.4419328125 0.48421250000000005 0.4419328125 0.481753125 0.445215625 0.47683125000000004 0.445215625 0.47437031249999995 0.448496875 0.47190937499999996 0.448496875 0.4694484375 0.451778125
6 1 0.567540625 0.79654375 0.4 0.5677703125 0.4 0.509375 0.45556718749999997 0.509375 1 1 1 1 0.567540625
13 1 0.5710578125 0.799871875 0.4 0.5681671875000001 0.4 0.509375 0.4565890625 0.509375 0.885809375 0.555784375 0.885809375 0.5693421875 0.9363843749999999 0.5976890625 0.9825640625000001 0.6285046875 0.9891609375 0.634665625 0.9605750000000001 0.6864312499999999 0.9649749999999999 0.714778125 0.9143953125 0.707384375 0.8748125 0.7086171875 0.8066437499999999 0.7751734375 0.8198375 0.8220078125000001 0.894603125 0.895959375 0.9605750000000001 0.9427937500000001 0.9825640625000001 1 0.9860843750000001 1 0.5710578125
13 0.5537093750000001 1 0.554553125 0.997959375 0.5619468750000001 0.9451828125 0.545925 0.9077984375 0.509375 0.864325 0.509375 1 0.5537093750000001 1