6 0.2576890625 0 0 0.10846562500000001 0 0.48421250000000005 0.5 0.2319515625 0.5 0 0.2576890625 0
13 0.3467 0.20070312499999998 0.3467 0.19535625 0.35661875 0.171296875 0.354634375 0.163275 0.341740625 0.14856875 0.337771875 0.14856875 0.3179328125 0.135203125 0.2901578125 0.135203125 0.28619062500000003 0.13787812500000002 0.28321406250000003 0.1846609375 0.294125 0.188671875 0.31991718750000003 0.207384375 0.3347953125 0.20604843750000001 0.343725 0.20471093749999997 0.3467 0.20070312499999998
13 0.4624390625 0 0.45185000000000003 0.0082140625 0.4280421875 0.08841718750000001 0.4339953125 0.13921406249999999 0.36753281250000003 0.1592640625 0.35066875 0.19000937499999998 0.33082968749999997 0.248825 0.33082968749999997 0.31298750000000003 0.3387640625 0.31833125 0.5 0.22442812499999998 0.5 0 0.4624390625 0
13 0.31991718750000003 0.135203125 0.3605875 0.163275 0.37745 0.1512421875 0.4300265625 0.13386718749999998 0.4280421875 0.117825 0.4230828125 0.11114375000000001 0.40225 0.0991109375 0.3943171875 0.072378125 0.3982828125 0.04564375 0.38935624999999996 0.0362859375 0.379434375 0.0336109375 0.341740625 0.0336109375 0.30206093749999996 0.038959375000000004 0.28619062500000003 0.04698125 0.2673421875 0.077725 0.2653578125 0.117825 0.28619062500000003 0.135203125 0.31991718750000003 0.135203125
12 0.04116875 0.12851875 0.045137500000000004 0.13921406249999999 0.047121875 0.15792656249999998 0.0520828125 0.1619375 0.0600171875 0.1592640625 0.0649765625 0.163275 0.051090625 0.1846609375 0.051090625 0.19535625 0.0600171875 0.20471093749999997 0.0689453125 0.20337343749999998 0.08382500000000001 0.19401875 0.0897765625 0.19401875 0.0917609375 0.19669375 0.09870625 0.1926828125 0.09870625 0.13921406249999999 0.096721875 0.13119375 0.092753125 0.1258453125 0.092753125 0.11248125 0.096721875 0.104459375 0.096721875 0.0964375 0.0917609375 0.089753125 0.07985624999999999 0.0870828125 0.077875 0.084409375 0.067953125 0.084409375 0.053075000000000004 0.104459375 0.04116875 0.12851875
6 1 0.14451875 0.9864843750000001 0.1401703125 0.7970421875 0.13015937500000002 0.7855609375 0.060078125 0.6784 0.10012499999999999 0.542540625 0.1935640625 0.5 0.25182812499999996 0.5 0.51875 1 0.51875 1 0.14451875
21 1 0.186871875 0.9849828125 0.1645421875 0.966725 0.154596875 0.9279296875 0.1565875 0.8126843750000001 0.223215625 0.862890625 0.29481875 0.8822875 0.28785781250000003 0.8982640625 0.2938265625 0.9210828125000001 0.2739359375 0.9553140625 0.26399062500000003 0.9975328125 0.2271953125 1 0.215009375 1 0.186871875
6 0.5 1 0.5 0.51875 0 0.51875 0 1 0.5 1
13 0.21143593749999998 0.63101875 0.22333906250000002 0.63101875 0.2392125 0.648796875 0.2769078125 0.652353125 0.282859375 0.6594671875 0.31559375 0.6576890625 0.3195625 0.650575 0.3195625 0.6221281249999999 0.3096421875 0.579453125 0.3096421875 0.56523125 0.31559375 0.540334375 0.3169328125 0.51875 0.2124515625 0.51875 0.20746718749999998 0.524334375 0.19755 0.5278921875 0.1767171875 0.5616749999999999 0.18564375 0.6132359375 0.19556562500000002 0.6132359375 0.21143593749999998 0.63101875
13 0.036846875 0.6132359375 0.0418078125 0.6114578125000001 0.060654687500000005 0.5776749999999999 0.070575 0.58834375 0.126125 0.606121875 0.1310859375 0.5830093749999999 0.14596562500000002 0.5492265625 0.162828125 0.5474484375 0.162828125 0.51875 0.0254453125 0.51875 0.023951562500000002 0.5261125 0.018 0.536778125 0.018 0.5545609375 0.023951562500000002 0.579453125 0.0338703125 0.6079015625 0.036846875 0.6132359375
17 0.43265000000000003 0.8746124999999999 0.43661562500000006 0.8603921874999999 0.42471249999999994 0.792825 0.42471249999999994 0.760815625 0.42074375 0.74659375 0.3969359375 0.7110328124999999 0.3890015625 0.6576890625 0.3681703125 0.63101875 0.356265625 0.645240625 0.3473390625 0.6683578125 0.3374171875 0.7323671875 0.3354328125 0.803490625 0.348328125 0.8337171874999999 0.3701515625 0.8443875000000001 0.386025 0.8621703125 0.40785 0.872834375 0.43265000000000003 0.8746124999999999
17 0.2699625 0.78215625 0.2788921875 0.79815625 0.2848421875 0.79815625 0.296746875 0.808825 0.313609375 0.8070468749999999 0.32253906250000003 0.80526875 0.33344999999999997 0.796378125 0.33344999999999997 0.7750421875 0.3374171875 0.7537078125 0.3374171875 0.7181421875 0.3354328125 0.7110328124999999 0.3146015625 0.6665796875 0.30865 0.6630234374999999 0.282859375 0.6630234374999999 0.2749234375 0.6559109375000001 0.251115625 0.6559109375000001 0.24417031250000001 0.6683578125 0.2421890625 0.6825796875 0.2521078125 0.7216984375 0.26599375 0.760815625 0.2699625 0.78215625
6 1 0.8357265625 0.991971875 0.8309109375 0.9701531250000001 0.8487609375 0.8927890625 0.83884375 0.8729531250000001 0.8190078125 0.8392296874999999 0.8328906249999999 0.7797234375000001 0.8170234375 0.775753125 0.8328906249999999 0.698390625 0.8110703125000001 0.683515625 0.8279343750000001 0.72814375 0.8507453125 0.60714375 0.8626484375000001 0.5773906249999999 0.78726875 0.52978125 0.8110703125000001 0.50696875 0.8061140625000001 0.512921875 0.7406531249999999 0.5020125 0.7376765625 0.5 0.73956875 0.5 1 1 1 1 0.8357265625