6 0.1412953125 0.41071406250000003 0.5890625 0.4298578125 0.5890625 0.00440625 0.475321875 0.000728125 0.357665625 0.126615625 0.1682171875 0.0959953125 0.0977484375 0.216634375 0.09243749999999999 0.352875 0.1412953125 0.41071406250000003
13 0.38725156250000003 0.1436296875 0.3364 0.1436296875 0.23868593749999997 0.13171875 0.174871875 0.09429531249999999 0.1668953125 0.1334203125 0.2177453125 0.18955781249999998 0.1948140625 0.221884375 0.10108593749999999 0.24059375 0.10706875 0.2967359375 0.0881234375 0.32225468749999997 0.14894687499999998 0.39880781249999997 0.5890625 0.4218265625 0.5890625 0.0412515625 0.5537671875 0.0041296875 0.549778125 0.0806828125 0.49194531250000006 0.0313484375 0.4819765625 0.07728125 0.4391 0.18105312499999998 0.38725156250000003 0.1436296875
6 0.5890625 0 0.5890625 0.5890625 1 0.5890625 1 0 0.5890625 0
16 0.7544109375 0.170553125 0.736646875 0.152790625 0.69915 0.13897656249999998 0.5890625 0.148634375 0.5890625 0.2703890625 0.7011234375 0.26725937499999997 0.76033125 0.23568125 0.80375 0.22581406249999997 0.806709375 0.1833828125 0.7899359375 0.164634375 0.7544109375 0.170553125
3 0.8775828125 0 0.8659171875 0.0708875 0.8826921875 0.0876625 0.9270968749999999 0.08864999999999999 0.964596875 0.0649671875 0.9976312500000001 0 0.8775828125 0
3 0.614753125 0 0.5890625 0.005409375 0.5890625 0.1371640625 0.7336890625 0.13996406249999999 0.835328125 0.111346875 0.86394375 0.08470156250000001 0.8599984375 0.061021875 0.7662515625 0.0087203125 0.6372046874999999 0 0.614753125 0
3 0.8155921875000001 0.3955421875 0.75934375 0.43600000000000005 0.7455296875 0.465603125 0.7514515625 0.4991546875 0.775134375 0.5327046875 0.7311625 0.5890625 0.8494640625000001 0.5890625 0.852103125 0.5859921875 0.883678125 0.5267828125 0.8915734375 0.45770937500000003 0.8757859375000001 0.4241578125 0.851115625 0.4034359375 0.8155921875000001 0.3955421875
17 0.628103125 0.40935625 0.6961890625 0.3077171875 0.6359953125 0.328440625 0.5890625 0.3655953125 0.5890625 0.419734375 0.628103125 0.40935625
3 0.809628125 0 0.7928953125 0.01168125 0.8076968750000001 0.02845625 0.8599984375 0.051153125 0.8705078125 0 0.809628125 0
3 0.9966906249999999 0 0.9685421875 0.0689140625 0.939928125 0.0856890625 0.8659171875 0.08864999999999999 0.86394375 0.11825468750000001 0.872825 0.127134375 0.964596875 0.1281203125 0.9932124999999999 0.12318906249999999 1 0.11784531250000001 1 0 0.9966906249999999 0
6 0.5890625 0.8067640624999999 0.5890625 0.5890625 0.34507187500000003 0.5890625 0.342721875 0.5907640625 0.33786875 0.7289171875 0.45355937500000004 0.8422453125 0.5126171875 0.8530390625000001 0.5890625 0.8067640624999999
13 0.5583453125 0.5985406249999999 0.5563734375 0.6011703125000001 0.5544 0.6011703125000001 0.5494671875 0.607746875 0.5494671875 0.610378125 0.54749375 0.6130093750000001 0.54749375 0.6156390625 0.5455203125 0.6182703125 0.5455203125 0.6209015625000001 0.543546875 0.62353125 0.543546875 0.6261625000000001 0.5396015625 0.6314234375 0.5396015625 0.6340546875 0.537628125 0.6366859375 0.537628125 0.6393156249999999 0.5356546875 0.641946875 0.5356546875 0.644578125 0.53368125 0.6472078125 0.53368125 0.6524703125 0.5317078125 0.6551 0.5317078125 0.6603625 0.529734375 0.6629921875 0.529734375 0.668253125 0.5277624999999999 0.670884375 0.5277624999999999 0.6761453125 0.5218421875 0.6840375 0.5218421875 0.6893 0.51986875 0.6919296875 0.51986875 0.705084375 0.5218421875 0.7077140625 0.5218421875 0.7182375000000001 0.526775 0.7248140624999999 0.5287484375 0.7248140624999999 0.530721875 0.7274453125 0.5326953125 0.7274453125 0.536640625 0.73270625 0.5386140625 0.73270625 0.5405875 0.7353375 0.5425609375 0.7353375 0.544534375 0.7379671875 0.5484796875 0.7379671875 0.550453125 0.7405984375 0.5544 0.7405984375 0.5563734375 0.7432296875 0.5622921875 0.7432296875 0.564265625 0.745859375 0.5701859375 0.745859375 0.5721578125 0.748490625 0.582025 0.748490625 0.583996875 0.751121875 0.5890625 0.751121875 0.5890625 0.5890625 0.5670234375 0.5890625 0.5691984375 0.5919625 0.5691984375 0.59459375 0.571171875 0.597225 0.5701859375 0.5985406249999999 0.5583453125 0.5985406249999999
13 0.490271875 0.7787437500000001 0.49224375 0.7761125 0.49224375 0.7524375 0.490271875 0.74980625 0.490271875 0.736653125 0.4882984375 0.734021875 0.4882984375 0.7287609374999999 0.490271875 0.7261296875000001 0.490271875 0.71560625 0.49224375 0.7129765625 0.49224375 0.699821875 0.4942171875 0.6971921875 0.4942171875 0.6919296875 0.49125781249999995 0.687984375 0.489284375 0.687984375 0.48731093750000004 0.685353125 0.48533906250000003 0.685353125 0.48336562499999997 0.6827234375 0.47941874999999995 0.6827234375 0.4774453125 0.6800921875 0.47547187500000004 0.6800921875 0.4744859375 0.6787765625 0.4744859375 0.6761453125 0.47547187500000004 0.67483125 0.4774453125 0.67483125 0.47941874999999995 0.6722 0.4813921875 0.6722 0.489284375 0.6616765625000001 0.49125781249999995 0.6616765625000001 0.49224375 0.6603625 0.49224375 0.65773125 0.4942171875 0.6551 0.4942171875 0.644578125 0.49125781249999995 0.64063125 0.48533906250000003 0.64063125 0.48336562499999997 0.6432625 0.4813921875 0.6432625 0.47941874999999995 0.6458921875 0.4774453125 0.6458921875 0.47547187500000004 0.6485234375 0.47350000000000003 0.6485234375 0.469553125 0.6537843750000001 0.46757968749999995 0.6537843750000001 0.46560625 0.656415625 0.46363281250000005 0.656415625 0.4577140625 0.6643078124999999 0.45574062499999995 0.6643078124999999 0.4537671875 0.6616765625000001 0.4478484375 0.6616765625000001 0.445875 0.659046875 0.44390156249999996 0.659046875 0.441928125 0.6616765625000001 0.43995468750000005 0.6616765625000001 0.43798125 0.6643078124999999 0.4340359375 0.6643078124999999 0.43206249999999996 0.6669390625 0.4300890625 0.6669390625 0.42811562500000006 0.66956875 0.4261421875 0.66956875 0.4241703125 0.6722 0.422196875 0.6722 0.42022343749999996 0.67483125 0.41825 0.67483125 0.41627656249999995 0.6774609375 0.414303125 0.6774609375 0.41233125 0.6800921875 0.41035781250000003 0.6800921875 0.3995046875 0.6945609375 0.3995046875 0.6971921875 0.39753125 0.699821875 0.39753125 0.702453125 0.395559375 0.705084375 0.395559375 0.7077140625 0.39358593750000004 0.7103453125 0.39358593750000004 0.7129765625 0.39161250000000003 0.71560625 0.39161250000000003 0.72086875 0.3896390625 0.7234984375 0.3896390625 0.731390625 0.39161250000000003 0.734021875 0.39161250000000003 0.7392828125 0.395559375 0.7445453125 0.395559375 0.747175 0.3995046875 0.7524375 0.3995046875 0.7550671875 0.401478125 0.7576984375 0.401478125 0.7603296875 0.4093703125 0.7708515625000001 0.4093703125 0.7734828125 0.41233125 0.7774281249999999 0.414303125 0.7774281249999999 0.4261421875 0.7932125 0.42811562500000006 0.7932125 0.441928125 0.811628125 0.44390156249999996 0.811628125 0.4448875 0.8103125 0.445875 0.8089968750000001 0.44982187500000004 0.8089968750000001 0.4537671875 0.8037359374999999 0.45574062499999995 0.8037359374999999 0.4577140625 0.8011046875 0.46560625 0.8011046875 0.46757968749999995 0.798475 0.47152656249999997 0.798475 0.47350000000000003 0.79584375 0.4774453125 0.79584375 0.47941874999999995 0.7932125 0.4813921875 0.7932125 0.490271875 0.7813749999999999 0.490271875 0.7787437500000001
13 0.45278124999999997 0.644578125 0.45278124999999997 0.6472078125 0.45968749999999997 0.656415625 0.46363281250000005 0.656415625 0.46560625 0.6537843750000001 0.46757968749999995 0.6537843750000001 0.469553125 0.6511546874999999 0.47152656249999997 0.6511546874999999 0.47547187500000004 0.6458921875 0.4774453125 0.6458921875 0.47941874999999995 0.6432625 0.4813921875 0.6432625 0.48336562499999997 0.64063125 0.49125781249999995 0.64063125 0.4942171875 0.644578125 0.4942171875 0.6551 0.49224375 0.65773125 0.49224375 0.6603625 0.4804046875 0.6761453125 0.4804046875 0.6787765625 0.48336562499999997 0.6827234375 0.48533906250000003 0.6827234375 0.48731093750000004 0.685353125 0.489284375 0.685353125 0.4942171875 0.6919296875 0.4942171875 0.6945609375 0.49520468749999996 0.6958765625 0.5090171875 0.6958765625 0.510003125 0.6945609375 0.5109890625 0.6932453125 0.5149359375 0.6932453125 0.5178953125 0.6893 0.5178953125 0.68666875 0.5257890625 0.6761453125 0.5257890625 0.6735156250000001 0.5277624999999999 0.670884375 0.5277624999999999 0.668253125 0.529734375 0.6656234375000001 0.529734375 0.65773125 0.5317078125 0.6551 0.5317078125 0.6498390625 0.53368125 0.6472078125 0.53368125 0.644578125 0.5356546875 0.641946875 0.5356546875 0.6366859375 0.537628125 0.6340546875 0.537628125 0.607746875 0.5396015625 0.6051171875 0.5396015625 0.5893328125 0.5398031249999999 0.5890625 0.4468609375 0.5890625 0.4468609375 0.6209015625000001 0.448834375 0.62353125 0.448834375 0.6340546875 0.4508078125 0.6366859375 0.4508078125 0.641946875 0.45278124999999997 0.644578125
6 1 0.7839671874999999 0.947703125 0.7870781250000001 0.9299312499999999 0.7936546875 0.9259828125 0.8002312500000001 0.914134375 0.8068078125 0.913146875 0.8183171874999999 0.915121875 0.82160625 0.9101859375 0.8265390625 0.8963625000000001 0.8068078125 0.876615625 0.7969421875 0.85686875 0.7772125 0.8410718749999999 0.7509046875000001 0.8213250000000001 0.747615625 0.803553125 0.7377515625 0.7986171875 0.7196640624999999 0.805528125 0.7147328125 0.8154015625 0.7147328125 0.8203374999999999 0.7065109374999999 0.8203374999999999 0.6933578125000001 0.8282359375 0.68678125 0.8262625 0.6736265625 0.8183624999999999 0.6604734375 0.8163890625000001 0.6506078125 0.799603125 0.6292328125 0.7778828125 0.6127906249999999 0.7581359375 0.602925 0.7522125 0.5963484375 0.7403640625000001 0.5930609375 0.7367625 0.5890625 0.67393125 0.5890625 0.6722375 0.6045703125 0.6633515625 0.6259453125000001 0.653478125 0.62265625 0.6475546875 0.6160796875 0.6258328125 0.6127906249999999 0.6238578125 0.609503125 0.5962125 0.609503125 0.5912765624999999 0.6144359374999999 0.60115 0.6407421875 0.599175 0.64403125 0.599175 0.680203125 0.5890625 0.69704375 0.5890625 1 1 1 1 0.7839671874999999
7 1 0.86838125 0.9911468749999999 0.8627109374999999 0.9654765624999999 0.8331156249999999 0.9620656249999999 0.829678125 0.9565906249999999 0.8380484375 0.9532999999999999 0.84604375 0.9605390625 0.8610671875 0.9750796875000001 0.8827562500000001 0.985221875 0.8824421875 0.990159375 0.8906625 0.9878296875 0.908409375 0.9910171875 0.9185828125000001 1 0.932234375 1 0.86838125
17 0.6505171875 0.9761625 0.655453125 0.9975359375 0.6781625 0.9958921875 0.690996875 0.9942484374999999 0.695934375 0.9860265625 0.695934375 0.9728734375 0.690996875 0.9613640625000001 0.6811234374999999 0.967940625 0.6761874999999999 0.9597203125 0.6722375 0.9399890624999999 0.6673015625 0.93176875 0.6633515625 0.93176875 0.657428125 0.944921875 0.6505171875 0.9498546875 0.6505171875 0.9597203125 0.6465671875 0.9695843749999999 0.6505171875 0.9761625
7 1 0.784025 0.93585625 0.7870781250000001 0.9200578125 0.8035203125000001 0.9012984375 0.8084515624999999 0.9042609374999999 0.8166734375000001 0.9121593750000001 0.8199624999999999 0.9279578125000001 0.836403125 0.93388125 0.836403125 0.93585625 0.84298125 0.9447421874999999 0.8479140624999999 0.9496781249999999 0.8462687499999999 0.9615265624999999 0.8298265625000001 0.969425 0.836403125 1 0.836403125 1 0.784025
7 0.9654765624999999 0.9153265625 0.9733750000000001 0.902171875 0.985221875 0.9054609375 0.988184375 0.9005281249999999 0.988184375 0.8906625 0.985221875 0.8857296874999999 0.969425 0.879153125 0.951653125 0.879153125 0.9496781249999999 0.875865625 0.93585625 0.879153125 0.93486875 0.91368125 0.93783125 0.9186140625 0.9447421874999999 0.9169703124999999 0.9654765624999999 0.9153265625