6 0 0 0 1 1 1 1 0 0 0
16 0.6793828125 0.30593593750000003 0.664625 0.3163828125 0.6531203125 0.3370140625 0.6401984374999999 0.3815359375 0.6365703125 0.4331203125 0.618028125 0.5387296874999999 0.6122984375 0.6089109374999999 0.6124968749999999 0.6850671875 0.6199312499999999 0.7524031250000001 0.6299765625 0.7901453125 0.648053125 0.815265625 0.658828125 0.8238218749999999 0.6815296875 0.8697125 0.701884375 0.892525 0.7193859375 0.9032562499999999 0.7287890625 0.9012218750000001 0.7357375 0.8852062500000001 0.747021875 0.8827671875 0.78100625 0.92621875 0.7993046875 0.933146875 0.8091062499999999 0.9292140625 0.8151468749999999 0.92609375 0.830125 0.8974546875 0.8448609375 0.827140625 0.8497953125000001 0.760759375 0.7965390625000001 0.543675 0.8029109375000001 0.51326875 0.8023359375 0.49887812499999995 0.7922906249999999 0.46113593750000004 0.7927328124999999 0.4247546875 0.772709375 0.37465625 0.7532609375 0.338946875 0.726975 0.310159375 0.7057125 0.3002421875 0.6793828125 0.30593593750000003
16 0.5411640625 0.751290625 0.550965625 0.7473578125 0.551871875 0.7344609375 0.5442828125 0.7107015624999999 0.532821875 0.6968515625 0.502509375 0.7215484375 0.49744374999999996 0.7371578125 0.48883593750000004 0.735390625 0.472196875 0.7462453124999999 0.46564843749999996 0.7603609375 0.4937484375 0.7633578125 0.5031515625 0.7613234375 0.506625 0.753315625 0.5163156250000001 0.758478125 0.5411640625 0.751290625
16 0.29324531249999997 0.469253125 0.288465625 0.49205781249999997 0.2800359375 0.5065796875 0.2884875 0.5519234375 0.30012656249999997 0.5820640625 0.3175171875 0.601890625 0.3324515625 0.6077328125 0.339753125 0.624296875 0.37510937499999997 0.6783375 0.40070937500000003 0.70183125 0.42500312500000004 0.7401203125 0.43726093749999995 0.7501703125 0.4433015625 0.74705 0.5247234375 0.6840890625 0.526715625 0.6745859375000001 0.512621875 0.6304624999999999 0.4891234375 0.588371875 0.4668875 0.565965625 0.45828125000000003 0.5641984375 0.44830156250000003 0.551840625 0.4367296875 0.5470859375 0.420821875 0.5287546875 0.371790625 0.48855624999999997 0.3308578125 0.4611203125 0.31740625 0.456771875 0.3004796875 0.46043124999999996 0.29324531249999997 0.469253125
16 0.31625625 0.1195640625 0.29231562499999997 0.11385468750000001 0.282625 0.10869218750000001 0.257821875 0.0813984375 0.2540609375 0.0822125 0.2488828125 0.10691718750000001 0.2508296875 0.1318953125 0.2563609375 0.139771875 0.2738625 0.1505015625 0.2971828125 0.1763015625 0.32501718749999997 0.23196875 0.3522765625 0.273246875 0.375596875 0.299046875 0.40683749999999996 0.32132031250000004 0.41681718749999996 0.333678125 0.45102343749999996 0.3589390625 0.48848281250000003 0.3943828125 0.5001640625 0.3900421875 0.5088828125 0.3827140625 0.5370921875 0.376615625 0.5390843750000001 0.3671125 0.5266484375 0.3407734375 0.51985625 0.3132125 0.5195031250000001 0.2806328125 0.52456875 0.2650234375 0.5194359375000001 0.255246875 0.49127031250000003 0.226865625 0.4433234375 0.1900609375 0.4367078125 0.1787921875 0.38699218750000003 0.1332984375 0.35415625 0.1186265625 0.31625625 0.1195640625
16 0.20925625 0.3731125 0.2058046875 0.44098750000000003 0.1964 0.4430203125 0.1868859375 0.45415 0.1904265625 0.47152656249999997 0.2006921875 0.49107812500000003 0.21295000000000003 0.5011281249999999 0.2167125 0.5003140625 0.223371875 0.477103125 0.232775 0.47507031250000004 0.27558906250000004 0.5020984375 0.281628125 0.498978125 0.29671875000000003 0.4612453125 0.3305703125 0.453925 0.40247968749999996 0.4020921875 0.4044703125 0.39258906250000003 0.3890046875 0.33787656250000003 0.39407187499999996 0.3222671875 0.39081875 0.312084375 0.338934375 0.259803125 0.3225828125 0.277853125 0.291984375 0.2953546875 0.27165 0.3324078125 0.22947812500000003 0.3451546875 0.2139234375 0.359403125 0.20925625 0.3731125
16 0.47854843750000003 0.501759375 0.47684375 0.5184562500000001 0.48284062499999997 0.549815625 0.49213281249999996 0.556878125 0.5094578125 0.55131875 0.5051203125 0.5377421874999999 0.47854843750000003 0.501759375
16 0.51895 0.6345375 0.5442609375 0.6508359375 0.5691078125 0.6436484375 0.5415625000000001 0.5951765625000001 0.5160734375 0.5625875 0.48637968750000005 0.56719375 0.4920890625 0.591359375 0.5115375 0.6270687500000001 0.51895 0.6345375
16 0.5663640625 0.6224703125 0.580790625 0.6393093750000001 0.5830703125000001 0.6370015625 0.61030625 0.6184125 0.61694375 0.5353343749999999 0.6270109374999999 0.4787296875 0.622675 0.46515312499999995 0.5894859375 0.41790000000000005 0.556475 0.3869390625 0.5370921875 0.376615625 0.51264375 0.3819015625 0.49065000000000003 0.4011703125 0.4777296875 0.4456921875 0.47540625 0.48248125000000003 0.48972187500000003 0.5084140625 0.5439515625 0.5837734375 0.5663640625 0.6224703125
16 0.622675 0.46515312499999995 0.6283171875 0.46393281249999996 0.63628125 0.425925 0.643096875 0.3591375 0.63984375 0.34895468749999997 0.616346875 0.3068640625 0.588290625 0.2693875 0.563090625 0.24399375 0.5375578125 0.24588593749999998 0.5233749999999999 0.2707234375 0.519790625 0.287828125 0.5209406249999999 0.3166078125 0.532865625 0.3539421875 0.546096875 0.37648281250000004 0.582471875 0.40853124999999996 0.622675 0.46515312499999995
16 0.5865875 0.1318703125 0.5844859375 0.15046874999999998 0.593159375 0.17762187499999998 0.61636875 0.21251718749999998 0.661528125 0.262625 0.67093125 0.26059062499999996 0.6876359375 0.275121875 0.7261124999999999 0.28857499999999997 0.730271875 0.28586093749999997 0.7413796875 0.26713125 0.7545437500000001 0.264284375 0.7592125000000001 0.250575 0.748659375 0.223828125 0.7170625 0.1689734375 0.6914640624999999 0.14548125 0.656903125 0.0876390625 0.6335828125 0.0618390625 0.6212140625 0.060884375000000004 0.6142671875 0.0769 0.60645625 0.0713328125 0.586853125 0.0792 0.58298125 0.08910781250000001 0.5865875 0.1318703125
16 0.832271875 0.0733078125 0.8270937500000001 0.0980125 0.8287531250000001 0.115796875 0.8414765624999999 0.14933125 0.8625171875 0.17743906250000002 0.877740625 0.1904765625 0.8919890625000001 0.1910234375 0.8988921875000001 0.2094875 0.9159953125 0.22211875 0.9224343749999999 0.21709843750000002 0.928296875 0.1976875 0.9345140625000001 0.21085781250000002 0.9420375 0.20923124999999998 0.9664203125 0.17855937500000002 0.9497375 0.2238953125 0.9601140625 0.23435156250000003 0.97288125 0.23340468749999999 0.9846734375 0.21996875 0.974628125 0.1822265625 0.9539859375 0.15221875 0.94834375 0.1534390625 0.9454453125000001 0.1758375 0.9375234375 0.1793640625 0.9449796875 0.15235156249999998 0.9425234375 0.13836874999999998 0.917434375 0.10387968750000001 0.8911484375000001 0.075090625 0.8806609375000001 0.0737296875 0.86395625 0.059199999999999996 0.8376265625 0.0648921875 0.832271875 0.0733078125
16 0.467153125 0.204865625 0.5238828125 0.259728125 0.5280437499999999 0.25701406250000003 0.5394375 0.2454796875 0.5376671875000001 0.23679062499999998 0.5049875 0.1785421875 0.4733484375 0.15816875 0.464121875 0.1764921875 0.467153125 0.204865625
20 1 0.6280453125000001 0.990803125 0.6105296874999999 0.9586984375000001 0.5666703125 0.9365062500000001 0.5097828125 0.9035390624999999 0.444340625 0.8948656250000001 0.4171875 0.8845984375 0.3976359375 0.8712578125 0.3841921875 0.8481140625 0.37468124999999997 0.821784375 0.38037343749999997 0.8081109375000001 0.394215625 0.7976890625 0.418240625 0.7935953125 0.44634062500000005 0.7969140625 0.4819078125 0.80746875 0.5086546875 0.8293062499999999 0.5329609375000001 0.8455031249999999 0.5584875 0.869221875 0.5823875000000001 0.9016140625 0.6334421875 0.9345140625000001 0.6734984374999999 0.9477453125 0.6960390624999999 0.9764203124999999 0.7134234375 0.9882796875000001 0.7253734374999999 1 0.7291624999999999 1 0.6280453125000001
13 1 0.7448375 0.984009375 0.7371828125000001 0.9197124999999999 0.718428125 0.8863687499999999 0.7147515624999999 0.846078125 0.7270921875 0.8451703125 0.7399875 0.8522515625 0.7747421875 0.848334375 0.8191328125 0.8326921875 0.9023421875000001 0.8432453125 0.9290890624999999 0.84769375 0.9335703125 1 0.899159375 1 0.7448375
12 0.557071875 0.9238359375 0.561165625 0.8957375000000001 0.5511203124999999 0.8579953124999999 0.553221875 0.8393984375000001 0.54968125 0.8220203125 0.5306984375 0.809796875 0.5067578125 0.8040875 0.49359374999999994 0.8069328125 0.486534375 0.8320453125 0.503084375 0.8901515625 0.522534375 0.9258609375000001 0.5428890625 0.948675 0.5470484375 0.9459609375 0.557071875 0.9238359375
13 0.7654078125 0.3580921875 0.7894812499999999 0.4145734375 0.7943265625 0.417153125 0.80554375 0.38932812499999997 0.798684375 0.3363828125 0.79206875 0.3251140625 0.753371875 0.3298515625 0.7521765625 0.335553125 0.7654078125 0.3580921875
13 0.6673015625 0.312175 0.6989859375 0.29806875 0.7210453125 0.304184375 0.7466453125 0.327678125 0.7846578125 0.31764375 0.78625 0.3100421875 0.7683500000000001 0.3012125 0.7454953125 0.2988984375 0.7145406249999999 0.28381875 0.628184375 0.2589484375 0.5972296874999999 0.2438703125 0.5754578125 0.2449484375 0.5723828125 0.25105625 0.6122984375 0.3004828125 0.6347109375 0.3391796875 0.6421234375 0.34664843749999996 0.647765625 0.34542812500000003 0.6555093750000001 0.3256109375 0.6673015625 0.312175
13 1 0.3250828125 0.9644281250000001 0.342275 0.95498125 0.3787890625 0.9562421875 0.39847343749999997 0.9462187500000001 0.42059687500000004 0.97325625 0.48006562500000005 0.9942984375 0.5081734375 1 0.5260234374999999 1 0.3250828125
16 0.4001125 0.319146875 0.390996875 0.328375 0.39008906250000003 0.3412703125 0.39442499999999997 0.354846875 0.4003546875 0.36082187499999996 0.39905 0.37561875 0.4074359375 0.3955765625 0.4237421875 0.41200937499999996 0.44312500000000005 0.4223328125 0.473790625 0.43021562500000005 0.47983125 0.4270953125 0.4918453125 0.39546875 0.4001125 0.319146875
16 0.3981875 0.5082484375 0.42971562499999993 0.5377171875 0.436840625 0.5379906250000001 0.471025 0.503384375 0.4722203125 0.49768437499999996 0.4670859375 0.48790781250000004 0.4739234375 0.4809875 0.4782375 0.43469687500000004 0.4689453125 0.42763437499999996 0.44124375000000005 0.4227390625 0.4218609375 0.41241562500000006 0.4100015625 0.400465625 0.38128281249999996 0.41756093749999995 0.35849375 0.44063125000000003 0.3324515625 0.45351875 0.33125625 0.4592203125 0.3981875 0.5082484375
16 0.8020484375000001 0.3374703125 0.8136203125 0.342225 0.84143125 0.33802656249999996 0.849353125 0.3344984375 0.8513437500000001 0.32499687499999996 0.846896875 0.32051562499999997 0.8288859375 0.32078125 0.798396875 0.3291875 0.8020484375000001 0.3374703125
16 0.8011843750000001 0.3158859375 0.8545296875 0.30979375 0.8580046875 0.3017859375 0.8514984374999999 0.2814203125 0.8249265625 0.24543750000000003 0.8023578125 0.2503171875 0.798884375 0.258325 0.7913609375 0.2599515625 0.7598984375 0.25586875 0.7583046875 0.2634703125 0.7432593749999999 0.2667234375 0.7340328125 0.28504687500000003 0.7362015625 0.29183593750000003 0.7425296875 0.2959109375 0.7635046875 0.2986328125 0.8011843750000001 0.3158859375