6 0.0046875 0.99453125 0.99375 0.99453125 0.99375 0.009375 0.0046875 0.009375 0.0046875 0.99453125
16 0.6494140625 0.36038281250000004 0.6318359375 0.3673140625 0.6142578125 0.3846390625 0.587890625 0.4244890625 0.568359375 0.47300312499999997 0.517578125 0.5700296875 0.490234375 0.63586875 0.466796875 0.7086375 0.453125 0.7744765625000001 0.451171875 0.8125937499999999 0.4609375 0.840315625 0.46875 0.8507125 0.4765625 0.899225 0.4892578125 0.9252140624999999 0.5029296875 0.9390750000000001 0.5126953125 0.9390750000000001 0.5244140625 0.9252140624999999 0.5361328125 0.9252140624999999 0.5556640625 0.9737265624999999 0.5712890625 0.9841234375000001 0.58203125 0.9823906250000001 0.5888671875 0.9806578125 0.6123046875 0.9564015625 0.6484375 0.8922953124999999 0.673828125 0.8299203125 0.689453125 0.6116109375 0.705078125 0.583890625 0.708984375 0.5700296875 0.7109375 0.5319109375 0.72265625 0.49725937499999995 0.71875 0.44528125 0.7109375 0.4071640625 0.6943359375 0.37424375 0.6767578125 0.36038281250000004 0.6494140625 0.36038281250000004
16 0.376953125 0.7571515625 0.3876953125 0.75541875 0.392578125 0.743290625 0.392578125 0.7190328125 0.3857421875 0.703440625 0.3486328125 0.7207656250000001 0.3388671875 0.7346265625 0.3310546875 0.7311625 0.3115234375 0.7380921875 0.30078125 0.7502203125 0.3271484375 0.7588828125 0.3369140625 0.7588828125 0.3427734375 0.751953125 0.3505859375 0.7588828125 0.376953125 0.7571515625
16 0.2236328125 0.4366171875 0.2119140625 0.457409375 0.19921875 0.46953750000000005 0.193359375 0.5145859374999999 0.1953125 0.545771875 0.2060546875 0.5682968749999999 0.21875 0.576959375 0.220703125 0.5942859375 0.23828125 0.65319375 0.255859375 0.680915625 0.267578125 0.7224984375 0.2763671875 0.7346265625 0.283203125 0.73289375 0.3818359375 0.6895796875 0.38671875 0.680915625 0.38671875 0.63586875 0.376953125 0.5908203125 0.3623046875 0.56483125 0.3544921875 0.561365625 0.3486328125 0.5475046875 0.3388671875 0.540575 0.3291015625 0.5197828125 0.2939453125 0.4712703125 0.2626953125 0.4366171875 0.2509765625 0.4296875 0.2333984375 0.4296875 0.2236328125 0.4366171875
16 0.3544921875 0.107421875 0.3330078125 0.0970265625 0.3251953125 0.0900953125 0.3095703125 0.058909375 0.3056640625 0.058909375 0.29296875 0.08143281249999999 0.287109375 0.10568906250000001 0.2900390625 0.1143515625 0.3037109375 0.1282125 0.318359375 0.1576671875 0.328125 0.2165765625 0.341796875 0.261625 0.3564453125 0.29107812499999997 0.3798828125 0.31880000000000003 0.3857421875 0.3326609375 0.4111328125 0.3638484375 0.4365234375 0.40543125 0.44921875 0.4036984375 0.4599609375 0.39849999999999997 0.4892578125 0.39849999999999997 0.494140625 0.3898375 0.490234375 0.362115625 0.4921875 0.33439375 0.501953125 0.30320625 0.51171875 0.2893453125 0.509765625 0.27895 0.4912109375 0.24603125 0.4560546875 0.2009828125 0.453125 0.1888546875 0.4189453125 0.13514375 0.3916015625 0.1143515625 0.3544921875 0.107421875
16 0.171875 0.3274640625 0.1474609375 0.39157031249999996 0.1376953125 0.39157031249999996 0.125 0.4002328125 0.123046875 0.417559375 0.126953125 0.43834999999999996 0.1357421875 0.45047812499999995 0.1396484375 0.45047812499999995 0.1533203125 0.4296875 0.1630859375 0.4296875 0.1962890625 0.4643390625 0.203125 0.46260781250000005 0.2294921875 0.4296875 0.2646484375 0.4296875 0.3505859375 0.3950359375 0.35546875 0.386371875 0.357421875 0.330928125 0.3671875 0.3170671875 0.3671875 0.30667187500000004 0.3330078125 0.24603125 0.3115234375 0.2598921875 0.2763671875 0.2702875 0.2451171875 0.301475 0.2001953125 0.3049390625 0.1806640625 0.3153359375 0.171875 0.3274640625
16 0.3935546875 0.5059218750000001 0.38671875 0.5215156249999999 0.3828125 0.5527031250000001 0.3896484375 0.561365625 0.408203125 0.5596328125000001 0.408203125 0.545771875 0.3935546875 0.5059218750000001
16 0.3916015625 0.641065625 0.4111328125 0.6618578125 0.4375 0.6601250000000001 0.42578125 0.608146875 0.4111328125 0.5717609375 0.380859375 0.5700296875 0.37890625 0.5942859375 0.38671875 0.632403125 0.3916015625 0.641065625
16 0.44140625 0.6393328125 0.4501953125 0.6583921875 0.453125 0.656659375 0.4853515625 0.64453125 0.517578125 0.5665640625 0.544921875 0.5145859374999999 0.544921875 0.500725 0.52734375 0.448746875 0.5048828125 0.4123609375 0.4892578125 0.39849999999999997 0.4638671875 0.39849999999999997 0.4365234375 0.4123609375 0.41015625 0.4522109375 0.396484375 0.4868640625 0.40234375 0.5145859374999999 0.431640625 0.59775 0.44140625 0.6393328125
16 0.544921875 0.500725 0.55078125 0.500725 0.5703125 0.466071875 0.59765625 0.4036984375 0.59765625 0.393303125 0.587890625 0.3482546875 0.572265625 0.30667187500000004 0.5556640625 0.2772171875 0.5302734375 0.273753125 0.5087890625 0.29454375 0.5 0.3101375 0.4921875 0.33785937499999996 0.4921875 0.3759765625 0.498046875 0.4002328125 0.5234375 0.43834999999999996 0.544921875 0.500725
16 0.61328125 0.17499375 0.60546875 0.19232031249999998 0.60546875 0.22004218749999999 0.6171875 0.258159375 0.6455078125 0.3153359375 0.6552734375 0.3153359375 0.6669921875 0.3326609375 0.7001953125 0.35345312500000003 0.705078125 0.3517203125 0.7216796875 0.3361265625 0.7353515625 0.3361265625 0.744140625 0.3239984375 0.7421875 0.2962765625 0.728515625 0.2373671875 0.7109375 0.20964531250000001 0.6953125 0.147271875 0.6806640625 0.1178171875 0.6689453125 0.1143515625 0.6572265625 0.1282125 0.6513671875 0.12128281249999999 0.6298828125 0.1247484375 0.623046875 0.1334109375 0.61328125 0.17499375
16 0.8701171875 0.1697953125 0.857421875 0.19232031249999998 0.853515625 0.20964531250000001 0.85546875 0.2442984375 0.8671875 0.275484375 0.8779296875 0.29107812499999997 0.8916015625 0.29454375 0.892578125 0.313603125 0.9052734375 0.3291953125 0.9130859375 0.32573124999999997 0.9248046875 0.3084046875 0.9267578125 0.322265625 0.9345703125 0.322265625 0.9677734375 0.298009375 0.9375 0.33785937499999996 0.9443359375 0.3499875 0.95703125 0.3517203125 0.97265625 0.341325 0.974609375 0.30320625 0.9638671875 0.2702875 0.9580078125 0.2702875 0.9482421875 0.29107812499999997 0.939453125 0.2928109375 0.955078125 0.2685546875 0.95703125 0.25469375 0.943359375 0.2165765625 0.9267578125 0.18365625000000002 0.9169921875 0.1801921875 0.9052734375 0.16286562499999999 0.8779296875 0.16286562499999999 0.8701171875 0.1697953125
16 0.474609375 0.22004218749999999 0.5126953125 0.28414843749999996 0.517578125 0.282415625 0.5322265625 0.273753125 0.533203125 0.26508906250000003 0.51953125 0.202715625 0.4951171875 0.17672656250000002 0.48046875 0.19232031249999998 0.474609375 0.22004218749999999
20 0.716796875 0.51805 0.708984375 0.5527031250000001 0.7109375 0.580425 0.724609375 0.608146875 0.732421875 0.63586875 0.748046875 0.663590625 0.763671875 0.7190328125 0.783203125 0.76408125 0.7890625 0.7883375 0.8115234375 0.8108625 0.8193359375 0.8247234375 0.83984375 0.8368515625 0.8642578125 0.8143265625 0.873046875 0.798734375 0.857421875 0.71556875 0.83984375 0.6670546875000001 0.8359375 0.608146875 0.82421875 0.5388421875 0.82421875 0.5111203125 0.8203125 0.490328125 0.8115234375 0.47473593750000004 0.7919921875 0.460875 0.7646484375 0.460875 0.7470703125 0.4712703125 0.7294921875 0.49206093749999996 0.716796875 0.51805
13 0.8251953125 0.9945187499999999 0.83984375 0.9927859375000001 0.84765625 0.9477375 0.8466796875 0.9286796875000001 0.82421875 0.98585625 0.8251953125 0.9945187499999999
13 0.8125 0.9927859375000001 0.845703125 0.9061562500000001 0.841796875 0.8680375 0.8330078125 0.8524453125000001 0.8115234375 0.83511875 0.7548828125 0.80393125 0.7236328125 0.7935359375 0.6806640625 0.7970015625 0.67578125 0.8091296874999999 0.671875 0.8437812499999999 0.654296875 0.8853640625000001 0.61328125 0.9615984375 0.615234375 0.9893203125 0.6181640625 0.9945187499999999 0.8125 0.9927859375000001
12 0.3388671875 0.9252140624999999 0.3515625 0.899225 0.353515625 0.8611078125 0.361328125 0.8437812499999999 0.36328125 0.8264546875000001 0.3486328125 0.8108625 0.3271484375 0.800465625 0.3134765625 0.800465625 0.298828125 0.8229906250000001 0.296875 0.8818984375 0.3046875 0.9200156249999999 0.3173828125 0.9460062499999999 0.322265625 0.9442734375 0.3388671875 0.9252140624999999
13 0.716796875 0.42795468750000004 0.72265625 0.4868640625 0.7265625 0.490328125 0.74609375 0.466071875 0.755859375 0.41409375 0.7529296875 0.401965625 0.7138671875 0.39849999999999997 0.7109375 0.4036984375 0.716796875 0.42795468750000004
13 0.6357421875 0.3638484375 0.6708984375 0.3569171875 0.6904296875 0.3673140625 0.7080078125 0.3950359375 0.748046875 0.393303125 0.751953125 0.386371875 0.7373046875 0.37424375 0.7158203125 0.3673140625 0.6904296875 0.346521875 0.6142578125 0.3049390625 0.5888671875 0.28414843749999996 0.5673828125 0.2806828125 0.5625 0.28588125 0.5859375 0.341325 0.595703125 0.38290625 0.6005859375 0.39157031249999996 0.6064453125 0.39157031249999996 0.6201171875 0.37424375 0.6357421875 0.3638484375
13 0.9482421875 0.7450234375 0.96484375 0.743290625 0.9755859375 0.7380921875 0.994140625 0.71556875 0.994140625 0.441815625 0.9912109375 0.4366171875 0.9150390625 0.45394375 0.89453125 0.4868640625 0.8896484375 0.5059218750000001 0.873046875 0.52498125 0.880859375 0.5873546875 0.892578125 0.6185421875 0.892578125 0.6497296875 0.9140625 0.680915625 0.9326171875 0.7346265625 0.9482421875 0.7450234375
16 0.3740234375 0.3153359375 0.3623046875 0.322265625 0.357421875 0.33439375 0.357421875 0.3482546875 0.361328125 0.3551859375 0.35546875 0.369046875 0.357421875 0.3898375 0.3681640625 0.40889687500000005 0.3837890625 0.4227578125 0.4111328125 0.4366171875 0.41796875 0.4348859375 0.439453125 0.4071640625 0.3740234375 0.3153359375
16 0.3134765625 0.4955265625 0.3349609375 0.5301796875 0.341796875 0.5319109375 0.3857421875 0.5059218750000001 0.388671875 0.500725 0.38671875 0.490328125 0.3955078125 0.48513124999999996 0.4140625 0.441815625 0.4072265625 0.433153125 0.3818359375 0.4227578125 0.3662109375 0.40889687500000005 0.3583984375 0.3950359375 0.3251953125 0.40543125 0.2958984375 0.4227578125 0.2666015625 0.4296875 0.263671875 0.4348859375 0.3134765625 0.4955265625
16 0.7587890625 0.41582656250000005 0.7685546875 0.4227578125 0.796875 0.4244890625 0.8056640625 0.4227578125 0.810546875 0.41409375 0.8076171875 0.40889687500000005 0.7900390625 0.40543125 0.7578125 0.4071640625 0.7587890625 0.41582656250000005
16 0.7646484375 0.3950359375 0.818359375 0.4002328125 0.82421875 0.393303125 0.82421875 0.37251093750000003 0.8095703125 0.3326609375 0.7861328125 0.3326609375 0.7802734375 0.3395921875 0.7724609375 0.3395921875 0.7431640625 0.3291953125 0.7392578125 0.3361265625 0.7236328125 0.3361265625 0.708984375 0.3517203125 0.708984375 0.35865 0.7138671875 0.3638484375 0.7333984375 0.370778125 0.7646484375 0.3950359375