6 0.10483125 0 0.090421875 0.10588125 0.0802703125 0.12009218749999999 0.090796875 0.15339843749999998 0.0780765625 0.1672046875 0 0.6764609375 0 0.6883671875 0.0272671875 0.7207578125 0.01895 0.7233968749999999 0.0314859375 0.727359375 0.001340625 0.7680671875 0 0.7765296875 0 0.8407625 0.0047796875 0.8793484375 0 0.8705921875 0 0.9262078125000001 0.2888515625 0.972790625 0.2939546875 0.9488796875000001 0.33516875 0.8881734375000001 0.3336078125 0.8730953124999999 0.34635937499999997 0.8840140625 0.3414140625 0.9484875 0.3512046875 0.9698125 0.3465875 0.9740234375 0.341234375 0.96625625 0.3402265625 0.9809265625 0.4649453125 1 0.5434046875 1 0.652078125 0.9571515625 0.6611312500000001 0.966496875 0.7111609375 0.966509375 0.7359312499999999 0.976365625 0.8327078125 0.9056734375 0.8662140624999999 0.8437468750000001 0.87250625 0.787396875 0.8630796875 0.7305359375 0.8285750000000001 0.665746875 0.7812625 0.6236453125 0.7426078125 0.6017046875000001 0.6604984375 0.5798 0.7182328124999999 0.5810359375 0.7249546875 0.5385953125 0.7642765625 0.5230718750000001 0.7935078125 0.48815156249999997 0.8130171875000001 0.48135312499999994 0.7886640625 0.402353125 0.7463984375 0.3699515625 0.7811265625 0.300309375 0.7918203125 0.23279062499999997 0.7492156249999999 0.17759375 0.7153015625 0.167278125 0.719703125 0.15611250000000002 0.6974671875 0.1219390625 0.6584156250000001 0.1108109375 0.696425 0.1118875 0.7002171875000001 0.1045765625 0.597465625 0.08830312500000001 0.5941609375 0.075915625 0.5675578125 0.077634375 0.5562390625 0.0659546875 0.5493609375 0.06783125 0.5615921875 0.0737234375 0.5524515625 0.0732640625 0.5279828125 0.061478124999999995 0.5264234375 0.0464015625 0.5053515625 0.03811875 0.506878125 0.028473437499999997 0.4970359375 0.040757812500000004 0.44199374999999996 0.055770312499999995 0.452809375 0.004090625 0.4019203125 0 0.10483125 0
13 0.0326765625 0.69491875 0.11677656249999999 0.7458109375 0.2100796875 0.7635546875 0.3403171875 0.7476 0.49730625 0.6874328125 0.557146875 0.6504390625 0.5828890624999999 0.6209015625000001 0.5894874999999999 0.5626218749999999 0.5789640625 0.5293140625 0.5374 0.48417187500000003 0.4855953125 0.462125 0.3937296875 0.44361875 0.2540984375 0.4274375 0.11514843749999999 0.45684218750000005 0.06267500000000001 0.47226093750000003 0.0402 0.48946562499999996 0.0282171875 0.515253125 0.0087296875 0.688159375 0.0326765625 0.69491875
13 0.3026671875 0.2621 0.3080203125 0.2698671875 0.31777500000000003 0.2664703125 0.32572968750000003 0.29936875 0.3188828125 0.3259703125 0.3366265625 0.38019375 0.3824140625 0.43193906249999997 0.46452499999999997 0.45384375 0.5185593749999999 0.45350156249999996 0.586409375 0.4158015625 0.6054890625 0.39509375 0.62431875 0.34270625 0.643815625 0.252853125 0.631878125 0.1619765625 0.5740421875 0.0865703125 0.4772875 0.09893125 0.4415046875 0.0754671875 0.4231625 0.10815625 0.396434375 0.094034375 0.33539375 0.0804125 0.3090046875 0.0890859375 0.3049078125 0.098325 0.29924062500000004 0.233871875 0.3026671875 0.2621
13 0.5013703125 0.8779140625 0.5308484375 0.874671875 0.56506875 0.8830578125 0.5362578124999999 0.848834375 0.476915625 0.7247421875 0.45162500000000005 0.7098609375 0.30891406250000003 0.7713 0.294609375 0.8283578125 0.3058375 0.8489218749999999 0.3703046875 0.8907734375 0.48067031250000003 0.9171515625 0.5106703125000001 0.9189359375 0.52905 0.9109718750000001 0.5013703125 0.8779140625
13 0.7599671875 0.52535625 0.7941203125 0.48429374999999997 0.8161968749999999 0.47790156250000004 0.7864 0.40001718750000004 0.7694265625 0.3824984375 0.7369484374999999 0.371421875 0.6962109375 0.32937500000000003 0.6705234375 0.3253078125 0.6326359375 0.3400703125 0.6059203125 0.409003125 0.5481281250000001 0.4413765625 0.5290484375 0.462084375 0.5801859375 0.5216000000000001 0.5952359375 0.5595765625 0.6055125 0.5612046875 0.7599671875 0.52535625
14 0.32795 0.4183703125 0.33014375 0.3712578125 0.31591874999999997 0.336375 0.2366265625 0.3465578125 0.243915625 0.416925 0.289846875 0.42617656249999997 0.3147078125 0.4271484375 0.32795 0.4183703125
3 0.3267921875 0 0.25695 0.035359375 0.30365156249999997 0.0813171875 0.3842 0.08814374999999999 0.4200734375 0.102721875 0.455378125 0.004496875 0.3823390625 0 0.3267921875 0
16 0.1050734375 0 0.094825 0.0947125 0.1162 0.1010640625 0.1237265625 0.12005312500000001 0.1428390625 0.12406874999999999 0.15543437499999999 0.09442500000000001 0.1854 0.0714859375 0.2087546875 0.023770312499999998 0.2070765625 0 0.1050734375 0
7 0.6455828125 0.1918328125 0.6934390625 0.1806265625 0.7101625 0.166465625 0.711565625 0.14098125 0.6945921875 0.1234609375 0.6740421875 0.12020625 0.6230078125 0.1348640625 0.632003125 0.177815625 0.6455828125 0.1918328125
13 0.09729062499999999 0.24539062500000003 0.073503125 0.2791953125 0.0701421875 0.30041562499999996 0.083846875 0.3302703125 0.1430859375 0.380190625 0.1596328125 0.3838015625 0.17173906249999998 0.3738546875 0.1716734375 0.32440625 0.19037656249999999 0.25617968750000003 0.1841875 0.162259375 0.20121875 0.1461703125 0.2970203125 0.11487343750000001 0.3052140625 0.096396875 0.3010828125 0.08090937499999999 0.23753281249999997 0.033271875 0.20465781249999998 0.033009375 0.18796875 0.07189375 0.160875 0.093309375 0.13752031250000002 0.1410234375 0.104375 0.1674140625 0.09251406250000001 0.209040625 0.09729062499999999 0.24539062500000003
13 0.726709375 0.170075 0.6389171874999999 0.20066250000000002 0.646509375 0.2691 0.6328171874999999 0.3223 0.640434375 0.3324046875 0.6733984375000001 0.323784375 0.693946875 0.32703906250000003 0.734990625 0.36715624999999996 0.746703125 0.368021875 0.7814328125000001 0.2983796875 0.79316875 0.2409125 0.7571375 0.1857703125 0.726709375 0.170075
7 0.6960531249999999 0.7376968749999999 0.67773125 0.7120546875 0.6478234375 0.7013859375 0.5929640625 0.698628125 0.54749375 0.7280109375 0.6317765625 0.7611343749999999 0.6738828125 0.752971875 0.6960531249999999 0.7376968749999999
13 0 0.8054625 0.005696875 0.8735625 0.028759374999999997 0.91083125 0.0308421875 0.9309359374999999 0.28772031249999996 0.971621875 0.3344328125 0.8761921875 0.285378125 0.8367828125000001 0.2966265625 0.7990140625000001 0.294725 0.7611421875 0.20289375 0.7673609375 0.15953124999999999 0.758515625 0.118678125 0.7836859375 0.11904062500000001 0.748146875 0.09139375 0.7398140625 0.05525 0.7518875 0.063228125 0.7264546875 0.043075 0.7123875 0.0026875 0.7761890625000001 0 0.79315625 0 0.8054625