6 0 0.3390625 0.43149531249999995 0.3390625 0.4349984375 0.30574218750000004 0.4317984375 0.2955984375 0.38272343750000004 0.272409375 0.3741890625 0.272409375 0.3677875 0.2782078125 0.36138750000000003 0.2753078125 0.3485859375 0.2840046875 0.3432515625 0.2535703125 0.33365 0.260815625 0.32084687500000003 0.25501874999999996 0.3112453125 0.23907812499999997 0.3048453125 0.1984984375 0.2995109375 0.1941515625 0.28457499999999997 0.1941515625 0.27390625 0.1738625 0.2504359375 0.191253125 0.22803281250000002 0.22168749999999998 0.21949843750000003 0.244875 0.20562968750000002 0.25501874999999996 0.1970953125 0.25501874999999996 0.1885609375 0.2405265625 0.1672234375 0.2521203125 0.12881718749999999 0.249221875 0.11388125 0.25791718750000003 0.10748125 0.272409375 0.1010796875 0.272409375 0.06480781249999999 0.25791718750000003 0.045604687500000005 0.26661250000000003 0.0178671875 0.2521203125 0 0.24969375 0 0.3390625
6 0.87961875 0 0.8695203125000001 0.01454375 0.8663187499999999 0.0342703125 0.8407015624999999 0.04144375 0.838565625 0.030684375000000003 0.8278921875 0.030684375000000003 0.81721875 0.04503125 0.7916015625 0.04144375 0.7766578125 0.0629640625 0.7446359375 0.04503125 0.71475 0.0773109375 0.7040765625 0.0808984375 0.69980625 0.0916578125 0.6912671875 0.0916578125 0.6934015625 0.09883125000000001 0.659246875 0.09883125000000001 0.659246875 0.0916578125 0.625090625 0.10241875 0.6016078125 0.09883125000000001 0.5941359375 0.1077984375 0.5984046875 0.1221453125 0.5920015624999999 0.13290625 0.5920015624999999 0.143665625 0.5887984375 0.1490453125 0.5717203125 0.145459375 0.56425 0.168771875 0.6016078125 0.22077968750000002 0.7382328125 0.21719375 0.7958703125000001 0.22077968750000002 0.8086796875 0.22795312499999998 0.815084375 0.22077968750000002 0.8641828125 0.21719375 0.9090125 0.21719375 0.921821875 0.2243671875 0.9666515625000001 0.21719375 1 0.22206562500000002 1 0.0033484375 0.9986734374999999 0.0055765625 0.996184375 0 0.87961875 0
16 0.7211546875 0.0916578125 0.7467718750000001 0.09883125000000001 0.777725 0.0970390625 0.775590625 0.0683453125 0.76811875 0.055790625 0.7467718750000001 0.04503125 0.7339625 0.0522046875 0.7136828125 0.0826921875 0.7211546875 0.0916578125
3 0.7606468750000001 0.172359375 0.76811875 0.1885 0.7819953125 0.201053125 0.7969375000000001 0.1795328125 0.7990734374999999 0.15442499999999998 0.7916015625 0.1382859375 0.76811875 0.1346984375 0.7606468750000001 0.1472515625 0.7606468750000001 0.172359375
21 0.7990734374999999 0.19029218750000002 0.804409375 0.20643281249999998 0.8161515625 0.21181250000000001 0.8503078125 0.143665625 0.8503078125 0.12573281249999999 0.8407015624999999 0.11317812499999999 0.8300265625 0.11676562500000001 0.8204203124999999 0.13290625 0.7990734374999999 0.19029218750000002
21 0.8833953125 0.12035156250000001 0.863115625 0.1615984375 0.863115625 0.1759453125 0.8727218750000001 0.1920859375 0.8801937499999999 0.19029218750000002 0.8930031250000001 0.1759453125 0.9015421874999999 0.1508390625 0.9036765625 0.1400796875 0.8940703125 0.12035156250000001 0.8833953125 0.12035156250000001
16 0.946371875 0.050410937499999996 0.9506406249999999 0.0432375 0.9474390625 0.023510937500000002 0.9324953125000001 0.023510937500000002 0.9196875 0.012750000000000001 0.8897999999999999 0.012750000000000001 0.8823281250000001 0.028890624999999996 0.946371875 0.050410937499999996
3 1 0.13721875 0.9965390624999999 0.127525 0.9837296875 0.12035156250000001 0.9741234375 0.12931874999999998 0.9634499999999999 0.1580125 0.9677187500000001 0.201053125 0.9783921875000001 0.201053125 1 0.16475 1 0.13721875
3 0.7211546875 0.127525 0.7179515624999999 0.1364921875 0.7264906250000001 0.19029218750000002 0.7339625 0.199259375 0.741434375 0.197465625 0.74890625 0.1813265625 0.7606468750000001 0.172359375 0.7606468750000001 0.1615984375 0.7446359375 0.13111250000000002 0.7211546875 0.127525
3 0.8012078125000001 0.11497187499999999 0.8097468750000001 0.1042125 0.814015625 0.08627812500000001 0.8054765625 0.046825 0.7916015625 0.04144375 0.775590625 0.0683453125 0.777725 0.0970390625 0.8012078125000001 0.11497187499999999
16 0.826825 0.21181250000000001 0.8321624999999999 0.22077968750000002 0.843903125 0.2189859375 0.8503078125 0.2046390625 0.8503078125 0.19029218750000002 0.8428359375 0.1777390625 0.834296875 0.1777390625 0.826825 0.19029218750000002 0.826825 0.21181250000000001
3 0.9723171875000001 0 0.94850625 0.0217171875 0.9506406249999999 0.046825 0.9602468749999999 0.0629640625 0.9719890625 0.0647578125 0.9976062499999999 0.0217171875 0.9976062499999999 0.007370312499999999 0.9932187499999999 0 0.9723171875000001 0
16 0.736096875 0.0486171875 0.7275578125 0.06655156250000001 0.7211546875 0.06655156250000001 0.7115484375000001 0.0826921875 0.712615625 0.088071875 0.7467718750000001 0.09883125000000001 0.777725 0.0970390625 0.775590625 0.0683453125 0.76811875 0.055790625 0.751040625 0.0486171875 0.736096875 0.0486171875
6 1 0.3390625 0.9166000000000001 0.3390625 0.8344671874999999 0.39854375000000003 0.8292234374999999 0.5477828125 0.9541984375 0.6702046875 1 0.678575 1 0.3390625
13 0.99385625 0.6016078125 0.9959875 0.598765625 0.9959875 0.5731890625 0.99385625 0.5703484375000001 0.99385625 0.5561390625 0.991725 0.553296875 0.991725 0.5476140625 0.99385625 0.544771875 0.99385625 0.5334046875 0.9959875 0.5305625 0.9959875 0.516353125 0.9981203125 0.5135125 0.9981203125 0.507828125 0.994921875 0.503565625 0.9927906249999999 0.503565625 0.9906593750000001 0.5007234375 0.988528125 0.5007234375 0.986396875 0.49788125 0.9821328125000001 0.49788125 0.9800015625 0.495040625 0.9778703125 0.495040625 0.9768046874999999 0.49361875 0.9768046874999999 0.490778125 0.9778703125 0.48935625 0.9800015625 0.48935625 0.9821328125000001 0.48651406250000007 0.9842640625 0.48651406250000007 0.9927906249999999 0.47514687499999997 0.994921875 0.47514687499999997 0.9959875 0.4737265625 0.9959875 0.47088437499999997 0.9981203125 0.46804375 0.9981203125 0.456675 0.994921875 0.4524125 0.988528125 0.4524125 0.986396875 0.4552546875 0.9842640625 0.4552546875 0.9821328125000001 0.458096875 0.9800015625 0.458096875 0.9778703125 0.46093906249999994 0.9757390625 0.46093906249999994 0.9714750000000001 0.46662187499999996 0.96934375 0.46662187499999996 0.9672124999999999 0.4694640625 0.9650812500000001 0.4694640625 0.9586859375 0.4779890625 0.9565546875000001 0.4779890625 0.9544234375 0.47514687499999997 0.9480281250000001 0.47514687499999997 0.9458968750000001 0.47230625000000004 0.9437656249999999 0.47230625000000004 0.9416343749999999 0.47514687499999997 0.9395031250000001 0.47514687499999997 0.937371875 0.4779890625 0.9331078125 0.4779890625 0.9309765625 0.48083125000000004 0.9288453125 0.48083125000000004 0.9267140625 0.48367343749999997 0.9245828125 0.48367343749999997 0.9224500000000001 0.48651406250000007 0.9203187500000001 0.48651406250000007 0.9181874999999999 0.48935625 0.9160562499999999 0.48935625 0.9139250000000001 0.49219843750000003 0.91179375 0.49219843750000003 0.9096609375 0.495040625 0.9075296875 0.495040625 0.89580625 0.5106703125000001 0.89580625 0.5135125 0.893675 0.516353125 0.893675 0.5191953125000001 0.89154375 0.5220374999999999 0.89154375 0.5248796875 0.8894125 0.5277203125 0.8894125 0.5305625 0.88728125 0.5334046875 0.88728125 0.5390875 0.8851484375 0.5419296874999999 0.8851484375 0.5504546875 0.88728125 0.553296875 0.88728125 0.55898125 0.89154375 0.5646640625 0.89154375 0.56750625 0.89580625 0.5731890625 0.89580625 0.57603125 0.8979374999999999 0.5788734375 0.8979374999999999 0.581715625 0.9064640624999999 0.5930828125 0.9064640624999999 0.5959234375 0.9096609375 0.6001875 0.91179375 0.6001875 0.9245828125 0.6172375 0.9267140625 0.6172375 0.9416343749999999 0.6371296875 0.9437656249999999 0.6371296875 0.94483125 0.635709375 0.9458968750000001 0.6342890625 0.9501609375 0.6342890625 0.9544234375 0.6286046875 0.9565546875000001 0.6286046875 0.9586859375 0.6257625 0.9672124999999999 0.6257625 0.96934375 0.6229218750000001 0.9736078125000001 0.6229218750000001 0.9757390625 0.6200796875 0.9800015625 0.6200796875 0.9821328125000001 0.6172375 0.9842640625 0.6172375 0.99385625 0.60445 0.99385625 0.6016078125
13 1 0.3390625 0.9818921875 0.3390625 0.9800015625 0.3415828125 0.9778703125 0.3415828125 0.9757390625 0.344425 0.9736078125000001 0.344425 0.9714750000000001 0.347265625 0.96934375 0.347265625 0.9672124999999999 0.3501078125 0.96295 0.3501078125 0.9608187499999999 0.35295 0.9586859375 0.35295 0.9469625 0.3685796875 0.9469625 0.4311 0.9490953125000001 0.43394062499999997 0.9490953125000001 0.4453078125 0.9512265624999999 0.44814999999999994 0.9512265624999999 0.453834375 0.9533578125 0.456675 0.9533578125 0.45951718750000003 0.9608187499999999 0.4694640625 0.9650812500000001 0.4694640625 0.9672124999999999 0.46662187499999996 0.96934375 0.46662187499999996 0.9714750000000001 0.46377968750000004 0.9736078125000001 0.46377968750000004 0.9778703125 0.458096875 0.9800015625 0.458096875 0.9821328125000001 0.4552546875 0.9842640625 0.4552546875 0.986396875 0.4524125 0.994921875 0.4524125 0.9981203125 0.456675 0.9981203125 0.46804375 0.9959875 0.47088437499999997 0.9959875 0.4737265625 0.9831984374999999 0.490778125 0.9831984374999999 0.49361875 0.986396875 0.49788125 0.988528125 0.49788125 0.9906593750000001 0.5007234375 0.9927906249999999 0.5007234375 0.9981203125 0.507828125 0.9981203125 0.5106703125000001 0.9991859375000001 0.512090625 1 0.512090625 1 0.3390625