6 0 0.4159671875 0.01426875 0.40730781250000003 0.0233609375 0.3956078125 0.0334515625 0.385965625 0.050503125 0.37529375 0.054765625 0.36817968749999996 0.0782109375 0.357509375 0.0899328125 0.3592875 0.0909984375 0.3824078125 0.0895859375 0.408046875 0.1037875 0.41086406249999996 0.132015625 0.4238359375 0.1532296875 0.43579687500000003 0.167728125 0.43932031250000003 0.1709265625 0.433984375 0.17305781250000002 0.3948578125 0.1847796875 0.37529375 0.1879765625 0.377071875 0.1879765625 0.3664015625 0.1943703125 0.345059375 0.2039625 0.33616718749999996 0.213553125 0.32016093749999996 0.215684375 0.3094890625 0.2220796875 0.302375 0.2242109375 0.2774765625 0.2274078125 0.27214062499999997 0.2338015625 0.275696875 0.23912968750000002 0.2703625 0.23912968750000002 0.2347921875 0.23593281250000003 0.22945625 0.2274078125 0.22945625 0.21461875 0.2187859375 0.213553125 0.2063359375 0.20609375000000002 0.1903296875 0.19970000000000002 0.1903296875 0.1847796875 0.1761015625 0.1805171875 0.1761015625 0.17702500000000002 0.1606921875 0.1675640625 0.1530375 0.17702500000000002 0.1468171875 0.1710046875 0.124809375 0.159203125 0.1334171875 0.150678125 0.11918906250000001 0.0909984375 0.12274531250000001 0.07181562500000001 0.129859375 0.067553125 0.1369734375 0.054765625 0.14408749999999998 0.053700000000000005 0.1565375 0.05583125 0.1600953125 0.050503125 0.1654296875 0.0355828125 0.14408749999999998 0.01426875 0.1334171875 0 0.1191296875 0 0.4159671875
7 0.13682343749999998 0.2347921875 0.134309375 0.2539890625 0.13774843750000001 0.2649921875 0.163465625 0.30415312499999997 0.1890421875 0.329053125 0.19330468750000002 0.34328125 0.200765625 0.341503125 0.20822500000000002 0.33616718749999996 0.21781562499999998 0.316603125 0.21994843749999998 0.29526093750000004 0.16985937499999998 0.23301406249999998 0.165596875 0.2223421875 0.1378890625 0.2045578125 0.11018125000000001 0.17254375 0.1065 0.1688265625 0.100590625 0.1778796875 0.0970390625 0.186528125 0.10485312499999999 0.20277812499999998 0.1205484375 0.2262390625 0.1314953125 0.2259 0.13682343749999998 0.2347921875
7 0.1858453125 0.24190625 0.1911734375 0.24012812499999997 0.1943703125 0.227678125 0.1954375 0.186771875 0.1911734375 0.183215625 0.17412343749999998 0.183215625 0.1719921875 0.17965781249999999 0.13575781250000002 0.17965781249999999 0.1336265625 0.1761015625 0.12190468750000001 0.1814359375 0.146415625 0.211671875 0.163465625 0.2187859375 0.17412343749999998 0.2365703125 0.18264843749999998 0.243684375 0.1858453125 0.24190625
7 0.2369984375 0.2774765625 0.24126093750000002 0.25613437499999997 0.24126093750000002 0.23123437500000002 0.23806406249999998 0.2259 0.22314531249999997 0.2259 0.2039625 0.21522812500000002 0.1943703125 0.21700624999999998 0.19307968749999999 0.23915625000000001 0.18361875 0.2458546875 0.1873453125 0.25494531249999997 0.19221875 0.26020781249999997 0.2077 0.27599687500000003 0.22101406250000002 0.275696875 0.2274078125 0.27925468750000004 0.2369984375 0.2774765625
7 0.1719921875 0.39 0.1773203125 0.388221875 0.1815828125 0.37399375 0.1922390625 0.356209375 0.1922390625 0.3455375 0.1879765625 0.331309375 0.17412343749999998 0.315303125 0.165596875 0.3188609375 0.159203125 0.3081890625 0.152809375 0.3081890625 0.14534843749999998 0.3206390625 0.1497890625 0.3444140625 0.14635 0.35828906250000003 0.14950312500000001 0.3678578125 0.15752968750000002 0.384125 0.1719921875 0.39
7 0.0760796875 0.1761015625 0.0782109375 0.183215625 0.0878015625 0.18855 0.0931296875 0.186771875 0.10591874999999999 0.1689875 0.11444375 0.1761015625 0.150678125 0.1761015625 0.153875 0.1636515625 0.15600624999999999 0.124525 0.152809375 0.11918906250000001 0.0782109375 0.12274531250000001 0.061159375 0.14053125 0.0409109375 0.1458671875 0.044107812499999996 0.154759375 0.052634375 0.15831562500000002 0.06968437499999999 0.1761015625 0.0760796875 0.1761015625
7 0.11018125000000001 0.2614703125 0.11870624999999999 0.24724218750000002 0.1314953125 0.25079843749999997 0.1346921875 0.2454625 0.1346921875 0.2347921875 0.1314953125 0.22945625 0.11444375 0.2223421875 0.0952609375 0.2223421875 0.0931296875 0.2187859375 0.0782109375 0.2223421875 0.0771453125 0.259690625 0.0803421875 0.2650265625 0.0878015625 0.26324843750000004 0.11018125000000001 0.2614703125
6 0.61875 0 0.61875 0.61875 1 0.61875 1 0 0.61875 0
13 0.61875 0 0.61875 0.27919375 0.674565625 0.1484703125 0.7512578125 0.110290625 0.7655703125 0 0.61875 0
6 0.61875 1 0.61875 0.6815578125 0.616265625 0.681815625 0.58884375 0.6924875 0.5648484375 0.6754125 0.4585859375 0.6199203125 0.449184375 0.61875 0.41838437500000003 0.61875 0.381459375 0.6380625 0.35575 0.666875 0.3454671875 0.669009375 0.33861093750000004 0.666875 0.33175625000000003 0.6711437499999999 0.32147187499999996 0.6711437499999999 0.31804375 0.6754125 0.3009046875 0.6711437499999999 0.2254921875 0.6391296875 0.20149843750000002 0.6327265625 0.0986625 0.6732781250000001 0.055815625 0.710628125 0.018109375 0.7618515625 0.018109375 0.7746578125 0.031820312499999996 0.7810609375 0.0472453125 0.794934375 0.0626703125 0.7981359375 0.0592421875 0.8024046874999999 0.03010625 0.8013375 0.0026828125000000003 0.80560625 0 0.8070999999999999 0 0.900496875 0.0129671875 0.9016500000000001 0.031820312499999996 0.9091203125 0.0026828125000000003 0.9165906250000001 0 0.9182609375 0 1 0.61875 1
21 0.2375921875 1 0.24091875 0.9710140624999999 0.2340625 0.96034375 0.215209375 0.9528734375000001 0.20149843750000002 0.9550078125000001 0.1877859375 0.9464703125 0.1603640625 0.9464703125 0.0438171875 0.9571421875 0.033534375 0.9614109375 0 0.9630171875 0 1 0.2375921875 1
21 0.24091875 0.8280156249999999 0.24091875 0.84295625 0.25120156250000003 0.8600312499999999 0.283765625 0.8824406249999999 0.3043328125 0.890978125 0.33346875 0.8899109375 0.41059531250000003 0.8653671875000001 0.4208796875 0.8589640624999999 0.44830156250000003 0.8568296875 0.46886875000000006 0.8418890625 0.5014328124999999 0.8258812499999999 0.5151453125 0.8024046874999999 0.5151453125 0.7853296875 0.5082890625 0.7746578125 0.4860078125 0.7586515625 0.46886875000000006 0.7522484375 0.4208796875 0.7501140625 0.3009046875 0.786396875 0.261484375 0.8024046874999999 0.24091875 0.8280156249999999
21 0 0.8999859375 0.026678125000000004 0.90591875 0.0986625 0.9101874999999999 0.1158015625 0.9165906250000001 0.1260859375 0.91445625 0.1295140625 0.9208578125000001 0.1346546875 0.9197906250000001 0.13636874999999998 0.91445625 0.146653125 0.9165906250000001 0.1415109375 0.9197906250000001 0.146653125 0.9229921875 0.16207812500000002 0.9219250000000001 0.1946421875 0.91445625 0.21692343749999998 0.8941796875 0.21692343749999998 0.8664328125 0.20149843750000002 0.8504265625 0.13636874999999998 0.8269484374999999 0.10551875 0.8312171875000001 0.08152343749999999 0.8290828125 0.050673437499999995 0.803471875 0.0095390625 0.803471875 0 0.808378125 0 0.8999859375
21 0 0.96034375 0.0009703125 0.96034375 0.036962499999999995 0.9571421875 0.0541015625 0.9507390625 0.0986625 0.9528734375000001 0.1295140625 0.9486046874999999 0.143225 0.9443359375 0.155221875 0.936865625 0.155221875 0.932596875 0.08152343749999999 0.9101874999999999 0.071240625 0.912321875 0.02325 0.9101874999999999 0.0026828125000000003 0.9165906250000001 0 0.9182609375 0 0.96034375
21 0.5082890625 0.81734375 0.5082890625 0.84295625 0.5151453125 0.853628125 0.5442812499999999 0.87176875 0.571703125 0.8781718749999999 0.6111234375000001 0.8771046874999999 0.61875 0.875278125 0.61875 0.7287703125 0.5956984375000001 0.7287703125 0.578559375 0.7309046875 0.5682765625 0.7373078125 0.5614203125 0.7373078125 0.5425671875 0.7511812499999999 0.5082890625 0.81734375
21 0.4208796875 0.66260625 0.43459062499999995 0.666875 0.510003125 0.701025 0.525428125 0.710628125 0.5322843749999999 0.7298375 0.5391390625 0.7319718749999999 0.563134375 0.71703125 0.59055625 0.6914203125 0.475725 0.6263234375 0.4620125 0.6199203125 0.45511875 0.61875 0.415903125 0.61875 0.37803125 0.64233125 0.3608921875 0.6636734375 0.366034375 0.666875 0.3797453125 0.666875 0.39345625 0.66260625 0.4208796875 0.66260625
18 0.014681250000000002 0.7682546875 0.014681250000000002 0.7725234375000001 0.050673437499999995 0.794934375 0.0626703125 0.7981359375 0.0660984375 0.815209375 0.08152343749999999 0.8269484374999999 0.108946875 0.8290828125 0.13294062499999998 0.8226796875 0.1912140625 0.8461578125000001 0.20321250000000002 0.8472250000000001 0.24777343749999997 0.8088078124999999 0.30261875 0.7810609375 0.309475 0.7703890624999999 0.34718125 0.738375 0.3677484375 0.7042265624999999 0.3677484375 0.6999578125 0.35575 0.6924875 0.208353125 0.6327265625 0.20149843750000002 0.6327265625 0.146653125 0.6562046875 0.1226578125 0.66260625 0.086665625 0.6807484374999999 0.055815625 0.710628125 0.014681250000000002 0.7682546875
16 0.3235265625 1 0.33175625000000003 0.995559375 0.359178125 0.98915625 0.40031249999999996 0.98915625 0.427734375 0.9848874999999999 0.44830156250000003 0.97635 0.4928640625 0.9656796875 0.57513125 0.9315296875 0.60426875 0.9091203125 0.607696875 0.8984484374999999 0.60426875 0.8835078125000001 0.5991265625 0.88030625 0.5614203125 0.8781718749999999 0.540853125 0.87176875 0.522 0.8621656249999999 0.5014328124999999 0.8386875 0.49629218750000004 0.8376203125 0.475725 0.8482921875 0.465440625 0.8482921875 0.4603 0.85149375 0.4603 0.8600312499999999 0.45172968750000003 0.8632328125000001 0.441446875 0.8653671875000001 0.43459062499999995 0.8610984374999999 0.42430781250000005 0.8610984374999999 0.3351828125 0.8931125 0.2974765625 0.895246875 0.22206562500000002 0.9208578125000001 0.20492499999999997 0.9229921875 0.146653125 0.9443359375 0.15693593749999998 0.9486046874999999 0.1877859375 0.9464703125 0.1980703125 0.9528734375000001 0.22206562500000002 0.9528734375000001 0.22720625 0.956075 0.230634375 0.96034375 0.22720625 0.962478125 0.230634375 0.9646125 0.230634375 1 0.3235265625 1
21 0.352321875 0.7607859375 0.36946093750000003 0.76291875 0.41402343750000004 0.7501140625 0.4585859375 0.7501140625 0.4894359375 0.7586515625 0.506575 0.7714562500000001 0.5151453125 0.7703890624999999 0.525428125 0.757584375 0.5322843749999999 0.73410625 0.525428125 0.7127625 0.51343125 0.703159375 0.4208796875 0.66260625 0.3831734375 0.6647406250000001 0.35575 0.6732781250000001 0.343753125 0.6807484374999999 0.343753125 0.6871515625 0.371175 0.6999578125 0.3677484375 0.7127625 0.343753125 0.7426437499999999 0.343753125 0.7511812499999999 0.352321875 0.7607859375
15 0.47564062500000004 1 0.503146875 0.9848874999999999 0.537425 0.9614109375 0.55970625 0.95180625 0.563134375 0.945403125 0.5545640625 0.9443359375 0.5339984375 0.9528734375000001 0.44514531249999995 1 0.47564062500000004 1
21 0.2597703125 0.9037843750000001 0.2700546875 0.9037843750000001 0.30261875 0.8920453125 0.261484375 0.8707015625000001 0.24091875 0.8450906249999999 0.24091875 0.83015 0.2323484375 0.8290828125 0.2134953125 0.84295625 0.2134953125 0.857896875 0.22720625 0.8856421875 0.25120156250000003 0.9005828125 0.24777343749999997 0.9069859375 0.25805781250000004 0.9069859375 0.2597703125 0.9037843750000001
16 0.6729890625 0.6324062500000001 0.61875 0.6472953125 0.61875 0.90209375 0.62696875 0.9053093750000001 0.687971875 0.8849750000000001 0.81960625 0.7790250000000001 0.826028125 0.7490593750000001 0.7885718749999999 0.6730734375 0.6729890625 0.6324062500000001
6 1 0.61875 0.61875 0.61875 0.61875 0.903996875 0.629109375 0.9074500000000001 0.6836921874999999 0.8892546875 0.78215 0.81648125 0.9041546874999999 0.8314640624999999 0.9640859374999999 0.81648125 0.9908390624999999 0.7726046875 0.9908390624999999 0.7383578125 0.969434375 0.693409375 1 0.656965625 1 0.61875