6 0.3303 0.857421875 0.35640937500000003 0.857421875 0.387740625 0.845703125 0.41907187500000004 0.85546875 0.460846875 0.919921875 0.4765125 0.91796875 0.49217656249999997 0.8984375 0.5391734375 0.876953125 0.5861703125 0.89453125 0.5979203125 0.8779296875 0.574421875 0.8583999999999999 0.6592749999999999 0.8183578125000001 0.7454359375 0.7656234375000001 0.7911265625 0.7021499999999999 0.778071875 0.6259765625 0.7611015625 0.623046875 0.7036609375 0.5781234375000001 0.6018375 0.548828125 0.49870468749999997 0.5400390625 0.398184375 0.5546875 0.3851296875 0.55078125 0.2624171875 0.59765625 0.216725 0.6494140625 0.1958390625 0.7392578125 0.182784375 0.7568359375 0.1958390625 0.8017578125 0.18539375 0.8134765625 0.191921875 0.833984375 0.22586562500000001 0.8359375 0.2297796875 0.8095703125 0.26764062499999997 0.7871078125000001 0.2859140625 0.80859375 0.315940625 0.8134765625 0.3368296875 0.8369140625 0.3303 0.857421875
6 0.20497656250000001 0.21875 0.2911375 0.18359375 0.347271875 0.1494140625 0.36555 0.129884375 0.3603265625 0.0849609375 0.32246874999999997 0.06640625 0.2793890625 0.0615234375 0.2519734375 0.064453125 0.109678125 0.1220703125 0.096625 0.1709 0.13709375 0.2109375 0.20497656250000001 0.21875
16 0.20497656250000001 0.21875 0.2911375 0.18359375 0.347271875 0.1494140625 0.36555 0.129884375 0.3603265625 0.0849609375 0.32246874999999997 0.06640625 0.2793890625 0.0615234375 0.2519734375 0.064453125 0.109678125 0.1220703125 0.096625 0.17285 0.13709375 0.2109375 0.20497656250000001 0.21875
16 0.18539375 0.8291000000000001 0.20758749999999998 0.83984375 0.2297796875 0.8349609375 0.232390625 0.8095703125 0.2715546875 0.7724609375 0.2872203125 0.7119140625 0.2872203125 0.7041000000000001 0.2467515625 0.6796875 0.216725 0.6708999999999999 0.1801734375 0.7626953125 0.1958390625 0.8037109375 0.18539375 0.8115234375 0.18539375 0.8291000000000001
21 0.387740625 0.591796875 0.34335468750000003 0.576171875 0.32377500000000003 0.5771499999999999 0.2637234375 0.6318359375 0.24805625 0.6689453125 0.25327968749999996 0.6845703125 0.2911375 0.705078125 0.3342171875 0.6884765625 0.40210156250000006 0.6142578125 0.387740625 0.591796875
21 0.5900640625 0.6357734374999999 0.5931109375 0.660853125 0.63730625 0.6984734375 0.660165625 0.6984734375 0.7119796875 0.6711125 0.7607437499999999 0.6260828125 0.7302640625000001 0.5844734375 0.6906421875000001 0.5707921875 0.666259375 0.5844734375 0.6220671875 0.6095515625 0.5900640625 0.6357734374999999
7 0.477815625 0.7744140625 0.4412640625 0.8193359375 0.44387499999999996 0.8271499999999999 0.48695625 0.841796875 0.583559375 0.9003921874999999 0.60053125 0.8779296875 0.5039281250000001 0.7998046875 0.5039281250000001 0.7841796875 0.477815625 0.7744140625
16 0.37860312500000004 0.6533203125 0.33160625 0.7001953125 0.34205 0.7294921875 0.372075 0.75390625 0.4099328125 0.7412109375 0.42298749999999996 0.7138656250000001 0.4151546875 0.6689453125 0.39035156249999997 0.65234375 0.37860312500000004 0.6533203125
16 0.748046875 0.685546875 0.706271875 0.6796875 0.6631921875 0.6982421875 0.6618859375 0.77734375 0.5705046874999999 0.74609375 0.553534375 0.7548843749999999 0.553534375 0.7841796875 0.519590625 0.8115234375 0.5731171875000001 0.857421875 0.656665625 0.8203125 0.757184375 0.7568359375 0.77285 0.7138656250000001 0.7911265625 0.6982421875 0.7885156249999999 0.6806640625 0.77285 0.6669921875 0.748046875 0.685546875
17 0.3629375 0.7529296875 0.32899531249999997 0.7080078125 0.305496875 0.7060546875 0.28983125 0.7138656250000001 0.28983125 0.7412109375 0.266334375 0.7861343749999999 0.2911375 0.810546875 0.345965625 0.810546875 0.357715625 0.8056640625 0.3629375 0.7529296875
12 0.5404796875 0.8759765625 0.48695625 0.841796875 0.438653125 0.8291000000000001 0.42298749999999996 0.8505859375 0.42820937499999995 0.8720703125 0.4490984375 0.8935546875 0.45431875 0.9169921875 0.47390156250000004 0.919921875 0.48956718749999995 0.8984375 0.5404796875 0.8759765625