6 0.042654687499999996 0 0 0.37371875 0 0.500321875 0.051087499999999994 0.6153078125 0.1182703125 0.65 0.628425 0.65 0.65 0.641575 0.65 0.028437499999999998 0.4828 0 0.042654687499999996 0
13 0.4467515625 0.560440625 0.465240625 0.5697046875 0.47795 0.5681640625 0.5045265624999999 0.5573484375 0.531103125 0.5310937499999999 0.538034375 0.5125578125 0.535725 0.47548593749999996 0.5495875 0.43224062500000004 0.547278125 0.41061875 0.5207015625 0.3565578125 0.47679375 0.334934375 0.4467515625 0.2947765625 0.41901875000000005 0.276240625 0.41324375 0.2808734375 0.41093124999999997 0.3055875 0.42017499999999997 0.32103125 0.42710625 0.358103125 0.43172812499999996 0.5310937499999999 0.4467515625 0.560440625
6 0.738140625 0.3269734375 0.74275 0.29819062500000004 0.7450546874999999 0.09671093750000001 0.7392921875 0.08643125 0.7185515625 0.09054218750000001 0.7139421875 0.106990625 0.681678125 0.1234375 0.6851359375 0.0555921875 0.6793734375 0.0453125 0.656328125 0.065871875 0.65 0.0636140625 0.65 0.5839640625 0.6586328124999999 0.5839640625 0.6678515625 0.5921875 0.7116374999999999 0.5839640625 0.7358359375 0.5407890625 0.74275 0.5078953125 0.738140625 0.3269734375
7 0.66439375 0.1666125 0.6713078125 0.084375 0.65171875 0.061759375000000005 0.65 0.061759375000000005 0.65 0.22192812499999998 0.66439375 0.1666125
7 0.65 0.47723750000000004 0.65 0.559553125 0.7323796875 0.456496875 0.74275 0.43799374999999996 0.74275 0.40509843749999996 0.7323796875 0.39893125 0.7162468750000001 0.4112671875 0.65 0.47723750000000004
7 0.7197046874999999 0.26118437499999997 0.7404453125 0.2365125 0.7450546874999999 0.10082187499999999 0.7369890625 0.08231875 0.694353125 0.1296046875 0.6989625 0.1542765625 0.6932015625 0.1686671875 0.6609375 0.1892265625 0.652871875 0.20361875000000002 0.65 0.21557343750000002 0.65 0.354134375 0.6736125000000001 0.3146375 0.6862874999999999 0.2673515625 0.6978109375 0.2673515625 0.7024203124999999 0.2879109375 0.7116374999999999 0.2879109375 0.7197046874999999 0.26118437499999997
9 0.090578125 0.9552609375 0.0831 0.9518078125 0.0831 0.9495046874999999 0.07313125000000001 0.9448984375 0.07313125000000001 0.9425953125 0.0706390625 0.94144375 0.0656546875 0.94144375 0.06066875000000001 0.939140625 0.0507 0.939140625 0.045715624999999996 0.9368375 0.040731250000000004 0.9368375 0.0382375 0.9379890625 0.0382375 0.9402921875000001 0.058176562499999994 0.9495046874999999 0.058176562499999994 0.954109375 0.0631609375 0.9564125000000001 0.0631609375 0.9633218749999999 0.0681453125 0.965625 0.0681453125 0.97023125 0.07313125000000001 0.9725343750000001 0.07313125000000001 0.9794437500000001 0.0855921875 0.9852000000000001 0.10553125000000001 0.9852000000000001 0.1204859375 0.98980625 0.1304546875 0.98980625 0.13543906249999998 0.9921093750000001 0.1404234375 0.9921093750000001 0.15537812499999998 0.996715625 0.165346875 0.996715625 0.17033125 0.99901875 0.1852859375 0.99901875 0.187778125 0.9978671875 0.19027031249999998 0.996715625 0.1952546875 0.996715625 0.20771718749999998 0.9909578124999999 0.20771718749999998 0.9794437500000001 0.19027031249999998 0.9713828124999999 0.1803015625 0.9713828124999999 0.165346875 0.9667765625 0.15537812499999998 0.9667765625 0.15039375 0.9644734375 0.1404234375 0.9644734375 0.13543906249999998 0.9621703125 0.12547031250000001 0.9621703125 0.110515625 0.9575640625 0.100546875 0.9575640625 0.0955625 0.9552609375 0.090578125 0.9552609375
13 0.265625 1 0.2625484375 0.9978671875 0.270025 0.9944124999999999 0.275009375 0.9944124999999999 0.2799953125 0.9921093750000001 0.2849796875 0.9921093750000001 0.287471875 0.9909578124999999 0.287471875 0.9840484375 0.2824859375 0.981746875 0.2824859375 0.97023125 0.2775015625 0.967928125 0.2775015625 0.965625 0.270025 0.9621703125 0.26504062500000003 0.9621703125 0.255071875 0.9575640625 0.2500859375 0.9575640625 0.2351328125 0.95065625 0.23014843749999997 0.95065625 0.21519375 0.94605 0.200240625 0.94605 0.19774687500000002 0.9472015624999999 0.19774687500000002 0.9495046874999999 0.20273124999999997 0.9518078125 0.20273124999999997 0.9633218749999999 0.187778125 0.97023125 0.187778125 0.9748374999999999 0.19027031249999998 0.9759890625000001 0.1952546875 0.9759890625000001 0.20273124999999997 0.9794437500000001 0.20273124999999997 0.981746875 0.20771718749999998 0.9840484375 0.20771718749999998 0.9863515625 0.20273124999999997 0.9886546875000001 0.20273124999999997 0.9909578124999999 0.19027031249999998 0.996715625 0.1852859375 0.996715625 0.1803015625 0.99901875 0.165346875 0.99901875 0.16322343749999998 1 0.265625 1
13 0 0.92301875 0.000853125 0.92301875 0.030760937500000002 0.9368375 0.0507 0.9368375 0.055684374999999994 0.939140625 0.0656546875 0.939140625 0.0681453125 0.9379890625 0.0681453125 0.9333828125 0.0631609375 0.9310796874999999 0.0631609375 0.9287765625000001 0.058176562499999994 0.9264734375 0.058176562499999994 0.9241703125 0.0531921875 0.92186875 0.0531921875 0.919565625 0.040731250000000004 0.9138078125 0.030760937500000002 0.9138078125 0.0257765625 0.9115046875000001 0.0158078125 0.9115046875000001 0.0108234375 0.9092015625000001 0.005837500000000001 0.9092015625000001 0.000853125 0.9068984375 0 0.9068984375 0 0.92301875
6 1 0.65 0.65 0.65 0.65 1 1 1 1 0.65
6 1 0.65 0.65 0.65 0.65 1 1 1 1 0.65