6 0.158203125 0 0.1498921875 0.02791875 0.1611125 0.04505625 0.11511562500000001 0.067328125 0.0960421875 0.09645625 0.12857812500000002 0.146146875 0.272178125 0.2626609375 0.3462234375 0.3140640625 0.3933421875 0.3243421875 0.4157796875 0.3551828125 0.4752375 0.3603234375 0.51899375 0.34490625 0.5296875 0.3285734375 0.5296875 0 0.158203125 0
21 0.25422968749999997 0.14271875 0.1936453125 0.11530625000000001 0.1655984375 0.1341515625 0.1611125 0.16156874999999998 0.173453125 0.1804140625 0.2351578125 0.216396875 0.2598359375 0.182128125 0.25422968749999997 0.14271875
3 0.3002265625 0.1033109375 0.2979828125 0.1512875 0.32042031249999997 0.18555625 0.34397968749999996 0.15300156250000002 0.379878125 0.1667109375 0.398953125 0.1547140625 0.40568125000000005 0.09645625 0.3933421875 0.067328125 0.361928125 0.0570515625 0.3002265625 0.1033109375
3 0.3451015625 0.06218749999999999 0.3215421875 0.00221875 0.2093546875 0.0844640625 0.2015 0.1067375 0.263203125 0.14271875 0.2957375 0.14100625 0.32042031249999997 0.0656140625 0.3451015625 0.06218749999999999
15 0.35631875 0.06218749999999999 0.38660937500000003 0.04676875 0.3877328125 0.031346875 0.3451015625 0.0519109375 0.35631875 0.06218749999999999
13 0.3795875 0 0.407925 0.0998828125 0.407925 0.14100625 0.42475625 0.0810375 0.446071875 0.130728125 0.42811875 0.16156874999999998 0.43036250000000004 0.18898281249999999 0.4595328125 0.21296875 0.4572890625 0.1958375 0.468509375 0.18898281249999999 0.46065468750000005 0.1804140625 0.4752375 0.18898281249999999 0.46963125000000006 0.20440624999999998 0.4819703125 0.2026921875 0.5296875 0.0877703125 0.5296875 0.06525625 0.49879687500000003 0.0741828125 0.4808484375 0.12216093750000001 0.4572890625 0.07246875 0.4528 0.024492187500000002 0.4889765625 0 0.3795875 0
16 0.41129218749999996 0.34490625 0.4752375 0.3603234375 0.5212375 0.34147812499999997 0.5296875 0.3285734375 0.5296875 0.19840156250000002 0.49431250000000004 0.20440624999999998 0.44494999999999996 0.235246875 0.4101703125 0.2986421875 0.4101703125 0.32605625 0.42363437499999995 0.3294828125 0.41129218749999996 0.34490625
16 0.5046109375000001 0 0.4819703125 0.0176421875 0.49879687500000003 0.04676875 0.5296875 0.047367187500000005 0.5296875 0 0.5046109375000001 0
6 0.5296875 0 0.5296875 0.41875 1 0.41875 1 0 0.8175453125000001 0 0.7949843750000001 0.0050328125 0.741134375 0.0707390625 0.74674375 0.027509375000000003 0.7362453125 0 0.5296875 0
13 0.5296875 0 0.5296875 0.2894046875 0.5425625000000001 0.2557578125 0.568365625 0.229821875 0.637921875 0.2574875 0.6648484375 0.3024453125 0.7063578125000001 0.26959218749999997 0.7377703125 0.134715625 0.7332828124999999 0.0828453125 0.7445 0.0482625 0.73108125 0 0.5296875 0
6 0.5296875 1 0.5296875 0.6528703124999999 0.5072 0.6580734374999999 0.47355625 0.651328125 0.4645859375 0.6715625000000001 0.4219734375 0.6816765625000001 0.3681453125 0.72551875 0.34347343750000003 0.70865625 0.33225937499999997 0.6816765625000001 0.31431718750000004 0.70865625 0.2604890625 0.6917953125 0.241425 0.7204578125000001 0.2380609375 0.7558671875 0.2021765625 0.67830625 0.177503125 0.6749328125 0.1606828125 0.690109375 0.1573203125 0.7524968750000001 0.11694843749999999 0.77273125 0.090034375 0.8334328125000001 0.044056250000000005 0.8418609375000001 0.053028125 0.919425 0.09804375 1 0.5296875 1
14 0.361425 1 0.3602953125 0.9902421875 0.29413125 0.8502921875 0.20890312500000002 0.8064546874999999 0.16853281250000002 0.7558671875 0.132646875 0.7592421875 0.10012812499999998 0.798021875 0.09115625000000001 0.8553499999999999 0.1382546875 0.9767531249999999 0.139221875 1 0.361425 1
14 0.210025 0.686734375 0.1909609375 0.6715625000000001 0.16404687499999998 0.6816765625000001 0.1584421875 0.7474359374999999 0.2021765625 0.7997093750000001 0.241425 0.8115109374999999 0.232453125 0.7305765625 0.210025 0.686734375
14 0.3782390625 0.9329140625000001 0.3916953125 0.9767531249999999 0.41187968750000004 0.986871875 0.47467812499999995 0.9565187500000001 0.5038359375 0.8553499999999999 0.5015921875 0.8317453125000001 0.4758 0.792965625 0.4264578125 0.792965625 0.38720937499999997 0.8519796875000001 0.3782390625 0.9329140625000001
13 0.33450156249999996 0.6816765625000001 0.3232890625 0.6816765625000001 0.31431718750000004 0.70865625 0.29413125 0.6917953125 0.256003125 0.6917953125 0.2346984375 0.7305765625 0.2459109375 0.8115109374999999 0.32289218750000004 0.8754796875 0.3793578125 0.8671562500000001 0.40178593749999997 0.81994375 0.439915625 0.7862203125 0.47355625 0.789590625 0.5072 0.8300578125 0.5285062500000001 0.8013937500000001 0.5296875 0.7934 0.5296875 0.647134375 0.50495625 0.6580734374999999 0.47355625 0.644584375 0.46234374999999994 0.6715625000000001 0.4219734375 0.6816765625000001 0.363659375 0.72551875 0.33450156249999996 0.6816765625000001