6 0.5 0.10444374999999999 0.4794921875 0.1012125 0.34668125 0.13997500000000002 0.3017578125 0.174428125 0.1962890625 0.2993296875 0.1103515625 0.256259375 0.1083984375 0.243340625 0.0800796875 0.2551828125 0.111328125 0.3240953125 0.1699203125 0.3973109375 0.103515625 0.40161875 0.0859375 0.494215625 0.0839828125 0.6212671875 0.030271874999999997 0.5943515625 0.0117171875 0.655725 0 0.8430734375 0.0468734375 0.8624546875 0.029295312499999997 0.9119859375000001 0.043946875 0.9109078125 0.04785 0.9302890625 0.2646484375 0.9625890625 0.6318374999999999 0.975509375 0.6513687499999999 0.9970437499999999 0.9921859375000001 0.9981203125 1 0.33916875 0.9296875 0.2960984375 0.9189468749999999 0.2196515625 0.8144515625000001 0.1410515625 0.8300796874999999 0.13674375 0.873046875 0.0678359375 0.8798843749999999 0.027996874999999997 0.5751953125 0.0021531249999999997 0.5546875 0.0312234375 0.5302718750000001 0.13351249999999998 0.4990234375 0.12705468749999999 0.5 0.10444374999999999
14 0.6826171875 0.6955640625 0.7294921875 0.7063296875 0.7822265625 0.7321718749999999 0.9023421875000001 0.7547843750000001 0.9345718749999999 0.75370625 0.9550796874999999 0.7418609375 0.9882828124999999 0.6320359375 0.9882828124999999 0.593275 0.9814453125 0.5857359375 0.9248046875 0.5642015625 0.8134750000000001 0.5383625000000001 0.7041031249999999 0.5319015625 0.693359375 0.5394390625 0.6914046875000001 0.6105015625 0.67578125 0.6643375 0.6826171875 0.6955640625
17 0.45117343749999994 0.60619375 0.462890625 0.63634375 0.5380859375 0.669721875 0.625 0.677259375 0.640625 0.634190625 0.6484390624999999 0.5372859375 0.6044921875 0.5146734375 0.5751953125 0.4823734375 0.5380859375 0.46945 0.5283187500000001 0.46945 0.5205078125 0.478065625 0.5068374999999999 0.45437656249999997 0.45800625000000006 0.4737578125 0.4140625 0.5372859375 0.41992031250000006 0.5652781250000001 0.45117343749999994 0.60619375
17 0.5673828125 0 0.5312484375000001 0.125978125 0.5361328125 0.142128125 0.5517578125 0.1464359375 0.6748046875 0.099059375 0.7353515625 0.092596875 0.7783187500000001 0.1076734375 0.8281265624999999 0.1475125 0.841796875 0.106596875 0.8867171875000001 0.044146875 0.8818374999999999 0.027996874999999997 0.8427734375 0.0150734375 0.7099593750000001 0.0172265625 0.6669937499999999 0 0.5673828125 0
17 0.42285000000000006 0.111978125 0.3369140625 0.1464359375 0.251953125 0.2336484375 0.2050796875 0.2960984375 0.206053125 0.3057875 0.280271875 0.3510109375 0.3232421875 0.32301875 0.359375 0.35855000000000004 0.383790625 0.34885781250000003 0.40136874999999994 0.3187109375 0.43652499999999994 0.29286875 0.47070468749999994 0.2831796875 0.466796875 0.23795625 0.48046875 0.177659375 0.46875156249999994 0.1733515625 0.4794921875 0.172275 0.49218593750000006 0.1475125 0.5 0.1238234375 0.4970703125 0.099059375 0.42285000000000006 0.111978125
17 0.3173828125 0.42207656250000003 0.2949203125 0.442534375 0.2753921875 0.47052812499999996 0.2734390625 0.5092890625 0.2568375 0.5125203125 0.24609375 0.5286703125 0.248046875 0.5502046875 0.265625 0.5889671875 0.2558609375 0.634190625 0.3017578125 0.639575 0.3173828125 0.6546484375 0.3496078125 0.6600296875 0.379884375 0.6438796875 0.4091796875 0.641725 0.43359531249999994 0.6083484375 0.43554843749999994 0.5997359375 0.41015625 0.552359375 0.41015625 0.5415890625 0.42187343750000006 0.51144375 0.44921875 0.47914218750000004 0.443359375 0.46622031249999996 0.4072265625 0.43068906250000005 0.3525375 0.409153125 0.3173828125 0.42207656250000003
17 0.344728125 0.40700000000000003 0.379884375 0.4134609375 0.42089687500000006 0.43715000000000004 0.45214999999999994 0.4737578125 0.5087906249999999 0.4522234375 0.5224624999999999 0.46514218749999997 0.5693359375 0.4737578125 0.6201156250000001 0.49960000000000004 0.6552718750000001 0.536209375 0.677734375 0.5372859375 0.7187515624999999 0.513596875 0.716796875 0.47914218750000004 0.748046875 0.44683906249999994 0.7578140624999999 0.3886953125 0.6259765625 0.314403125 0.4990234375 0.2907140625 0.4482421875 0.29286875 0.40331875000000006 0.32301875 0.392578125 0.349934375 0.3681625 0.357471875 0.341796875 0.393003125 0.344728125 0.40700000000000003
17 0.8017578125 0.344553125 0.7939468749999999 0.37039218749999997 0.76953125 0.3757765625 0.75 0.45330000000000004 0.8320296875000001 0.45976249999999996 0.8544921875 0.43068906250000005 0.9072265625 0.383315625 0.9443359375 0.3596265625 0.9707046874999999 0.330553125 0.9423828125 0.295021875 0.9208968750000001 0.2885609375 0.8955078125 0.31655625 0.8896484375 0.31655625 0.8740234375 0.2971765625 0.8662093750000001 0.2971765625 0.8486312500000001 0.3187109375 0.8017578125 0.344553125
13 0.7402359374999999 0.5157515625 0.7470703125 0.5297468750000001 0.8525375000000001 0.5426671875 0.9902359374999999 0.5868125 0.99609375 0.5695859375000001 0.9941390625000001 0.532978125 0.986328125 0.5265171875 0.9941390625000001 0.5071359375 0.99609375 0.3477796875 0.9892593749999999 0.333784375 0.9716812499999999 0.3359375 0.8759765625 0.409153125 0.8330062500000001 0.4608390625 0.7666015625 0.458684375 0.74609375 0.46837343750000004 0.7402359374999999 0.5157515625
13 0.3125015625 0.6600296875 0.3017578125 0.6460328125 0.239259375 0.641725 0.1542953125 0.6578796875 0.12890625 0.8236921875000001 0.1484390625 0.8969078125 0.170896875 0.9109078125 0.1787109375 0.9302890625 0.2138671875 0.9496703125 0.2646484375 0.9496703125 0.27831875 0.93244375 0.2841796875 0.9518234375000001 0.3388671875 0.966896875 0.45898281250000006 0.967975 0.47656093750000006 0.9615125000000001 0.47656093750000006 0.939978125 0.41015625 0.8409187499999999 0.412109375 0.7957 0.388671875 0.7590874999999999 0.4482421875 0.7214031249999999 0.47070468749999994 0.688025 0.4609375 0.6428015625 0.4423828125 0.6115781250000001 0.3564453125 0.7170984375 0.3125015625 0.7009453125 0.3125015625 0.6600296875
17 0.0117171875 0.7138687499999999 0.0078140625 0.8344609374999999 0.04199375 0.8463046875 0.056640625 0.8452265625000001 0.10058437499999999 0.8226156250000001 0.125 0.8021578125 0.1367171875 0.7332484375 0.1347640625 0.685871875 0.12890625 0.6514171875 0.12011562499999999 0.637421875 0.094728125 0.637421875 0.065428125 0.6051171875 0.0341796875 0.5921984375 0.027342187499999997 0.5997359375 0.0078140625 0.6794109374999999 0.0117171875 0.7138687499999999
17 0.8857406250000001 0.8247687499999999 0.9150406249999999 0.8355390625 0.9423828125 0.8355390625 0.9902359374999999 0.855996875 0.9941390625000001 0.8516890625 0.9941390625000001 0.6901796874999999 0.9892593749999999 0.6847953125 0.9765609375000001 0.6901796874999999 0.9589828125000001 0.7418609375 0.9384750000000001 0.7558609374999999 0.8798843749999999 0.7580140625 0.7841796875 0.7343265625 0.765625 0.73755625 0.8037109375 0.8269234375 0.8583984375 0.8312312500000001 0.8857406250000001 0.8247687499999999
12 0.462890625 0.70740625 0.4091796875 0.7429375 0.40039218749999994 0.7590874999999999 0.41601718749999994 0.7892375 0.41601718749999994 0.8409187499999999 0.45702968750000006 0.855996875 0.45117343749999994 0.8818359375 0.482421875 0.9572046875 0.515625 0.9615125000000001 0.515625 0.931365625 0.501953125 0.9098312500000001 0.5341796875 0.8958359375 0.6298843749999999 0.8183078125 0.6884750000000001 0.8183078125 0.7216812499999999 0.8355390625 0.7939468749999999 0.8269234375 0.765625 0.7526296875 0.7119140625 0.7063296875 0.46972812499999994 0.65895625 0.47265781249999994 0.688025 0.462890625 0.70740625
13 0.6328140624999999 0.9722828124999999 0.6533187500000001 0.9991984374999999 0.9921859375000001 0.9981203125 0.9921859375000001 0.8667624999999999 0.9658203125 0.8484578125000001 0.8955078125 0.8290765625000001 0.8720703125 0.8290765625000001 0.8603515625 0.8376890625 0.7705078125 0.833384375 0.6884750000000001 0.8484578125000001 0.6699203125000001 0.868915625 0.658203125 0.8926046875000001 0.6542953125000001 0.931365625 0.6328140624999999 0.959359375 0.6328140624999999 0.9722828124999999