6 0.8563359374999999 1 0.896190625 0.9759156250000001 0.828934375 0.8366921875 0.735525 0.77715625 0.7977984375 0.7093765624999999 0.9198546875 0.6635796875 0.992090625 0.611371875 0.9335546875 0.5903046875 0.8936999999999999 0.5261890625000001 0.846371875 0.4904671875 0.8027796875 0.42360312499999997 0.7679078125000001 0.386965625 0.696915625 0.4263515625 0.6346421875 0.42818281249999995 0.708125 0.3274296875 0.7093703125 0.2724734375 0.6607968750000001 0.24041406250000003 0.564896875 0.2651453125 0.5387421875 0.22392812499999998 0.6047515625 0.1845421875 0.6346421875 0.12409062500000001 0.5873140625 0.0645546875 0.4889234375 0.0673015625 0.41045781249999996 0.11493125 0.21118437499999998 0.23583437499999998 0.1374921875 0.3723296875 0.1788015625 0.6361015625 0.3008578125 0.8714984375 0.470240625 0.9145484375 0.59976875 0.8989765625 0.696915625 0.9850749999999999 0.8563359374999999 1
3 0.18595937499999998 0.416015625 0.2032234375 0.4052734375 0.208534375 0.3974609375 0.2032234375 0.3837890625 0.1779921875 0.37109375 0.1540890625 0.37109375 0.13815312500000002 0.384765625 0.136825 0.4013671875 0.1421375 0.4091796875 0.1514328125 0.416015625 0.16471249999999998 0.419921875 0.18595937499999998 0.416015625
3 0.26032500000000003 0.3984375 0.2736046875 0.3984375 0.294853125 0.390625 0.3028203125 0.390625 0.312115625 0.3818359375 0.312115625 0.3740234375 0.2988359375 0.3642578125 0.2802453125 0.3310546875 0.27094843750000003 0.326171875 0.26298125 0.326171875 0.2497015625 0.328125 0.23907812499999997 0.333984375 0.23775 0.3486328125 0.2457171875 0.3681640625 0.24306250000000001 0.3876953125 0.2457171875 0.3916015625 0.26032500000000003 0.3984375
3 0.2550140625 0.466796875 0.2563421875 0.4755859375 0.26298125 0.4765625 0.26430937499999996 0.4716796875 0.23775 0.4326171875 0.24837343750000002 0.4384765625 0.26298125 0.45703125 0.2802453125 0.4208984375 0.27758906250000004 0.4111328125 0.25766875 0.404296875 0.241734375 0.404296875 0.23509375000000002 0.4091796875 0.21650312500000002 0.4384765625 0.2005671875 0.4501953125 0.1965828125 0.45703125 0.1952546875 0.4619140625 0.21783125 0.474609375 0.23907812499999997 0.478515625 0.2497015625 0.466796875 0.2550140625 0.466796875
3 0.3585953125 0.345703125 0.36257812500000003 0.3349609375 0.3546109375 0.3271484375 0.3546109375 0.3193359375 0.36257812500000003 0.2880859375 0.3532828125 0.283203125 0.3320359375 0.28125 0.3107875 0.287109375 0.2975078125 0.294921875 0.2961796875 0.3017578125 0.309459375 0.3134765625 0.32008437500000003 0.3369140625 0.340003125 0.345703125 0.3585953125 0.345703125
3 0.622859375 0.4052734375 0.6135625 0.3984375 0.5843484375 0.3984375 0.5551328125 0.392578125 0.5338859375 0.408203125 0.5325578125 0.4130859375 0.5524765625 0.4375 0.61621875 0.42578125 0.622859375 0.4189453125 0.622859375 0.4052734375
3 0.5458375 0.3994140625 0.5538046875 0.3818359375 0.5538046875 0.3642578125 0.5498203125 0.361328125 0.5365421875 0.359375 0.5352140624999999 0.3662109375 0.5285734375 0.369140625 0.49670312499999997 0.3671875 0.495375 0.3798828125 0.5059984375 0.3974609375 0.51529375 0.404296875 0.5285734375 0.40625 0.5458375 0.3994140625
3 0.8008062499999999 0.8935546875 0.7981499999999999 0.8798828125 0.775575 0.86328125 0.7569828125 0.8671875 0.749015625 0.876953125 0.7476875 0.8876953125 0.7583109375 0.9052734375 0.7702625000000001 0.912109375 0.7835421874999999 0.912109375 0.8008062499999999 0.8935546875
3 0.8300203125 0.9384765625 0.8114296875000001 0.8974609375 0.802134375 0.89453125 0.7861984375 0.91015625 0.7848703125000001 0.9208984375 0.7928375 0.9326171875 0.8101015625000001 0.943359375 0.8260375 0.943359375 0.8300203125 0.9384765625
3 0.58833125 0.8291015625 0.5870046875 0.810546875 0.56575625 0.806640625 0.5551328125 0.798828125 0.544509375 0.798828125 0.5285734375 0.80859375 0.5272453125000001 0.8115234375 0.5577890625 0.837890625 0.5790359375 0.83984375 0.5830203125 0.8369140625 0.58833125 0.8291015625
3 0.9057140625000001 0.56640625 0.8897796874999999 0.55859375 0.8765000000000001 0.560546875 0.8605640625 0.55859375 0.849940625 0.583984375 0.8658765624999999 0.591796875 0.9083703125 0.6015625 0.920321875 0.5869140625 0.917665625 0.5673828125 0.9057140625000001 0.56640625
16 0.6839453125 0.7216796875 0.6786328125 0.7119140625 0.668009375 0.7041015625 0.668009375 0.7001953125 0.6719937500000001 0.69921875 0.6919125 0.7216796875 0.7065203125 0.728515625 0.71714375 0.728515625 0.7543265625 0.7421875 0.7676062499999999 0.7421875 0.776903125 0.7373046875 0.7848703125000001 0.7197265625 0.77291875 0.70703125 0.7198 0.69140625 0.701209375 0.677734375 0.6879296874999999 0.673828125 0.67465 0.673828125 0.66668125 0.677734375 0.6507468750000001 0.677734375 0.645434375 0.673828125 0.6321546875 0.67578125 0.6308265625 0.6904296875 0.6467625 0.6943359375 0.66668125 0.720703125 0.6799609375 0.724609375 0.6839453125 0.7216796875
16 0.945553125 0.62890625 0.9535218750000001 0.62890625 0.9614890624999999 0.62109375 0.970784375 0.6181640625 0.9668015625 0.611328125 0.945553125 0.611328125 0.92165 0.6015625 0.8844671875 0.603515625 0.8605640625 0.6015625 0.849940625 0.603515625 0.8419718749999999 0.611328125 0.8406453125000001 0.6259765625 0.8579078125 0.63671875 0.892434375 0.634765625 0.9269624999999999 0.638671875 0.945553125 0.62890625
16 0.675978125 0.3408203125 0.69456875 0.3251953125 0.697225 0.3017578125 0.7025359375 0.2998046875 0.7051921875 0.2939453125 0.7025359375 0.2861328125 0.690584375 0.283203125 0.6773046875000001 0.29296875 0.645434375 0.3046875 0.5856765625 0.3623046875 0.5816921875000001 0.373046875 0.5803640624999999 0.3857421875 0.5870046875 0.390625 0.6029390625 0.396484375 0.6268421875 0.39453125 0.675978125 0.3408203125
17 0.673321875 0.9365234375 0.6866015625 0.9599609375 0.7025359375 0.9697265625 0.7078484375 0.9794921875 0.71714375 0.984375 0.7251125 0.982421875 0.7583109375 0.9580078125 0.7503437500000001 0.9248046875 0.741046875 0.916015625 0.7304234375 0.9140625 0.7237843749999999 0.9091796875 0.7264406250000001 0.8974609375 0.72245625 0.892578125 0.7144874999999999 0.89453125 0.6932406249999999 0.91015625 0.6693374999999999 0.912109375 0.6693374999999999 0.92578125 0.7264406250000001 0.9423828125 0.72245625 0.9453125 0.6879296874999999 0.935546875 0.673321875 0.9365234375
17 0.5206062499999999 0.91796875 0.5219343750000001 0.9091796875 0.513965625 0.8916015625 0.5365421875 0.880859375 0.547165625 0.880859375 0.5511484375 0.8837890625 0.5631 0.900390625 0.5750515625 0.8935546875 0.5803640624999999 0.8857421875 0.5803640624999999 0.8759765625 0.5670843750000001 0.8583984375 0.5670843750000001 0.8525390625 0.5458375 0.8271484375 0.5206062499999999 0.80859375 0.5126375000000001 0.814453125 0.491390625 0.8046875 0.4728 0.7890625 0.4674875 0.7890625 0.4555359375 0.8095703125 0.44358437500000003 0.8203125 0.44225624999999996 0.8291015625 0.45022343749999993 0.8388671875 0.48607812499999997 0.9140625 0.5099828125 0.919921875 0.5206062499999999 0.91796875
17 0.6002828124999999 0.7421875 0.6109078125 0.73046875 0.6321546875 0.72265625 0.6361390625000001 0.7177734375 0.6281703125 0.7080078125 0.617546875 0.7021484375 0.6308265625 0.6904296875 0.6135625 0.666015625 0.6029390625 0.66796875 0.5790359375 0.68359375 0.541853125 0.697265625 0.54849375 0.7177734375 0.5684125 0.7421875 0.5790359375 0.7421875 0.5949718749999999 0.736328125 0.6002828124999999 0.7421875
17 0.44491250000000004 0.6943359375 0.44225624999999996 0.6826171875 0.4342890625 0.6708984375 0.42897656250000005 0.6689453125 0.413040625 0.6416015625 0.413040625 0.6357421875 0.4037453125 0.626953125 0.35593906249999996 0.638671875 0.3214109375 0.654296875 0.3333640625 0.6865234375 0.35593906249999996 0.720703125 0.3824984375 0.712890625 0.3984328125 0.703125 0.44491250000000004 0.6943359375
17 0.53786875 0.5322265625 0.53786875 0.5263671875 0.5219343750000001 0.5009765625 0.5046703124999999 0.484375 0.48076718749999997 0.48046875 0.45686406249999995 0.46875 0.44358437500000003 0.470703125 0.43827187500000003 0.46875 0.43694375 0.4716796875 0.46881562499999996 0.5224609375 0.48607812499999997 0.54296875 0.51529375 0.541015625 0.53786875 0.5322265625
17 0.4781109375 0.326171875 0.495375 0.2958984375 0.5086546875 0.2587890625 0.5086546875 0.2275390625 0.5046703124999999 0.22265625 0.49271875 0.2216796875 0.495375 0.2119140625 0.491390625 0.208984375 0.4249921875 0.2109375 0.41702500000000003 0.20703125 0.3984328125 0.20703125 0.390465625 0.208984375 0.38648125 0.2119140625 0.3891375 0.2314453125 0.3811703125 0.2373046875 0.3811703125 0.2548828125 0.3891375 0.2685546875 0.3732015625 0.2822265625 0.36921875000000004 0.296875 0.37452968750000004 0.3046875 0.4010890625 0.31640625 0.43561562499999995 0.322265625 0.45686406249999995 0.330078125 0.4781109375 0.326171875
17 0.44889531250000003 0.2109375 0.4595203125 0.20703125 0.463503125 0.2041015625 0.463503125 0.1943359375 0.4581921875 0.1787109375 0.4581921875 0.1611328125 0.4515515625 0.15625 0.4276484375 0.158203125 0.4223375 0.154296875 0.41436875000000006 0.154296875 0.41436875000000006 0.150390625 0.4010890625 0.150390625 0.3984328125 0.154296875 0.3997609375 0.2041015625 0.4037453125 0.20703125 0.41436875000000006 0.205078125 0.43030468749999995 0.2109375 0.44889531250000003 0.2109375
17 0.5498203125 0.19140625 0.57106875 0.18359375 0.5856765625 0.1748046875 0.5803640624999999 0.1708984375 0.5843484375 0.166015625 0.6069234375 0.1591796875 0.6069234375 0.1513671875 0.5684125 0.1015625 0.564428125 0.1025390625 0.5617734375000001 0.1416015625 0.5498203125 0.15625 0.5312296875 0.158203125 0.513965625 0.1357421875 0.5046703124999999 0.1328125 0.5033421875 0.1416015625 0.516621875 0.1630859375 0.5219343750000001 0.1806640625 0.5338859375 0.193359375 0.5498203125 0.19140625
17 0.7901828125 0.4306640625 0.7543265625 0.40234375 0.749015625 0.40234375 0.7370640625 0.4169921875 0.7317515625000001 0.4365234375 0.71714375 0.443359375 0.718471875 0.4501953125 0.7344078125 0.4658203125 0.751671875 0.478515625 0.7569828125 0.478515625 0.7901828125 0.4306640625
17 0.7649515625000001 0.640625 0.766278125 0.6337890625 0.774246875 0.6279296875 0.774246875 0.6181640625 0.7636234375 0.6103515625 0.7636234375 0.6044921875 0.774246875 0.5986328125 0.776903125 0.5927734375 0.7702625000000001 0.5859375 0.7569828125 0.583984375 0.7357359375 0.595703125 0.7344078125 0.6025390625 0.7397203125 0.6064453125 0.742375 0.6181640625 0.7556546875000001 0.6357421875 0.7649515625000001 0.640625
17 0.7105046875000001 0.6669921875 0.718471875 0.6474609375 0.7158156250000001 0.6357421875 0.7198 0.6328125 0.7357359375 0.634765625 0.74503125 0.6298828125 0.7237843749999999 0.6142578125 0.7237843749999999 0.6083984375 0.7131609375 0.5966796875 0.6852734375 0.578125 0.6786328125 0.5810546875 0.675978125 0.6064453125 0.668009375 0.6103515625 0.6573859375 0.6259765625 0.6600421875 0.6591796875 0.645434375 0.66015625 0.645434375 0.666015625 0.66668125 0.666015625 0.6799609375 0.671875 0.701209375 0.673828125 0.7105046875000001 0.6669921875
17 0.8419718749999999 0.60546875 0.8406453125000001 0.5947265625 0.8565796875 0.5654296875 0.8565796875 0.5439453125 0.867203125 0.5283203125 0.8233812500000001 0.5234375 0.8127578124999999 0.517578125 0.7888546875 0.521484375 0.7795578125 0.5283203125 0.774246875 0.5615234375 0.768934375 0.5693359375 0.7569828125 0.576171875 0.7596390625 0.58203125 0.7676062499999999 0.583984375 0.7808859375 0.59375 0.8074453125 0.603515625 0.8419718749999999 0.60546875
3 0.4236640625 0.4912109375 0.41702500000000003 0.48046875 0.4064015625 0.48046875 0.3718734375 0.490234375 0.3479703125 0.48828125 0.345315625 0.490234375 0.3439875 0.5107421875 0.3506265625 0.51953125 0.41702500000000003 0.521484375 0.4263203125 0.5166015625 0.4236640625 0.4912109375
17 0.38648125 0.3876953125 0.3997609375 0.3681640625 0.4064015625 0.36328125 0.4223375 0.361328125 0.4263203125 0.3564453125 0.41968125 0.3515625 0.3771859375 0.3515625 0.36124999999999996 0.34765625 0.3506265625 0.35546875 0.337346875 0.35546875 0.3280515625 0.3701171875 0.31344375 0.421875 0.3161 0.427734375 0.3320359375 0.427734375 0.3585953125 0.416015625 0.3758578125 0.3935546875 0.38648125 0.3876953125
17 0.4781109375 0.763671875 0.49271875 0.7509765625 0.4754546875 0.732421875 0.4674875 0.732421875 0.43296093750000003 0.755859375 0.4342890625 0.7724609375 0.440928125 0.7734375 0.46483125000000003 0.76171875 0.4728 0.765625 0.4781109375 0.763671875
17 0.5338859375 0.62890625 0.5511484375 0.6162109375 0.5511484375 0.6005859375 0.544509375 0.599609375 0.5285734375 0.60546875 0.48076718749999997 0.62890625 0.4794390625 0.6337890625 0.48740625 0.6474609375 0.49670312499999997 0.650390625 0.5232625 0.62890625 0.5338859375 0.62890625
17 0.241734375 0.560546875 0.21251875 0.572265625 0.21251875 0.578125 0.23907812499999997 0.576171875 0.2536859375 0.5712890625 0.2536859375 0.5654296875 0.241734375 0.560546875
17 0.5059984375 0.4208984375 0.494046875 0.40625 0.48076718749999997 0.41015625 0.4781109375 0.416015625 0.4781109375 0.43359375 0.48873437500000005 0.431640625 0.49670312499999997 0.43359375 0.5059984375 0.4267578125 0.5059984375 0.4208984375
17 0.85126875 0.6923828125 0.849940625 0.68359375 0.8552515625 0.68359375 0.8632203125 0.69140625 0.8818109375000001 0.69140625 0.8831390625 0.6826171875 0.87384375 0.66796875 0.8340046875 0.671875 0.8154140625 0.6953125 0.8140859375 0.7158203125 0.820725 0.72265625 0.8379890624999999 0.7080078125 0.8406453125000001 0.6943359375 0.85126875 0.6923828125
17 0.8539249999999999 0.6376953125 0.8446281250000001 0.62890625 0.8180687499999999 0.630859375 0.8127578124999999 0.62890625 0.8047890625 0.63671875 0.7901828125 0.6435546875 0.7861984375 0.658203125 0.7861984375 0.671875 0.8233812500000001 0.669921875 0.8446281250000001 0.6640625 0.8486125 0.6611328125 0.8539249999999999 0.6376953125
17 0.8459562500000001 0.4423828125 0.8353328125000001 0.4501953125 0.8353328125000001 0.4599609375 0.8393171875000001 0.466796875 0.8472843749999999 0.466796875 0.8857953125 0.4404296875 0.8831390625 0.4287109375 0.87384375 0.419921875 0.8539249999999999 0.4130859375 0.8539249999999999 0.4091796875 0.8406453125000001 0.3974609375 0.8366609374999999 0.384765625 0.8180687499999999 0.41015625 0.8167406250000001 0.4248046875 0.8326765625 0.4306640625 0.8340046875 0.439453125 0.8393171875000001 0.4375 0.8459562500000001 0.4423828125
16 0.6958968750000001 0.4765625 0.71714375 0.47265625 0.7317515625000001 0.4638671875 0.7118328125 0.44140625 0.690584375 0.439453125 0.648090625 0.447265625 0.6135625 0.46484375 0.617546875 0.4814453125 0.6294984375 0.486328125 0.640121875 0.486328125 0.6852734375 0.474609375 0.6958968750000001 0.4765625
13 0.4754546875 0.595703125 0.491390625 0.595703125 0.5020140625 0.599609375 0.5259171874999999 0.595703125 0.5365421875 0.599609375 0.5524765625 0.59765625 0.5670843750000001 0.5888671875 0.5803640624999999 0.5712890625 0.5803640624999999 0.5458984375 0.5856765625 0.5244140625 0.5684125 0.525390625 0.5577890625 0.533203125 0.544509375 0.533203125 0.5365421875 0.537109375 0.491390625 0.544921875 0.48607812499999997 0.544921875 0.4754546875 0.537109375 0.4674875 0.5390625 0.4555359375 0.5458984375 0.4515515625 0.564453125 0.4515515625 0.568359375 0.466159375 0.5673828125 0.4555359375 0.5771484375 0.4528796875 0.5849609375 0.4754546875 0.595703125