6 0.16030781249999998 0.330875 0.129671875 0.450646875 0.152865625 0.6258828125 0.37345625 0.8121375000000001 0.6317671875 0.92920625 0.776521875 0.898525 0.920365625 0.7427140624999999 0.9770265625000001 0.6813703125 0.991240625 0.587725 0.9373671874999999 0.52481875 0.8735781250000001 0.5357703125 0.8265921875 0.5875781250000001 0.788525 0.5503734375 0.8243765625 0.465571875 0.7980609375000001 0.40953437499999995 0.7430921875000001 0.3946 0.6340171875 0.4355703125 0.64310625 0.376328125 0.6906734375 0.3197390625 0.658190625 0.275509375 0.5965734375 0.21404062499999998 0.56645625 0.1581234375 0.50714375 0.10104687500000001 0.4939890625 0.04321875 0.488409375 0.0427296875 0.43244999999999995 0.09269374999999999 0.372534375 0.1964203125 0.297659375 0.2363078125 0.249159375 0.129165625 0.11811875000000001 0.0237421875 0.08944687500000001 0.0549328125 0.085746875 0.21234999999999998 0.16030781249999998 0.330875
3 0.628 0.8627437499999999 0.61498125 0.8536328125000001 0.60656875 0.8564390625 0.5938390625000001 0.8698578124999999 0.587465625 0.8891078125 0.5898140625 0.903003125 0.59555 0.9139328125 0.6027234375 0.9213250000000001 0.6194390624999999 0.9249218750000001 0.6349359375 0.9136374999999999 0.6377234374999999 0.8906906250000001 0.628 0.8627437499999999
3 0.6485421875 0.8265375 0.667096875 0.8399171875 0.6818640625 0.8429421874999999 0.6889484375 0.8344640625 0.6924453125000001 0.8222890625 0.6933734375 0.814640625 0.6895859375 0.8042828125 0.6586328124999999 0.7766921875 0.6504390625 0.7610781249999999 0.6426453125 0.7587843750000001 0.63279375 0.7651296875 0.631865625 0.772778125 0.62159375 0.79088125 0.6200453125000001 0.8036296875 0.6251625 0.8196578125 0.6287484375 0.8233546875 0.6485421875 0.8265375
3 0.551234375 0.7886656249999999 0.5506140625 0.7937640625 0.5376859375 0.8005234375000001 0.5391046875 0.8220671875000001 0.5491375 0.8474640625 0.5541625 0.847621875 0.561446875 0.8458046875 0.5749953125 0.833946875 0.6063875000000001 0.8246968750000001 0.6120328125000001 0.81975625 0.613890625 0.8044593750000001 0.60939375 0.78333125 0.5999625 0.777915625 0.5619046875 0.7838828125 0.5787109375 0.8033515625 0.5833171875 0.8152687500000001 0.547446875 0.778309375 0.5424218749999999 0.7781515625 0.542621875 0.7848109375 0.551234375 0.7886656249999999
3 0.7369859375 0.7878609375 0.7453078125 0.769184375 0.7458375 0.7482140625 0.74205 0.7378578124999999 0.709946875 0.736334375 0.7021546875 0.7340421874999999 0.6952890625 0.7241 0.684109375 0.724771875 0.6819421875 0.74261875 0.6883859375 0.7643203125 0.710528125 0.781396875 0.7206703125 0.797584375 0.72764375 0.7983156250000001 0.7369859375 0.7878609375
3 0.641859375 0.44959375 0.634265625 0.45396093750000005 0.61514375 0.5117109375 0.6371749999999999 0.5379984375 0.6422 0.53815625 0.6602640625 0.522346875 0.6578265625 0.49258125 0.6612328125 0.4645359375 0.655496875 0.45360625 0.641859375 0.44959375
3 0.6842453125 0.54920625 0.69121875 0.5499375 0.69081875 0.5366171875 0.6883609374999999 0.5319328125 0.6708265625000001 0.5267734374999999 0.6523609375 0.5292640625 0.6435296875 0.5438296874999999 0.6439296875 0.55715 0.649665625 0.5680796875 0.6659609375 0.5834374999999999 0.67878125 0.5858890625 0.6805484374999999 0.5547203125 0.6842453125 0.54920625
3 0.168634375 0.15060625 0.1670859375 0.16335468749999998 0.1725125 0.17683437500000002 0.188809375 0.192190625 0.1996796875 0.19406874999999998 0.21034999999999998 0.1892859375 0.2164140625 0.1725859375 0.20248593750000002 0.1460421875 0.18915781250000002 0.1394796875 0.168634375 0.15060625
3 0.1492609375 0.13566406250000002 0.160021875 0.14675156250000002 0.1708921875 0.1486296875 0.1883375 0.13791875 0.1864984375 0.128134375 0.14775156250000002 0.09825 0.142415625 0.10064218750000001 0.1405578125 0.1159390625 0.1492609375 0.13566406250000002
3 0.2470328125 0.36908281249999997 0.228678125 0.36236250000000003 0.220265625 0.36516875 0.2168796875 0.36813281249999996 0.21635 0.389103125 0.239090625 0.4261609375 0.24216875 0.425746875 0.25376875 0.4133140625 0.25500781250000004 0.40311718750000003 0.248453125 0.390625 0.2470328125 0.36908281249999997
3 0.5281578125 0.12302656249999999 0.508984375 0.11474375 0.49297812499999993 0.12191875 0.49776406250000005 0.165578125 0.5037 0.1831671875 0.5302671875 0.180421875 0.5301765625 0.1645515625 0.5336734375 0.1523765625 0.5277390625 0.1347859375 0.5281578125 0.12302656249999999
16 0.3428 0.27842656250000003 0.347915625 0.29445625 0.3679984375 0.32016875 0.36656093749999996 0.3237078125 0.3626640625 0.3225609375 0.356109375 0.3100703125 0.3469859375 0.3021046875 0.3436 0.30506875 0.34594843750000004 0.3189625 0.369928125 0.3458234375 0.3719671875 0.3622671875 0.38673437499999996 0.36529218750000003 0.39023125 0.3531171875 0.386953125 0.346871875 0.3888109375 0.3315734375 0.3936375 0.325071875 0.39518593750000003 0.3123234375 0.3928375 0.2984296875 0.3813671875 0.27657031249999997 0.3719734375 0.2209921875 0.360703125 0.20579375 0.34223750000000003 0.20828281249999997 0.33628281250000003 0.2157734375 0.334734375 0.22852187499999999 0.3440375 0.268228125 0.3428 0.27842656250000003
16 0.4607265625 0.1797671875 0.47549374999999994 0.18279218749999998 0.4842171875 0.1774359375 0.487403125 0.1678109375 0.48824218750000004 0.144290625 0.49452656250000004 0.1091703125 0.487571875 0.08335781249999999 0.49004843749999993 0.06296093750000001 0.48369375000000003 0.05713125 0.4796875 0.0651953125 0.470965625 0.07055 0.47003593749999995 0.0782 0.45812656250000006 0.0931796875 0.45799687499999997 0.12747031250000002 0.4520234375 0.16004218750000002 0.4607265625 0.1797671875
16 0.6700265625 0.50013125 0.6828453125 0.5025828125 0.694025 0.5019109375 0.7584703125 0.46145625 0.7738765625 0.4343 0.785165625 0.42441874999999996 0.7836375 0.4120859375 0.776153125 0.40724218749999996 0.7699984375 0.40807343749999997 0.76743125 0.41259843749999997 0.743740625 0.4082703125 0.7259859375 0.42153124999999997 0.666678125 0.452934375 0.6619421875 0.4753078125 0.6659296875 0.492325 0.6700265625 0.50013125
17 0.109596875 0.229621875 0.131428125 0.2492484375 0.13410625 0.2355125 0.128390625 0.1995015625 0.1317765625 0.1965375 0.14167968749999998 0.25622500000000004 0.15531875 0.2602375 0.16005468750000001 0.23786562500000002 0.17811875 0.22205468750000001 0.1809953125 0.21497812500000002 0.1765890625 0.209721875 0.1645890625 0.20883124999999997 0.1604921875 0.201025 0.15978281249999998 0.190253125 0.15209999999999999 0.17875000000000002 0.11990624999999999 0.16135625 0.09168125 0.1860609375 0.08880312500000001 0.1931359375 0.09259062500000001 0.20349374999999997 0.1017140625 0.2114578125 0.109596875 0.229621875
17 0.1697890625 0.38200625 0.172246875 0.386690625 0.171009375 0.3968875 0.15766093750000001 0.41540625000000003 0.1410546875 0.40259999999999996 0.13213124999999998 0.4012953125 0.12894531250000002 0.41092031249999994 0.132003125 0.43558593749999996 0.20283437499999998 0.49207343750000004 0.211646875 0.5025890625 0.22056874999999998 0.50389375 0.23267812499999999 0.49557343749999994 0.2545296875 0.49011875 0.2551484375 0.48501874999999994 0.24172968749999998 0.4625859375 0.23446562499999998 0.43932343749999997 0.2412390625 0.43339531249999996 0.22567187500000002 0.40372812500000005 0.202821875 0.3758796875 0.1969765625 0.3741609375 0.1809890625 0.356253125 0.171246875 0.3533875 0.162834375 0.35619375 0.154621875 0.3656609375 0.1697890625 0.38200625
17 0.3350890625 0.43327968749999995 0.3547734375 0.44567187500000005 0.372746875 0.413990625 0.391121875 0.3956296875 0.3943078125 0.3860046875 0.3719671875 0.3622671875 0.358728125 0.3715765625 0.35412187500000003 0.3596578125 0.345309375 0.34914375 0.3399734375 0.351534375 0.329703125 0.3696375 0.31677343750000003 0.376396875 0.322 0.383215625 0.31429687500000003 0.39679375 0.3130578125 0.40699218750000005 0.3350890625 0.43327968749999995
17 0.391546875 0.6413390625 0.4088109375 0.5988859375 0.4011265625 0.5873828125 0.39528281249999997 0.5856625 0.3698625 0.562340625 0.36853437499999997 0.5566687499999999 0.3577734375 0.5455796875 0.3463921875 0.539590625 0.33220625 0.5816296875 0.32060625 0.5940609375 0.309715625 0.6172640625 0.3411796875 0.648965625 0.37193437500000004 0.669896875 0.391546875 0.6413390625
17 0.5728203125 0.594325 0.56391875 0.5679390625 0.5628078125 0.5438468750000001 0.5482609375 0.5224015625 0.5247890625 0.49965312500000003 0.5189453125 0.49793281250000004 0.5075453125 0.5170250000000001 0.502190625 0.544496875 0.520634375 0.5670875 0.5675765625 0.6125875 0.570653125 0.612171875 0.569325 0.6065 0.5728203125 0.594325
17 0.8238875 0.6206578125 0.8194812499999999 0.6154015625 0.7883078125 0.6062296875000001 0.749740625 0.6080859375000001 0.7175281250000001 0.6157734375 0.7111546875 0.6350234375 0.7164703125 0.6577124999999999 0.7182890625 0.6925765625 0.7268828125 0.7215125 0.73405625 0.7289046875 0.749134375 0.7293796875 0.76463125 0.71809375 0.777340625 0.7297546875 0.794875 0.7349140625 0.8016500000000001 0.7289859375 0.8208234375 0.7372671875 0.8242109375 0.7343031250000001 0.8270875 0.7272265625000001 0.8292546875 0.7093796875 0.8262875 0.700584375 0.8359781249999999 0.6374187499999999 0.8335203124999999 0.632734375 0.82346875 0.6324171875 0.8238875 0.6206578125
17 0.8308937500000001 0.712503125 0.82770625 0.722128125 0.830165625 0.7268125000000001 0.87969375 0.742703125 0.8839 0.7413000000000001 0.8854484375 0.728553125 0.8815515625 0.72740625 0.8824796875 0.7197578124999999 0.8792031250000001 0.7135125 0.8839390625 0.6911390625 0.8798421875000001 0.6833328125 0.8623062499999999 0.6781734375 0.8473390625 0.6684890625000001 0.837596875 0.665621875 0.834209375 0.6685875 0.8290749999999999 0.6776390625000001 0.8269062500000001 0.6954859375 0.8308937500000001 0.712503125
17 0.85651875 0.6012109375 0.8677906249999999 0.6164109375 0.88470625 0.62666875 0.9045890625 0.645721875 0.9135125000000001 0.6470265625 0.9116734375 0.63724375 0.8912796875 0.614078125 0.895396875 0.5968046874999999 0.911403125 0.5896312499999999 0.9506796874999999 0.5985453125 0.9521171875000001 0.5950078125 0.906925 0.543421875 0.8991312499999999 0.5411296875 0.8896796874999999 0.56079375 0.8843453125 0.5631859375 0.8810671875 0.556940625 0.870596875 0.5683828125 0.8603265625000001 0.5864874999999999 0.85651875 0.6012109375
17 0.6737484375 0.3282625 0.649678125 0.28553125 0.598071875 0.30335625 0.597453125 0.30845625 0.6081046875 0.3287546875 0.6218328125 0.3486375 0.6284984375 0.35191875 0.6370203125 0.33990156250000003 0.6571234375 0.340534375 0.6731296875 0.3333609375 0.6737484375 0.3282625
17 0.4717203125 0.288628125 0.47869375 0.2893609375 0.4928609375 0.27240312499999997 0.49246093750000003 0.25908125000000004 0.48641562499999996 0.25070156250000003 0.48026093750000004 0.25153125 0.473178125 0.26001093750000004 0.4673328125 0.258290625 0.46077812500000004 0.24580000000000002 0.45103593750000004 0.2429328125 0.44426249999999995 0.2488625 0.43728749999999994 0.24813125 0.441075 0.2584875 0.4570625 0.27639375 0.4684421875 0.28238281249999997 0.4717203125 0.288628125
17 0.42505 0.29074218749999997 0.40463750000000004 0.292659375 0.396734375 0.29957656250000003 0.3962046875 0.3205453125 0.4005015625 0.3350140625 0.39802499999999996 0.35540937499999997 0.40386875 0.35712968749999996 0.406546875 0.34339375 0.439359375 0.3556875 0.45618437500000003 0.350075 0.46101093750000005 0.3435734375 0.4866484375 0.348475 0.4903453125 0.3429609375 0.4750875 0.31074531250000004 0.46463593750000004 0.2971078125 0.45879062499999995 0.2953875 0.44568125 0.2704046875 0.43972656250000003 0.2778953125 0.4398171875 0.29376718749999997 0.4364296875 0.29673125 0.42505 0.29074218749999997
17 0.4941 0.26220468750000003 0.49511874999999994 0.2704265625 0.5006546875 0.2746953125 0.5088671875 0.26522968750000003 0.5172796875000001 0.26242343749999997 0.551021875 0.26706875 0.558925 0.26015156250000004 0.565609375 0.23835156249999997 0.5610015625 0.2264328125 0.561240625 0.18293281249999999 0.544415625 0.1885453125 0.5229828125 0.1822390625 0.49189999999999995 0.1889390625 0.4813390625 0.1845109375 0.4792609375 0.2182296875 0.48590625000000004 0.246590625 0.4941 0.26220468750000003
3 0.5564859375 0.6291296875 0.54654375 0.619603125 0.521525 0.6096015625 0.5155703125 0.6170921875000001 0.5097765625 0.6814046874999999 0.5177703124999999 0.6903578125000001 0.5383828125 0.6951015625 0.540640625 0.693125 0.5414796875000001 0.66960625 0.555246875 0.639328125 0.5564859375 0.6291296875
17 0.59918125 0.7261921874999999 0.5973234374999999 0.741490625 0.602859375 0.745759375 0.65619375 0.7469265625 0.671890625 0.7423031250000001 0.6734390625 0.7295546875000001 0.6824703125 0.7216484375000001 0.6804328125 0.7052046875 0.6853875 0.6644125 0.681290625 0.6566046875 0.6759546875 0.6589968749999999 0.6721484375 0.6737203125 0.666503125 0.6786609375 0.6454718749999999 0.6856765625000001 0.6383875 0.69415625 0.61396875 0.7041359375 0.59918125 0.7261921874999999
17 0.27852968749999996 0.4918984375 0.281496875 0.50069375 0.2670203125 0.5202 0.2672203125 0.5268609375 0.28362656249999996 0.5330078125 0.31103281250000003 0.5067421875 0.3119609375 0.49909375 0.2954640625 0.47707499999999997 0.28109687499999997 0.487371875 0.27852968749999996 0.4918984375
17 0.4367140625 0.46053750000000004 0.4220359375 0.47338281249999997 0.42079843749999996 0.48358125 0.39626875 0.502771875 0.3981078125 0.5125546875 0.4108171875 0.524215625 0.41584374999999996 0.524375 0.44479687500000004 0.4853609375 0.4525 0.4717828125 0.4523 0.465121875 0.4367140625 0.46053750000000004
17 0.4526875 0.7609921875000001 0.4468421875 0.7592734375 0.44026875 0.7718625 0.43522343750000003 0.7967859374999999 0.44106875 0.7985046875 0.45616406249999997 0.7738984375 0.4526875 0.7609921875000001
17 0.61355625 0.574621875 0.61036875 0.584246875 0.6279046875 0.5894046875 0.634059375 0.588575 0.639503125 0.5769734375 0.626284375 0.5612015625 0.6204390625 0.5594812499999999 0.6125359375 0.5663984375 0.61355625 0.574621875
17 0.414165625 0.1726703125 0.4227078125 0.1355734375 0.4091796875 0.12235 0.40025625 0.12104531249999999 0.3980890625 0.13889374999999998 0.404953125 0.14883437500000002 0.404334375 0.153934375 0.395721875 0.1500796875 0.392534375 0.1597046875 0.37858593749999997 0.15824218750000002 0.3619609375 0.1705140625 0.36800625 0.1788953125 0.38861875 0.1836390625 0.414165625 0.1726703125
17 0.454553125 0.205678125 0.4532234375 0.20000625 0.45826874999999995 0.1750828125 0.45058437500000004 0.16357968750000002 0.42658593749999996 0.1618 0.42319843749999997 0.164765625 0.414875 0.18344218750000002 0.40859218750000004 0.2185625 0.42222968749999995 0.22257500000000002 0.4373078125 0.22305000000000003 0.4458296875 0.21103437500000002 0.454553125 0.205678125
17 0.6460203124999999 0.24088437499999998 0.6546328124999999 0.2447375 0.6586203125 0.26175468749999997 0.6733875 0.2647796875 0.700884375 0.254384375 0.688684375 0.246834375 0.6785421875 0.230646875 0.6746453125 0.22949999999999998 0.6701484375 0.208371875 0.6624656250000001 0.19686874999999998 0.651084375 0.1908796875 0.6202921875 0.22011093750000002 0.6193625 0.227759375 0.6257171875 0.233590625 0.635459375 0.23645624999999998 0.644490625 0.22854999999999998 0.6485875 0.23635781250000001 0.6460203124999999 0.24088437499999998
16 0.6298265625 0.357590625 0.60974375 0.3318765625 0.599271875 0.3433203125 0.5928984374999999 0.3625703125 0.5936078124999999 0.3733421875 0.576653125 0.41324531249999996 0.5754140624999999 0.42344375 0.5788921874999999 0.43635 0.5949890625 0.44504687499999995 0.6165499999999999 0.41706093749999995 0.6292984374999999 0.37856093749999997 0.6298265625 0.357590625
13 0.455378125 0.46470781250000004 0.45157187499999996 0.47943125000000003 0.4542296875 0.49077656249999996 0.44754531249999996 0.5125765624999999 0.450203125 0.523921875 0.4483453125 0.5392187500000001 0.4564296875 0.5640421875 0.4645328125 0.5637859375 0.47551249999999995 0.556453125 0.4728359375 0.5701890625 0.4767328125 0.5713359375 0.49570625 0.5729578125 0.50391875 0.563490625 0.506796875 0.556415625 0.5002421874999999 0.5439234374999999 0.5008609374999999 0.538825 0.51391875 0.497775 0.5187453125 0.4912734375 0.52029375 0.478525 0.5293249999999999 0.47061875000000003 0.5323125 0.454334375 0.5102609375 0.453128125 0.48493281250000003 0.44567500000000004 0.46584843749999993 0.4532640625 0.455378125 0.46470781250000004