6 0 0 0 0.4296875 0.4296875 0.4296875 0.4296875 0 0 0
14 0 0 0 0.01753125 0.0034281249999999997 0.027834375 0.0034281249999999997 0.0479234375 0 0.051490625 0 0.2165453125 0.0234796875 0.26220937499999997 0.0167953125 0.30908437499999997 0.022365625 0.32080312499999997 0.036846875 0.3191296875 0.050214062500000003 0.30908437499999997 0.0546703125 0.26220937499999997 0.0646953125 0.2471421875 0.113709375 0.2437953125 0.11927812499999998 0.238771875 0.11927812499999998 0.2320765625 0.099228125 0.15506718749999998 0.099228125 0.1416734375 0.0791765625 0.051271875 0.041046875 0 0 0
14 0.32313125 0.271903125 0.30307968750000003 0.26520625 0.2540671875 0.26520625 0.229559375 0.2752515625 0.1604953125 0.2518140625 0.11148125 0.2451171875 0.0713796875 0.248465625 0.0624671875 0.2551625 0.0546703125 0.283621875 0.0465703125 0.4296875 0.3963109375 0.4296875 0.3955375 0.4041578125 0.38439843749999997 0.3104078125 0.3766015625 0.2986890625 0.35655000000000003 0.28864375 0.3342703125 0.285296875 0.32313125 0.271903125
14 0.35989218749999996 0.2086390625 0.348753125 0.2354234375 0.348753125 0.25551406249999997 0.344296875 0.2722546875 0.34986562499999996 0.280625 0.3699171875 0.287321875 0.425615625 0.32080312499999997 0.4296875 0.32116406249999996 0.4296875 0.037475 0.38551250000000004 0.0663390625 0.37103125000000003 0.08475468750000001 0.3509796875 0.1651109375 0.3509796875 0.181853125 0.35989218749999996 0.1952453125 0.35989218749999996 0.2086390625
14 0.13375937499999999 0.0696875 0.142671875 0.062990625 0.1560390625 0.0663390625 0.15938125 0.0613171875 0.14044375 0.0228125 0.1203921875 0.012767187499999999 0.10479687499999998 0.012767187499999999 0.0880875 0.037879687499999995 0.0880875 0.051271875 0.094771875 0.064665625 0.090315625 0.08475468750000001 0.10256875000000001 0.109865625 0.1170515625 0.1148890625 0.13375937499999999 0.0696875
14 0.041999999999999996 0 0.0413015625 0.0010484375 0.0646953125 0.029509374999999997 0.070265625 0.027834375 0.0892015625 0.012767187499999999 0.09254375000000001 0.0010484375 0.0918453125 0 0.041999999999999996 0
7 0.1018046875 0 0.099228125 0.0077453125 0.13153281249999998 0.016115625 0.147128125 0.029509374999999997 0.1515828125 0.042901562500000004 0.157153125 0.041228125 0.15938125 0.0211390625 0.154925 0.0010484375 0.15592187500000002 0 0.1018046875 0
7 0.40380937499999997 0 0.40445000000000003 0.0010484375 0.41558906249999994 0.037879687499999995 0.4200453125 0.041228125 0.4296875 0.0347875 0.4296875 0 0.40380937499999997 0
13 0.23105937499999998 0 0.2161921875 0.012767187499999999 0.1894578125 0.0228125 0.161609375 0.05796875 0.154925 0.098146875 0.14601406249999999 0.12493281249999999 0.15938125 0.13162968749999998 0.14601406249999999 0.1718078125 0.14601406249999999 0.1885484375 0.154925 0.228728125 0.171634375 0.25049062499999997 0.1850015625 0.2571875 0.24626874999999998 0.26220937499999997 0.267434375 0.2571875 0.2808015625 0.240446875 0.296396875 0.2571875 0.3142203125 0.2571875 0.3197890625 0.24881718749999998 0.33092968749999996 0.1852015625 0.348753125 0.1483703125 0.3621203125 0.098146875 0.40445000000000003 0.03453125 0.40445000000000003 0.0077453125 0.400440625 0 0.23105937499999998 0
14 0.348753125 0.2320765625 0.35989218749999996 0.2086390625 0.3576640625 0.1952453125 0.34986562499999996 0.1835265625 0.3387265625 0.1835265625 0.33092968749999996 0.1952453125 0.3197890625 0.24881718749999998 0.30865 0.26220937499999997 0.32313125 0.26723281249999997 0.329815625 0.2772765625 0.339840625 0.275603125 0.346525 0.26220937499999997 0.348753125 0.2320765625
6 0.4296875 0 0.4296875 0.4296875 1 0.4296875 1 0 0.4296875 0
6 0 0.976946875 0.4296875 0.9574343750000001 0.4296875 0.446725 0 0.49196718749999996 0 0.976946875
22 0.4242078125 0.7142984375 0.23834218749999997 0.723221875 0.235728125 0.9554515625000001 0.4296875 0.9280687500000001 0.4296875 0.784740625 0.4242078125 0.7142984375
9 0.23615468750000002 0.9201921875 0.26399374999999997 0.952971875 0.30074531250000003 0.9514093750000001 0.384265625 0.9467296875000001 0.42101718750000006 0.9233156250000001 0.4296875 0.8642890624999999 0.4296875 0.7981328125 0.40653750000000005 0.7344468749999999 0.2573125 0.72508125 0.2339265625 0.7360078125 0.2250171875 0.8109296875 0.24060781250000002 0.8796109375000001 0.23615468750000002 0.9201921875
13 0.2250171875 0.6205 0.2250171875 0.7203968749999999 0.3853796875 0.7235203125 0.4187890625 0.695421875 0.4296875 0.660171875 0.4296875 0.5452 0.4098796875 0.4831390625 0.37535625 0.46284843750000004 0.252859375 0.46284843750000004 0.2472890625 0.586159375 0.22724531250000002 0.6017703125 0.2250171875 0.6205
6 0.43981562500000004 0.512734375 0.44315468750000003 0.5144046875 0.44426718750000005 0.51941875 0.44760625000000004 0.5210890625 0.45317187499999995 0.5294453125 0.45317187499999995 0.5327875 0.45651093749999994 0.5378015625 0.45873749999999996 0.5378015625 0.46207656249999995 0.5428140625 0.46207656249999995 0.54615625 0.465415625 0.547828125 0.4787734375 0.56788125 0.48545156250000004 0.56788125 0.48879062500000003 0.57289375 0.48879062500000003 0.5862640625 0.5010359375 0.6046453125 0.504375 0.6063171875 0.504375 0.6130015625 0.5088265625 0.6196859375 0.5088265625 0.623028125 0.5210703125 0.6414109375 0.5244093750000001 0.6397390625 0.5255234375 0.6246984375 0.5377671875 0.6297125 0.5244093750000001 0.65645 0.5288625 0.6731625 0.5366546875 0.684859375 0.54110625 0.6882015625 0.5722734375 0.6882015625 0.5744984375 0.69154375 0.6568671875 0.69154375 0.65909375 0.6882015625 0.665771875 0.6882015625 0.6679984375 0.684859375 0.68135625 0.6882015625 0.68358125 0.69154375 0.7147484375000001 0.69154375 0.7169749999999999 0.6882015625 0.7214265625 0.69154375 0.7314453125 0.6898734375 0.7414625 0.6882015625 0.7436890625 0.684859375 0.7503671875 0.684859375 0.7525937500000001 0.6882015625 0.7570453125000001 0.684859375 0.77708125 0.684859375 0.7793078125 0.6815171875 0.7859859375 0.6882015625 0.8238312499999999 0.6882015625 0.8260578125 0.684859375 0.8349624999999999 0.684859375 0.8416406249999999 0.6748328124999999 0.84609375 0.678175 0.852771875 0.678175 0.8549984374999999 0.6748328124999999 0.85945 0.678175 0.8750328125 0.678175 0.8772593750000001 0.6748328124999999 0.8861640625 0.6748328124999999 0.8883906250000001 0.671490625 0.8995218749999999 0.671490625 0.9017468750000001 0.6681484375 0.9084265625000001 0.6681484375 0.9173312499999999 0.6614640625 0.9284609375 0.6614640625 0.9318015624999999 0.65645 0.9318015624999999 0.6464234375 0.929575 0.64308125 0.929575 0.6330546874999999 0.9262359375000001 0.6280421875 0.912878125 0.6246984375 0.9084265625000001 0.614671875 0.8839375 0.6113296874999999 0.8794859374999999 0.6180140625 0.8772593750000001 0.6180140625 0.8750328125 0.6113296874999999 0.8728078125 0.6113296874999999 0.8616765624999999 0.5979609375 0.8505453125000001 0.59461875 0.84609375 0.587934375 0.8416406249999999 0.587934375 0.8394140625000001 0.5845921875 0.8216046875 0.5779078125 0.8104734375 0.56788125 0.8060218750000001 0.56788125 0.8004562500000001 0.559525 0.8037953124999999 0.5545125 0.8082484375 0.5578546875 0.8149265625 0.5578546875 0.8182656250000001 0.552840625 0.8204921875 0.526103125 0.8227187499999999 0.5227609375 0.8227187499999999 0.512734375 0.8249437500000001 0.5093921875 0.8249437500000001 0.4960234375 0.8216046875 0.49100937499999997 0.8037953124999999 0.49100937499999997 0.80156875 0.48766718750000004 0.7971171874999999 0.48766718750000004 0.7904390625 0.4809828125 0.7859859375 0.4809828125 0.7681765625 0.46761406250000004 0.759271875 0.4575875 0.748140625 0.4542453125 0.7414625 0.44756093750000003 0.734784375 0.44756093750000003 0.7258796875 0.440875 0.7214265625 0.434190625 0.7169749999999999 0.434190625 0.711475 0.4296875 0.46728437500000003 0.4296875 0.4665296875 0.4325203125 0.45985156250000003 0.44588906250000004 0.45985156250000003 0.4525734375 0.44649374999999997 0.49268124999999996 0.43981562500000004 0.499365625 0.43981562500000004 0.512734375
13 0.440928125 0.49769375 0.4375890625 0.50605 0.43981562500000004 0.512734375 0.44983281249999996 0.5277734374999999 0.452059375 0.5277734374999999 0.45317187499999995 0.5327875 0.4676421875 0.5545125 0.46986875 0.5545125 0.4787734375 0.56788125 0.48767812499999996 0.56788125 0.5077140625000001 0.5845921875 0.5199578125000001 0.6063171875 0.5221843749999999 0.61634375 0.5299750000000001 0.631384375 0.5388796874999999 0.631384375 0.54110625 0.6280421875 0.5433328125 0.631384375 0.5555765625 0.6297125 0.5578031250000001 0.6263703125 0.5600296874999999 0.6130015625 0.56336875 0.6079875 0.5678203125 0.6079875 0.5767249999999999 0.601303125 0.583403125 0.601303125 0.5856296875 0.6046453125 0.6012125 0.6046453125 0.6034390625 0.601303125 0.61234375 0.601303125 0.6190234375 0.6079875 0.630153125 0.6079875 0.6323796875000001 0.6113296874999999 0.6368328125 0.6113296874999999 0.6390578125 0.6079875 0.6702250000000001 0.6079875 0.6724515625 0.6113296874999999 0.676903125 0.6079875 0.68246875 0.596290625 0.68246875 0.5862640625 0.6780171875 0.579578125 0.6780171875 0.5695515624999999 0.6735640625 0.5561828125 0.6735640625 0.5428140625 0.6691125 0.5294453125 0.6668859375 0.47596875 0.664659375 0.469284375 0.6546421875 0.4575875 0.6501890625 0.4575875 0.6479625 0.4609296875 0.642396875 0.45925781250000003 0.642396875 0.455915625 0.6513015625 0.4392046875 0.6507265624999999 0.4296875 0.46728437500000003 0.4296875 0.4665296875 0.4325203125 0.46207656249999995 0.4392046875 0.45985156250000003 0.4525734375 0.44649374999999997 0.49268124999999996 0.44315468750000003 0.49769375 0.440928125 0.49769375
13 0.61011875 0.601303125 0.605665625 0.601303125 0.5989875 0.6079875 0.5923078125 0.6079875 0.5900828125 0.6046453125 0.5722734375 0.6046453125 0.570046875 0.6079875 0.56559375 0.6079875 0.5600296874999999 0.61634375 0.5600296874999999 0.623028125 0.5544640625 0.6347265625 0.5500109375 0.6347265625 0.547784375 0.631384375 0.5388796874999999 0.631384375 0.5244093750000001 0.6531078124999999 0.5266359375 0.66981875 0.534428125 0.684859375 0.5388796874999999 0.684859375 0.54110625 0.6882015625 0.5500109375 0.6882015625 0.5522375 0.69154375 0.5566890625 0.6882015625 0.5611421875 0.6882015625 0.56336875 0.69154375 0.6668859375 0.6898734375 0.6735640625 0.68653125 0.6613203125 0.671490625 0.6568671875 0.671490625 0.6468499999999999 0.65645 0.6468499999999999 0.64308125 0.6446234375000001 0.6397390625 0.6446234375000001 0.6330546874999999 0.640171875 0.6263703125 0.640171875 0.6196859375 0.6368328125 0.614671875 0.6323796875000001 0.614671875 0.6257015625 0.6079875 0.6145703124999999 0.6079875 0.61011875 0.601303125
13 0.7726296875 0.6180140625 0.759271875 0.6180140625 0.7570453125000001 0.614671875 0.748140625 0.614671875 0.7459156250000001 0.6113296874999999 0.7169749999999999 0.6113296874999999 0.7147484375000001 0.6079875 0.6958265625 0.609659375 0.6958265625 0.6263703125 0.699165625 0.631384375 0.7036171875 0.631384375 0.70584375 0.6347265625 0.7147484375000001 0.6347265625 0.7169749999999999 0.63806875 0.7325578125 0.6347265625 0.7414625 0.6414109375 0.7459156250000001 0.6480953125 0.7548203124999999 0.6514375 0.770403125 0.6748328124999999 0.77708125 0.678175 0.7859859375 0.6882015625 0.8249437500000001 0.68653125 0.8327359375000001 0.684859375 0.8360749999999999 0.679846875 0.8360749999999999 0.6731625 0.8338484375 0.66981875 0.8360749999999999 0.65645 0.8305093749999999 0.6480953125 0.8260578125 0.6480953125 0.8238312499999999 0.6514375 0.8149265625 0.644753125 0.8037953124999999 0.644753125 0.7904390625 0.6280421875 0.781534375 0.62135625 0.7748546875 0.62135625 0.7726296875 0.6180140625
17 0.9217828125 0.631384375 0.9084265625000001 0.614671875 0.8839375 0.6113296874999999 0.8772593750000001 0.6180140625 0.8683546874999999 0.62135625 0.8616765624999999 0.6347265625 0.8572234375000001 0.6347265625 0.84831875 0.6246984375 0.8371890625 0.6246984375 0.8349624999999999 0.6280421875 0.8305093749999999 0.6280421875 0.8260578125 0.6347265625 0.8216046875 0.6347265625 0.8182656250000001 0.6397390625 0.8216046875 0.644753125 0.8305093749999999 0.644753125 0.8327359375000001 0.6480953125 0.8371890625 0.6480953125 0.8416406249999999 0.658121875 0.8438671875000001 0.658121875 0.8505453125000001 0.6681484375 0.852771875 0.6681484375 0.8616765624999999 0.6815171875 0.8694671875 0.679846875 0.8839375 0.678175 0.8861640625 0.6748328124999999 0.8928421875 0.6748328124999999 0.8950687500000001 0.671490625 0.9106515625 0.6681484375 0.91955625 0.6614640625 0.9284609375 0.6614640625 0.9318015624999999 0.65645 0.9318015624999999 0.649765625 0.929575 0.6464234375 0.929575 0.6297125 0.9262359375000001 0.6246984375 0.925121875 0.6297125 0.9217828125 0.631384375
13 0.7158609375 0.6898734375 0.7158609375 0.6731625 0.7136359375 0.66981875 0.711409375 0.65645 0.699165625 0.63806875 0.6947125 0.6347265625 0.6679984375 0.6347265625 0.665771875 0.63806875 0.6546421875 0.63806875 0.6490765625 0.64308125 0.6490765625 0.6597921875 0.6613203125 0.6748328124999999 0.6679984375 0.678175 0.6791296874999999 0.69154375 0.7158609375 0.6898734375
13 0.6691125 0.5093921875 0.6713375 0.512734375 0.6713375 0.5294453125 0.6735640625 0.5327875 0.6735640625 0.5428140625 0.675790625 0.54615625 0.6780171875 0.566209375 0.68246875 0.579578125 0.686921875 0.5862640625 0.686921875 0.596290625 0.6947125 0.6079875 0.7325578125 0.6079875 0.734784375 0.6113296874999999 0.748140625 0.6113296874999999 0.7503671875 0.614671875 0.7648375 0.6130015625 0.7648375 0.602975 0.7670640625 0.5996328125 0.7670640625 0.582921875 0.7559328125 0.5494984374999999 0.7559328125 0.539471875 0.7514796875 0.526103125 0.7548203124999999 0.5210890625 0.7570453125000001 0.52443125 0.7614984375 0.52443125 0.7726296875 0.5378015625 0.7948906250000001 0.5545125 0.8026828125 0.539471875 0.8026828125 0.5294453125 0.804909375 0.526103125 0.8026828125 0.5160765625 0.804909375 0.512734375 0.8071343750000001 0.49268124999999996 0.80156875 0.48766718750000004 0.7971171874999999 0.48766718750000004 0.7904390625 0.4809828125 0.7859859375 0.4809828125 0.7793078125 0.4742984375 0.7748546875 0.4742984375 0.759271875 0.4575875 0.748140625 0.4542453125 0.7414625 0.44756093750000003 0.734784375 0.44756093750000003 0.7122984375 0.4296875 0.6554156250000001 0.4296875 0.653528125 0.4325203125 0.653528125 0.44588906250000004 0.6668859375 0.4726265625 0.6668859375 0.48599531249999994 0.6691125 0.4893375 0.6691125 0.5093921875
13 0.8037953124999999 0.5645390625 0.79934375 0.5645390625 0.793778125 0.582921875 0.789325 0.5862640625 0.7904390625 0.59461875 0.7971171874999999 0.5979609375 0.8060218750000001 0.6079875 0.8104734375 0.6079875 0.8216046875 0.6180140625 0.8260578125 0.6180140625 0.8305093749999999 0.6246984375 0.852771875 0.6246984375 0.8549984374999999 0.631384375 0.8583375 0.6297125 0.863903125 0.6280421875 0.8705812500000001 0.6180140625 0.8750328125 0.6180140625 0.8761468750000001 0.6130015625 0.866128125 0.601303125 0.852771875 0.5912765624999999 0.84831875 0.5912765624999999 0.8416406249999999 0.5845921875 0.8349624999999999 0.5845921875 0.8327359375000001 0.58125 0.8216046875 0.5779078125 0.8127000000000001 0.56788125 0.8060218750000001 0.56788125 0.8037953124999999 0.5645390625