6 0 0 0 0.459375 0.609375 0.459375 0.609375 0 0 0
25 0.09518750000000001 0.459375 0.259909375 0.459375 0.20071093750000002 0.40239843750000004 0.1643015625 0.378840625 0.134315625 0.38472968750000003 0.11289843749999999 0.40534375 0.0989765625 0.43332031249999997 0.09518750000000001 0.459375
14 0.14930937500000002 0.3405546875 0.10861406250000001 0.3169953125 0.1000484375 0.3228875 0.0871953125 0.308159375 0.0807734375 0.308159375 0.049715625 0.362640625 0.047573437499999996 0.430375 0.0363265625 0.459375 0.0918015625 0.459375 0.09255156249999999 0.448046875 0.1118265625 0.403871875 0.1278921875 0.38472968750000003 0.1568046875 0.3714765625 0.1568046875 0.356753125 0.14930937500000002 0.3405546875
25 0.050615625 0 0.0411484375 0.021026562500000002 0.03900625 0.0386984375 0.0411484375 0.1064296875 0.048645312499999996 0.11084687499999998 0.0957640625 0.10201562500000001 0.11718124999999999 0.1491328125 0.1396703125 0.15060625 0.20499375 0.1491328125 0.222128125 0.1432421875 0.23819374999999998 0.1241015625 0.2424765625 0.1034890625 0.2189171875 0.056367187500000006 0.2189171875 0.04164375 0.20478281250000002 0 0.050615625 0
13 0.20973906250000002 0 0.2446171875 0.07992656249999999 0.25532656249999997 0.1594421875 0.2821 0.1962546875 0.2992328125 0.20803124999999997 0.4223859375 0.218340625 0.4555828125 0.1991984375 0.4748578125 0.1550234375 0.50163125 0.14765937499999998 0.512340625 0.0917078125 0.5230484375 0.0887609375 0.5337578125 0.047531250000000004 0.5395187499999999 0 0.20973906250000002 0
13 0.41703124999999996 0.22570312499999998 0.2906640625 0.21392187499999998 0.261753125 0.2919640625 0.2746015625 0.342028125 0.28531249999999997 0.3508640625 0.2746015625 0.362640625 0.27674375 0.39209062499999997 0.2949484375 0.40534375 0.40525 0.4068171875 0.4984171875 0.3906171875 0.5455375 0.35528125 0.609375 0.330590625 0.609375 0.26637656249999997 0.5937265625 0.183 0.5819484375 0.163859375 0.5583890625000001 0.152078125 0.5091281249999999 0.1550234375 0.45772500000000005 0.20508593749999998 0.41703124999999996 0.22570312499999998
13 0.233909375 0.2595703125 0.2071359375 0.23453437500000002 0.18571875 0.23159375 0.17501093750000002 0.21097656250000002 0.1643015625 0.20803124999999997 0.1525234375 0.2271765625 0.1610875 0.27723906249999997 0.1910734375 0.342028125 0.20178124999999997 0.3479171875 0.206065625 0.395034375 0.2647203125 0.459375 0.41921406250000004 0.459375 0.42024375 0.448046875 0.40953437499999995 0.4274296875 0.3784796875 0.40534375 0.2799578125 0.40239843750000004 0.2681765625 0.324359375 0.233909375 0.2595703125
13 0 0.459375 0.028149999999999998 0.459375 0.062565625 0.28901875 0.1075421875 0.188890625 0.105403125 0.1241015625 0.0957640625 0.10496093749999999 0.0529296875 0.10790312500000002 0.033653125 0.125575 0.0154484375 0.1594421875 0.002596875 0.218340625 0 0.28924062500000003 0 0.459375
6 0.609375 0 0.609375 0.459375 1 0.459375 1 0 0.609375 0
14 0.7748359375 0.0987078125 0.7619828125 0.1140953125 0.7191484375 0.12563125 0.6955875 0.14101875 0.6838093749999999 0.1737125 0.6838093749999999 0.2506421875 0.7180765625000001 0.42373281250000006 0.7197312499999999 0.459375 0.8236109375 0.459375 0.8273093749999999 0.454503125 0.8273093749999999 0.404503125 0.823025 0.396809375 0.8251671875 0.2506421875 0.8048187499999999 0.0987078125 0.7748359375 0.0987078125
14 0.6838093749999999 0.13524843749999998 0.6698859374999999 0.1179421875 0.6420453125 0.1140953125 0.6377609375 0.12178906249999999 0.6313359375 0.1179421875 0.609375 0.1297046875 0.609375 0.386084375 0.6152734375 0.38526875 0.6784546875 0.3718046875 0.68809375 0.3621921875 0.68809375 0.29295312500000004 0.6816671875 0.2506421875 0.6838093749999999 0.13524843749999998
14 0.609375 0.446878125 0.609375 0.459375 0.7006046875 0.459375 0.6891640625 0.43335 0.6656046875 0.414115625 0.639903125 0.414115625 0.6227671875 0.42565625 0.609375 0.446878125
17 0.7113515625 0 0.70094375 0.112171875 0.724503125 0.11601874999999999 0.7662671875 0.10640156249999999 0.7748359375 0.09486093749999999 0.79196875 0.09486093749999999 0.7973234375 0.08524375 0.79518125 0.031396875000000005 0.8176703125 0.0063921875 0.8212296875 0 0.7113515625 0
6 0 0.9555374999999999 0.609375 0.6490078125000001 0.609375 0.459375 0.2023625 0.459375 0 0.5442984375 0 0.9555374999999999
13 0.4559375 0.609309375 0.4559375 0.6035546875 0.4666453125 0.57765625 0.46450312499999996 0.5690234375000001 0.4505828125 0.5531953125 0.4462984375 0.5531953125 0.42488125 0.538809375 0.39489843750000003 0.538809375 0.39061406249999997 0.5416875 0.3874 0.5920421874999999 0.3991796875 0.596359375 0.42702343750000005 0.6165 0.44308593749999997 0.6150609375 0.45272500000000004 0.613621875 0.4559375 0.609309375
13 0.43880468749999996 0.661103125 0.43880468749999996 0.7301640625 0.44736875 0.7359171875 0.609375 0.6418453125 0.609375 0.459375 0.55240625 0.459375 0.54375 0.4884515625 0.5501765625 0.5431265625 0.4784265625 0.56470625 0.46022187499999995 0.5977984375000001 0.43880468749999996 0.661103125
13 0.4891328125 0.5560734375 0.5458921875 0.5373703125 0.54375 0.520103125 0.5383953125 0.5129125 0.51590625 0.4999625 0.507340625 0.4711875 0.5090984375 0.459375 0.38106874999999996 0.459375 0.3702671875 0.47694375000000006 0.368125 0.520103125 0.39061406249999997 0.538809375 0.42702343750000005 0.538809375 0.47092968749999997 0.5690234375000001 0.4891328125 0.5560734375
12 0.1261015625 0.5316156249999999 0.1303859375 0.5431265625 0.132528125 0.5632671874999999 0.1378828125 0.567584375 0.1464484375 0.56470625 0.1518046875 0.5690234375000001 0.1368125 0.5920421874999999 0.1368125 0.6035546875 0.1464484375 0.613621875 0.1560875 0.612184375 0.17215 0.6021156249999999 0.1785765625 0.6021156249999999 0.18071874999999998 0.6049921875 0.188215625 0.6006765625 0.188215625 0.5431265625 0.1860734375 0.5344921874999999 0.1817890625 0.5287375 0.1817890625 0.5143515625 0.1860734375 0.50571875 0.1860734375 0.497084375 0.18071874999999998 0.48988906249999997 0.16786718750000001 0.487015625 0.1657265625 0.4841375 0.1550171875 0.4841375 0.1389546875 0.50571875 0.1261015625 0.5316156249999999
6 1 0.459375 0.7947484375 0.459375 0.7498671875 0.5070281249999999 0.609375 0.4844953125 0.609375 0.8169828125 1 0.8335546875000001 1 0.459375
13 1 0.459375 0.8824921874999999 0.459375 0.8382421875 0.565653125 0.781975 0.5253515625 0.7267890625 0.5253515625 0.620746875 0.5125234375 0.609375 0.50590625 0.609375 0.8046234374999999 1 0.824896875 1 0.459375