6 0.48235312500000005 1 0.49151249999999996 0.9492640625 0.5350171875 0.95460625 0.5876812499999999 0.9561328124999999 0.5934046875 0.9378140625 0.617446875 0.9172046875 0.6254625 0.8691187499999999 0.673546875 0.817215625 0.705603125 0.805003125 0.7834546875 0.7561515625 0.674690625 0.5996796875 0.67698125 0.5951 0.6758359375 0.5737265625 0.69071875 0.5264031250000001 0.630040625 0.49281874999999997 0.5888265625 0.49434531249999997 0.49151249999999996 0.3722203125 0.45945468749999996 0.350084375 0 0.617234375 0 1 0.48235312500000005 1
14 0.232421875 0.6435546875 0.2294921875 0.6103515625 0.203125 0.5791015625 0.1782234375 0.55859375 0.1489265625 0.55078125 0.1108390625 0.556640625 0.0024421875 0.619140625 0.0024421875 0.76171875 0.0405265625 0.755859375 0.0844734375 0.7421875 0.2177734375 0.6630859375 0.232421875 0.6435546875
14 0.4697265625 0.9443359375 0.4697265625 0.9072265625 0.4580078125 0.8779296875 0.42724531250000003 0.85546875 0.40087968749999997 0.8515625 0.3671875 0.8720703125 0.3759765625 0.8759765625 0.36865156250000003 0.880859375 0.3466796875 0.8857421875 0.34228593749999997 0.896484375 0.3408203125 0.9345703125 0.3525390625 0.9990234375 0.40673906249999997 1 0.4521484375 0.9677734375 0.4697265625 0.9443359375
14 0.4609375 0.4384765625 0.45068281250000003 0.4296875 0.39502031249999997 0.4140625 0.35693281250000003 0.416015625 0.25439531249999997 0.47265625 0.22216718750000003 0.498046875 0.30127031249999997 0.5625 0.34228593749999997 0.564453125 0.40673906249999997 0.53125 0.4609375 0.4931640625 0.4609375 0.4384765625
14 0.5971671875 0.607421875 0.6088859375 0.611328125 0.6235359375 0.59765625 0.6469734375 0.591796875 0.666015625 0.5771484375 0.6865234375 0.5419921875 0.6865234375 0.5244140625 0.6499015625 0.5 0.6176765625 0.490234375 0.6030265625 0.4921875 0.5693359375 0.5166015625 0.56640625 0.5283203125 0.5385734375 0.5625 0.5400390625 0.5810546875 0.5634765625 0.5966796875 0.5634765625 0.6025390625 0.5766609375 0.611328125 0.5971671875 0.607421875
16 0.337890625 0.8779296875 0.31591718750000003 0.828125 0.20166093749999997 0.8359375 0.185546875 0.8544921875 0.1752921875 0.890625 0.1826171875 0.9501953125 0.20458906250000003 1 0.349609375 0.9990234375 0.337890625 0.9365234375 0.337890625 0.8779296875
16 0.052245312499999995 0.796875 0.0874015625 0.818359375 0.1079109375 0.818359375 0.1166984375 0.826171875 0.138671875 0.8193359375 0.1240234375 0.7939453125 0.103515625 0.7822265625 0.109375 0.7470703125 0.0991203125 0.73828125 0.052245312499999995 0.75390625 0.0024421875 0.763671875 0.0024421875 0.84375 0.0126953125 0.8330078125 0.015625 0.8076171875 0.0375984375 0.794921875 0.052245312499999995 0.796875
16 0.16796875 0.9013671875 0.16796875 0.8427734375 0.1547859375 0.828125 0.1372078125 0.82421875 0.126953125 0.8291015625 0.126953125 0.8466796875 0.1020515625 0.880859375 0.103515625 0.9072265625 0.115234375 0.9208984375 0.1240234375 0.9970703125 0.1958015625 1 0.16796875 0.9013671875
16 0.42431718749999997 0.638671875 0.44775468749999997 0.640625 0.46826093750000003 0.63671875 0.513671875 0.6142578125 0.49609375 0.5732421875 0.46240156250000003 0.5546875 0.38330156249999997 0.546875 0.34521406250000003 0.564453125 0.30419843750000003 0.56640625 0.29541093749999997 0.58203125 0.2998046875 0.6025390625 0.31005781250000003 0.59375 0.3115234375 0.6083984375 0.32470781249999997 0.6171875 0.42431718749999997 0.638671875
16 0.4990234375 0.6376953125 0.48583906250000003 0.6328125 0.44189531249999997 0.64453125 0.42138593750000003 0.66796875 0.44482343750000003 0.6875 0.47119218749999997 0.697265625 0.5078125 0.6767578125 0.51953125 0.6572265625 0.4990234375 0.6376953125
16 0.45361406249999997 0.818359375 0.5004890625 0.806640625 0.5122078125 0.798828125 0.5473640625 0.798828125 0.5576171875 0.7900390625 0.5576171875 0.7783203125 0.5356453125 0.7578125 0.5078125 0.7470703125 0.4873046875 0.7177734375 0.41259843749999997 0.677734375 0.38622968750000003 0.671875 0.3994140625 0.7041015625 0.408203125 0.7607421875 0.3994140625 0.8037109375 0.41845781249999997 0.81640625 0.45361406249999997 0.818359375
14 0.6044921875 0.9091796875 0.6044921875 0.9013671875 0.595703125 0.8974609375 0.6044921875 0.8681640625 0.6015625 0.8505859375 0.5766609375 0.83203125 0.5444328125 0.828125 0.5385734375 0.845703125 0.5268546875 0.849609375 0.5180671875 0.84375 0.49609375 0.8564453125 0.47412031250000003 0.8984375 0.4755859375 0.9208984375 0.49169843750000003 0.9453125 0.5561515625 0.9609375 0.5737296875 0.958984375 0.6044921875 0.9091796875
14 0.5634765625 0.5283203125 0.5634765625 0.5205078125 0.5283203125 0.4794921875 0.5063484375 0.46484375 0.466796875 0.4677734375 0.4638671875 0.4912109375 0.43896406250000003 0.513671875 0.4404296875 0.5224609375 0.47265625 0.5556640625 0.49755781250000003 0.5703125 0.5356453125 0.560546875 0.5634765625 0.5283203125
14 0.484375 0.4326171875 0.4609375 0.4501953125 0.47119218749999997 0.462890625 0.49169843750000003 0.45703125 0.53125 0.4306640625 0.5341796875 0.4248046875 0.5078125 0.3935546875 0.484375 0.3681640625 0.46826093750000003 0.359375 0.45361406249999997 0.359375 0.39208906250000003 0.39453125 0.3935546875 0.4033203125 0.41259843749999997 0.419921875 0.42431718749999997 0.423828125 0.45654218750000003 0.421875 0.484375 0.4326171875
14 0.23828125 0.6396484375 0.2294921875 0.6513671875 0.2353515625 0.6533203125 0.208984375 0.6728515625 0.21484375 0.6865234375 0.25732343750000003 0.685546875 0.28076093750000003 0.6796875 0.296875 0.6630859375 0.3115234375 0.6279296875 0.296875 0.6162109375 0.28515625 0.5732421875 0.25 0.5205078125 0.23095781249999997 0.505859375 0.20752031249999997 0.50390625 0.1372078125 0.54296875 0.1372078125 0.548828125 0.1694328125 0.5546875 0.19140625 0.5654296875 0.2294921875 0.6103515625 0.23828125 0.6396484375
16 0.3173828125 0.6103515625 0.3203125 0.5732421875 0.326171875 0.5693359375 0.30712968749999997 0.564453125 0.296875 0.5673828125 0.2939453125 0.5927734375 0.314453125 0.6357421875 0.29247968750000003 0.67578125 0.33349531250000003 0.673828125 0.35546875 0.6357421875 0.35546875 0.6259765625 0.34814531249999997 0.62109375 0.3173828125 0.6103515625
16 0.5751953125 0.6474609375 0.58984375 0.6337890625 0.58984375 0.6142578125 0.5708015625 0.609375 0.54296875 0.5888671875 0.5297859375 0.56640625 0.501953125 0.5751953125 0.5166015625 0.6201171875 0.5063484375 0.62890625 0.49755781250000003 0.626953125 0.49609375 0.6337890625 0.5268546875 0.66796875 0.5532234375 0.671875 0.578125 0.6572265625 0.5751953125 0.6474609375
14 0.5942390625 0.81640625 0.6235359375 0.83984375 0.6469734375 0.8359375 0.689453125 0.7939453125 0.6499015625 0.77734375 0.5942390625 0.81640625
14 0.49169843750000003 0.716796875 0.5107421875 0.7490234375 0.5473640625 0.759765625 0.56640625 0.7353515625 0.5092765625 0.703125 0.49169843750000003 0.716796875