6 0 0.9955859374999999 0.345575 0.975459375 0.61221875 0.4919921875 0.59020625 0.4629734375 0.46830156250000005 0.38190625 0.47007187500000003 0.3407640625 0.4367453125 0.284775 0.3892 0.3056109375 0.367775 0.30720625 0.36316875 0.3100671875 0.206884375 0.22201718750000002 0.157440625 0.305609375 0.14500625 0.33901875000000004 0.0926734375 0.3934265625 0.044403125 0.4075375 0.0235953125 0.43405781250000003 0.005190625 0.44208749999999997 0.0064140625000000005 0.49421406250000005 0.01151875 0.5367531249999999 0 0.540278125 0 0.9955859374999999
14 0.21681093749999997 0.9146703125 0.20284375 0.9600781250000001 0.1990640625 0.9839921875 0.34235000000000004 0.975646875 0.4030390625 0.8647515625000001 0.40913750000000004 0.8261640625 0.4014734375 0.7980562499999999 0.381053125 0.7759375000000001 0.3498671875 0.7537375 0.3165875 0.755071875 0.296915625 0.7721218750000001 0.21681093749999997 0.9146703125
14 0 0.6832499999999999 0.025374999999999998 0.6845875 0.063578125 0.6782625 0.07437656249999999 0.6725218749999999 0.0794015625 0.65006875 0.084340625 0.6421671875 0.08820625 0.6504 0.1089703125 0.6143046875 0.10520624999999999 0.588609375 0.0828609375 0.56091875 0.053548437500000004 0.553021875 0.0163328125 0.5577671875 0 0.5719234375 0 0.6832499999999999
14 0.5323375 0.5108843750000001 0.5235828125 0.5018203125 0.46873906249999997 0.5088125 0.43022968749999996 0.5675296875 0.3965546875 0.635809375 0.398275 0.6763078124999999 0.46245 0.7466546875 0.4881015625 0.7113921875 0.5455015624999999 0.6022765625 0.5476828125 0.5641890625 0.5323375 0.5108843750000001
14 0.35965156249999997 0.420925 0.365528125 0.42017499999999997 0.3810609375 0.4414625 0.39965937500000004 0.4405453125 0.4340984375 0.408525 0.44586718750000004 0.40411562500000003 0.4705484375 0.367521875 0.4725921875 0.35271875 0.4629875 0.32195 0.4387171875 0.2886890625 0.4210890625 0.2909359375 0.3857125 0.31580625 0.37091093750000004 0.3365984375 0.3648984375 0.3606328125 0.3511015625 0.3769328125 0.35495156250000004 0.3880765625 0.3509140625 0.40895000000000004 0.35965156249999997 0.420925
16 0 0.8410343749999999 0.0087828125 0.843759375 0.0684796875 0.8434203124999999 0.104775 0.8286125 0.12347656250000001 0.81023125 0.131978125 0.6957171875 0.082159375 0.68025625 0.0233984375 0.687746875 0 0.6863828125 0 0.8410343749999999
16 0.1405578125 0.9011250000000001 0.1404390625 0.9215 0.161778125 0.9536796875 0.1636515625 0.967984375 0.1534171875 0.9866515625 0.1977375 0.9840703124999999 0.20487031249999998 0.9481859375000001 0.2208125 0.8996187499999999 0.212059375 0.8905546875000001 0.17676875 0.9008703125 0.1651359375 0.8819953125 0.1397578125 0.8706875000000001 0.132775 0.8933921874999999 0.1405578125 0.9011250000000001
16 0 0.9074562500000001 0.037768750000000004 0.9069593749999999 0.05141250000000001 0.9168531249999999 0.0778453125 0.9149375 0.11226875 0.8858265624999999 0.129896875 0.8835796874999999 0.134853125 0.8727671875 0.1310375 0.8558031250000001 0.116425 0.844578125 0.0576640625 0.8520703125000001 0 0.8432875 0 0.9074562500000001
16 0.378653125 0.6846265625 0.39437500000000003 0.673896875 0.396571875 0.6328984375 0.4144234375 0.5928125 0.40705 0.5152234375 0.3886390625 0.4841234375 0.347609375 0.47190468750000003 0.32481875 0.519890625 0.32078125 0.5407656249999999 0.322603125 0.5638 0.34356875 0.660015625 0.3523046875 0.6719890625 0.3669875 0.6715718749999999 0.3581125 0.6828828125 0.378653125 0.6846265625
16 0.26411562499999997 0.524721875 0.27375625000000003 0.54966875 0.29320625 0.57045625 0.31682968749999996 0.5470859375 0.3288390625 0.501928125 0.32401875 0.4894546875 0.30455156250000004 0.4715765625 0.284896875 0.4857171875 0.26411562499999997 0.524721875
16 0.2568421875 0.59690625 0.289084375 0.605884375 0.2833609375 0.5804375 0.24364375 0.5113359375 0.21438281250000002 0.49470625 0.2037734375 0.468428125 0.183334375 0.44922031249999994 0.17158281250000001 0.45071874999999995 0.162709375 0.4620296875 0.162503125 0.4969578125 0.15460000000000002 0.5096 0.142575 0.55766875 0.144328125 0.5923468749999999 0.1569484375 0.6096421875 0.2000921875 0.5954171875000001 0.2568421875 0.59690625
14 0.015482812500000002 0.5360625 0.039871875 0.5489484375 0.0623875 0.5475328125 0.104628125 0.5203328125 0.1174875 0.49688125000000005 0.1116625 0.48889843749999995 0.1156484375 0.47675625000000005 0.1333109375 0.4686875 0.1295828125 0.43716875 0.11112031250000001 0.4148015625 0.09350937499999999 0.4141375 0.0640765625 0.426615625 0.06021093749999999 0.4183828125 0.0523765625 0.4193828125 0.00225 0.4563125 0.0001890625 0.474025 0.015482812500000002 0.5360625
14 0.49740624999999994 0.4600765625 0.48284374999999996 0.44012031250000005 0.44191562500000003 0.41043593749999996 0.43408125000000003 0.4114359375 0.40160156249999995 0.44320624999999997 0.391584375 0.48229375 0.4061296875 0.5051609375 0.4392390625 0.5329328125 0.4480453125 0.5332656250000001 0.47071562499999997 0.505653125 0.4942375 0.4997453125 0.49740624999999994 0.4600765625
14 0.558446875 0.5642703124999999 0.5672515625 0.5646015625 0.6028671875 0.4989828125 0.602953125 0.48442968750000004 0.5942328125 0.46954531250000003 0.5689062500000001 0.44950625000000005 0.537721875 0.42730625 0.531828125 0.43096562499999996 0.5051546874999999 0.47363125000000006 0.49915937499999996 0.49475468749999996 0.51183125 0.50331875 0.5295953124999999 0.47778593750000004 0.54020625 0.5040640625 0.538059375 0.53633125 0.541909375 0.5474734375 0.558446875 0.5642703124999999
14 0.3205390625 0.7487515625000001 0.3498671875 0.7537375 0.3946953125 0.7858328125 0.405340625 0.8062890625 0.41102812499999997 0.8375562499999999 0.41690468750000004 0.8368078125 0.45648906250000004 0.7619578125 0.4546671875 0.7389218750000001 0.4400875 0.721875 0.3874078125 0.693690625 0.344384375 0.6875421875 0.33271875 0.6744875 0.2973765625 0.693534375 0.2806328125 0.711665625 0.2746203125 0.7357 0.27339375 0.7780296875 0.2870703125 0.782103125 0.3068109375 0.753409375 0.3087359375 0.7589812499999999 0.3205390625 0.7487515625000001
16 0.36787187499999996 0.68745625 0.39335156250000003 0.6812984375 0.39635 0.6707375 0.3915640625 0.6524421874999999 0.3876125 0.6587625 0.35038125 0.66641875 0.3397875 0.6372296875 0.3349328125 0.630578125 0.325140625 0.6318265625 0.28681718749999996 0.658525 0.28461875000000003 0.6995250000000001 0.3249 0.6725749999999999 0.36787187499999996 0.68745625
16 0.33478281249999997 0.4895359375 0.332875 0.481053125 0.34175 0.46974218749999996 0.3867140625 0.4785515625 0.39569062499999996 0.44977656250000003 0.3732421875 0.4395515625 0.3528390625 0.414521875 0.34805312499999996 0.3962265625 0.328465625 0.398725 0.3146703125 0.415025 0.30489375 0.4133640625 0.2900578125 0.43997656249999995 0.293821875 0.4656734375 0.32791875 0.491865625 0.33478281249999997 0.4895359375
14 0.1220203125 0.3915984375 0.1453546875 0.41770781250000005 0.184853125 0.35741093749999997 0.168434375 0.3202390625 0.126075 0.3678125 0.1220203125 0.3915984375
14 0.2124421875 0.4920453125 0.24464843749999998 0.50684375 0.2584625 0.48763281249999996 0.226478125 0.4349953125 0.2018828125 0.4570359375 0.2124421875 0.4920453125