6 0.202921875 0 0.301684375 0.222890625 0.2959375 0.2349953125 0.21548906250000002 0.1554546875 0.17181875 0.13470625 0.09826718749999999 0.1381609375 0 0.19324687499999998 0 0.4890625 0.5422125 0.4890625 0.5637125000000001 0.437303125 0.5533703125 0.40445000000000003 0.462578125 0.34393125 0.43729375 0.22980781249999999 0.3596734375 0 0.202921875 0
13 0.2591625 0.324909375 0.2787 0.2747671875 0.24537031250000002 0.2488265625 0.22928125000000002 0.22116093750000002 0.21319062500000002 0.20733125000000002 0.18790625 0.203871875 0.14423593750000002 0.21770312500000003 0.11320937499999999 0.24364218750000002 0.0902203125 0.29205625 0.083328125 0.32317968750000003 0.1097609375 0.32145 0.14423593750000002 0.342203125 0.15228124999999998 0.3404734375 0.1856109375 0.324909375 0.2591625 0.324909375
13 0 0.4890625 0.1294421875 0.4890625 0.14423593750000002 0.4770734375 0.17181875 0.4770734375 0.21548906250000002 0.43211562499999995 0.284446875 0.3906203125 0.2924890625 0.37505625 0.2752515625 0.342203125 0.2591625 0.3283671875 0.20859531250000002 0.324909375 0.14883437500000002 0.34566093750000004 0.09596875 0.324909375 0.033909375000000005 0.359490625 0.0051781250000000004 0.4061796875 0 0.41708749999999994 0 0.4890625
13 0.2522671875 0.42174375 0.21548906250000002 0.4355734375 0.1605515625 0.4890625 0.20556875 0.4890625 0.21548906250000002 0.4805328125 0.2338796875 0.4805328125 0.2427875 0.4890625 0.40626249999999997 0.4890625 0.4051171875 0.46151406250000004 0.390175 0.442490625 0.36029374999999997 0.4390328125 0.3120265625 0.3940734375 0.289040625 0.3906203125 0.2522671875 0.42174375
13 0 0.41595468750000003 0.0431015625 0.33528437499999997 0.07758125 0.3145375 0.10861093749999999 0.25055625 0.13734375000000001 0.22116093750000002 0.206296875 0.203871875 0.22928125000000002 0.21770312500000003 0.243071875 0.24537187500000002 0.2706546875 0.269578125 0.283296875 0.26093125 0.29019062500000004 0.2332671875 0.21778749999999997 0.1589140625 0.17181875 0.13470625 0.10286406249999999 0.1381609375 0.07758125 0.162371875 0 0.1898359375 0 0.41595468750000003
6 0.5975984375000001 0 0.5890625 0.00304375 0.5890625 0.4890625 0.8148406250000001 0.4890625 0.8128609375 0.42558125 0.833546875 0.38460937500000003 0.8266546874999999 0.261690625 0.769190625 0.10599531250000001 0.7174734375 0.017901562500000003 0.674790625 0 0.5975984375000001 0
6 0.5866796875 1 0.5772859375 0.9646062499999999 0.41615156249999996 0.9004515625 0.3182890625 0.9938687500000001 0.3123453125 1 0.5866796875 1
13 0.394909375 0.5153875 0.392621875 0.5153875 0.3903359375 0.5184359374999999 0.38805 0.5184359374999999 0.3857640625 0.521484375 0.3834765625 0.521484375 0.381190625 0.52453125 0.3766171875 0.52453125 0.3720453125 0.530628125 0.3651859375 0.530628125 0.3640421875 0.5321515625 0.3640421875 0.5352 0.3651859375 0.5367234375 0.369759375 0.5367234375 0.3720453125 0.539771875 0.3857640625 0.539771875 0.38805 0.5428203125 0.4177734375 0.5428203125 0.420059375 0.5458671875000001 0.4360640625 0.5458671875000001 0.43834999999999996 0.5428203125 0.44063749999999996 0.5458671875000001 0.458928125 0.5458671875000001 0.4612140625 0.548915625 0.4863640625 0.548915625 0.4886515625 0.5519640625 0.4955109375 0.5519640625 0.49665312500000003 0.5504390625 0.498940625 0.5473921875000001 0.498940625 0.5382484375 0.49665312500000003 0.5352 0.49665312500000003 0.519959375 0.49436718749999997 0.5169109375 0.498940625 0.510815625 0.498940625 0.5047203125 0.5012265625000001 0.501671875 0.5012265625000001 0.49862343750000004 0.5035125 0.495575 0.5035125 0.49252812500000004 0.5061125 0.4890625 0.4029109375 0.4890625 0.4029109375 0.495575 0.4051984375 0.49862343750000004 0.4051984375 0.510815625 0.40405468750000006 0.5123390624999999 0.3971953125 0.5123390624999999 0.394909375 0.5153875
17 0.350325 0.5047203125 0.350325 0.5077671875 0.3480375 0.510815625 0.3480375 0.5138640624999999 0.3457515625 0.5169109375 0.34918125 0.521484375 0.3537546875 0.521484375 0.354896875 0.519959375 0.356040625 0.5184359374999999 0.3651859375 0.5184359374999999 0.367471875 0.5153875 0.3903359375 0.5153875 0.392621875 0.5123390624999999 0.3971953125 0.5123390624999999 0.39948125 0.5092921875 0.40176875 0.5092921875 0.4051984375 0.5047203125 0.4051984375 0.501671875 0.4029109375 0.49862343750000004 0.4029109375 0.4890625 0.3571828125 0.4890625 0.3571828125 0.4894796875 0.354896875 0.49252812500000004 0.354896875 0.495575 0.3526109375 0.49862343750000004 0.3526109375 0.501671875 0.350325 0.5047203125
12 0.580121875 1 0.58125 0.9984968750000001 0.58125 0.9954484375 0.5732468749999999 0.9847812499999999 0.568675 0.9847812499999999 0.5652453125 0.989353125 0.5652453125 0.9924015624999999 0.5629593749999999 0.9954484375 0.5629593749999999 0.9984968750000001 0.5640859375 1 0.580121875 1
3 0.477234375 1 0.47836249999999997 0.9984968750000001 0.47836249999999997 0.9954484375 0.4806484375 0.9924015624999999 0.4806484375 0.989353125 0.48293437499999997 0.9863046875 0.48293437499999997 0.9832578125 0.48522187499999997 0.9802093749999999 0.48179218749999997 0.9756375 0.46578749999999997 0.9756375 0.4635015625 0.9786843749999999 0.4429234375 0.9786843749999999 0.44063749999999996 0.9817328125 0.431490625 0.9817328125 0.4280609375 0.9771609375000001 0.4280609375 0.9680171874999999 0.42577499999999996 0.96496875 0.42577499999999996 0.9497296875 0.4234890625 0.9466812499999999 0.4234890625 0.9314406249999999 0.421203125 0.9283921875000001 0.421203125 0.9192484375 0.418915625 0.9162015625000001 0.418915625 0.904009375 0.4154859375 0.8994375 0.40977031249999996 0.9070562499999999 0.40977031249999996 0.9101046875 0.407484375 0.913153125 0.407484375 0.9162015625000001 0.4051984375 0.9192484375 0.4051984375 0.9253453125 0.4029109375 0.9283921875000001 0.4029109375 0.9314406249999999 0.40062499999999995 0.9344890625 0.40062499999999995 0.940584375 0.3983390625 0.9436328125 0.3983390625 0.9497296875 0.3960515625 0.9527765625000001 0.3960515625 0.9558249999999999 0.393765625 0.9588734375 0.393765625 0.96496875 0.3914796875 0.9680171874999999 0.3914796875 0.9741125 0.38919375 0.9771609375000001 0.38919375 0.9832578125 0.38690625 0.9863046875 0.38690625 1 0.477234375 1
6 1 0.4890625 0.7475484375 0.4890625 0.7118671875 0.5392046875000001 0.7141656249999999 0.7292171875 0.792315625 0.7598640624999999 1 0.7462953125 1 0.4890625
13 1 0.4890625 0.9601046875 0.4890625 0.9601046875 0.5024328125 0.9509124999999999 0.523884375 0.9509124999999999 0.5330796875 0.94171875 0.5606609375 0.94171875 0.566790625 0.9474656250000001 0.5744484375 0.95780625 0.5729171875 0.9612546875 0.5683234374999999 0.9681515624999999 0.5683234374999999 0.9704499999999999 0.5652578125 0.981940625 0.5652578125 0.9865375000000001 0.5713843749999999 0.993434375 0.5713843749999999 1 0.5626328125 1 0.4890625
13 0.792315625 0.7598640624999999 0.9405687500000001 0.7491359375 0.9555109375 0.73534375 0.9692999999999999 0.6863109374999999 0.964703125 0.637275 0.95780625 0.6188875 0.9302265625 0.5882421875 0.9440171875000001 0.5484 0.9440171875000001 0.5269484375 0.9601046875 0.5024328125 0.9601046875 0.4890625 0.8864578125 0.4890625 0.8762125 0.503965625 0.7915953124999999 0.4890625 0.7491796875000001 0.4890625 0.7141656249999999 0.5330796875 0.7141656249999999 0.6526 0.7210625 0.6709859375 0.7141656249999999 0.7292171875 0.761284375 0.75833125 0.792315625 0.7598640624999999