6 0.8701156250000001 0.4557296875 0.8916000000000001 0.4166671875 0.916015625 0.40234531249999994 0.9140625 0.3632828125 0.8896468750000001 0.3411453125 0.8310531250000001 0.3671875 0.7744125000000001 0.3333328125 0.771484375 0.2487 0.7548812500000001 0.2291671875 0.7197250000000001 0.2473953125 0.6982406250000001 0.2265625 0.6728500000000001 0.2317703125 0.6591781250000001 0.203125 0.5908187500000001 0.2005203125 0.5615218750000001 0.1588546875 0.49902187500000006 0.1510421875 0.41503750000000006 0.15625 0.354490625 0.1875 0.3203125 0.2252625 0.322265625 0.2591171875 0.337890625 0.2747421875 0.327146875 0.2994796875 0.280271875 0.2734375 0.267578125 0.2773453125 0.260740625 0.3072921875 0.23925625 0.2838546875 0.2109375 0.29557500000000003 0.201171875 0.3320328125 0.23046875 0.41536718749999996 0.2265625 0.44401250000000003 0.272459375 0.5390625 0.3525375 0.5833328125 0.453125 0.6002625 0.5849593750000001 0.5989578125 0.7255843750000001 0.5625 0.8701156250000001 0.4557296875
16 0.8427718750000001 0.4765625 0.8505843750000001 0.4583328125 0.8681625000000001 0.453125 0.8818343750000001 0.4140625 0.9033187500000001 0.40625 0.9140625 0.3945328125 0.90625 0.35026250000000003 0.8935531250000001 0.3411453125 0.8798812500000001 0.3489578125 0.8759750000000001 0.359375 0.8310531250000001 0.3723953125 0.8193343750000001 0.3932296875 0.8037093750000001 0.3932296875 0.7666000000000001 0.4140625 0.7197250000000001 0.4557296875 0.708984375 0.47265781249999994 0.708984375 0.49349218749999996 0.73046875 0.5429703124999999 0.7529281250000001 0.5390625 0.7900375000000001 0.5052078125 0.8427718750000001 0.4765625
16 0.2666 0.4010421875 0.27734375 0.38932500000000003 0.27734375 0.3763046875 0.267578125 0.3528671875 0.263671875 0.32682500000000003 0.255859375 0.3085953125 0.2431625 0.2890625 0.229490625 0.2864578125 0.21581875 0.2916671875 0.205078125 0.3059921875 0.201171875 0.3138046875 0.201171875 0.32682500000000003 0.21484375 0.3606796875 0.220703125 0.3841171875 0.234375 0.40755468749999996 0.241209375 0.4088546875 0.24706875 0.4036453125 0.2666 0.4010421875
16 0.337890625 0.3684921875 0.341796875 0.3606796875 0.341796875 0.3476578125 0.337890625 0.32682500000000003 0.319334375 0.296875 0.311521875 0.2916671875 0.268553125 0.28125 0.265625 0.28776250000000003 0.265625 0.3320328125 0.2734375 0.3476578125 0.2734375 0.3554703125 0.28515625 0.3867203125 0.29394375 0.3984375 0.298828125 0.39713750000000003 0.298828125 0.42317968749999996 0.326171875 0.46745000000000003 0.33300625 0.46875 0.341796875 0.45703281249999994 0.337890625 0.3684921875
16 0.568359375 0.29557500000000003 0.5703125 0.2929703125 0.5703125 0.26432500000000003 0.57421875 0.25651250000000003 0.572265625 0.2356796875 0.57421875 0.2252625 0.58203125 0.2096375 0.5751937500000001 0.2005203125 0.5634750000000001 0.203125 0.5556625000000001 0.1979171875 0.5185531250000001 0.1979171875 0.513671875 0.201825 0.51171875 0.2747421875 0.50390625 0.2981796875 0.50390625 0.3242203125 0.5126937500000001 0.3359375 0.537109375 0.3450546875 0.5595687500000001 0.3411453125 0.572265625 0.3294296875 0.568359375 0.29557500000000003
16 0.6953125 0.2903671875 0.681640625 0.2539078125 0.673828125 0.2460953125 0.669921875 0.2070328125 0.6318343750000001 0.2005203125 0.625 0.2070328125 0.625 0.2148453125 0.642578125 0.2513046875 0.630859375 0.2747421875 0.630859375 0.2851578125 0.63671875 0.28776250000000003 0.634765625 0.3007828125 0.64453125 0.3945328125 0.6552718750000001 0.4010421875 0.685546875 0.44401250000000003 0.689453125 0.44140781249999994 0.69921875 0.3919296875 0.6953125 0.2903671875
16 0.7275375000000001 0.3828125 0.7373031250000001 0.3776046875 0.7421875 0.3710953125 0.7421875 0.3606796875 0.7470687500000001 0.3541671875 0.7646468750000001 0.34375 0.771484375 0.3294296875 0.775390625 0.3085953125 0.771484375 0.2929703125 0.7734375 0.27213750000000003 0.771484375 0.25651250000000003 0.767578125 0.2434921875 0.7568343750000001 0.2317703125 0.7490218750000001 0.2291671875 0.7373031250000001 0.2317703125 0.724609375 0.2434921875 0.720703125 0.2539078125 0.71875 0.2825546875 0.720703125 0.2981796875 0.697265625 0.32682500000000003 0.701171875 0.38932500000000003 0.7138656250000001 0.3880203125 0.7177718750000001 0.3828125 0.7275375000000001 0.3828125
16 0.568359375 0.514325 0.5576156250000001 0.4947921875 0.5380843750000001 0.4895828125 0.533203125 0.48307500000000003 0.5185531250000001 0.4453125 0.5107406250000001 0.4427078125 0.48339687500000006 0.4505203125 0.47167812500000006 0.4479171875 0.46191250000000006 0.4401046875 0.44628750000000006 0.4166671875 0.43359375 0.41015781249999994 0.421875 0.45182500000000003 0.421875 0.47786718749999996 0.43066250000000006 0.4921875 0.49511562500000006 0.5416671875 0.5244125000000001 0.5338546875 0.544921875 0.545575 0.5576156250000001 0.5442703125 0.564453125 0.5351578124999999 0.568359375 0.514325
16 0.381834375 0.5677078125 0.38769375 0.5625 0.41113125000000006 0.5572921875 0.41699062500000006 0.5546875 0.419921875 0.5481796875 0.4140625 0.5091171875 0.400390625 0.48567968749999996 0.40234375 0.44661718749999996 0.39550625 0.4348953125 0.37988125 0.4322921875 0.3681625 0.4375 0.361328125 0.44661718749999996 0.36328125 0.46745000000000003 0.361328125 0.47265781249999994 0.3525375 0.4765625 0.337890625 0.49870000000000003 0.3359375 0.5195328124999999 0.337890625 0.5377625 0.3359375 0.5507828124999999 0.330078125 0.5559921875 0.330078125 0.5638046875 0.3369125 0.5703125 0.353515625 0.5742203124999999 0.358396875 0.5755203125 0.366209375 0.5703125 0.381834375 0.5677078125
21 0.333984375 0.49870000000000003 0.311521875 0.4635421875 0.29785 0.4557296875 0.28613125 0.4557296875 0.2666 0.4739578125 0.256834375 0.4791671875 0.251953125 0.48567968749999996 0.251953125 0.49349218749999996 0.26171875 0.5091171875 0.265625 0.5221375 0.284178125 0.546875 0.3125 0.5612 0.3212875 0.5598953125 0.3359375 0.5403671875 0.333984375 0.49870000000000003
16 0.6416000000000001 0.5833328125 0.6630843750000001 0.5755203125 0.6728500000000001 0.5755203125 0.681640625 0.5690125 0.681640625 0.5559921875 0.6689437500000001 0.53125 0.6435531250000001 0.5260421875 0.6162093750000001 0.5104171875 0.6005843750000001 0.5104171875 0.59375 0.5169296875 0.591796875 0.5273453124999999 0.580078125 0.5429703124999999 0.578125 0.5507828124999999 0.58203125 0.5716171875 0.591796875 0.5872421875 0.6083968750000001 0.5885421875 0.6103500000000001 0.5859375 0.6416000000000001 0.5833328125
16 0.52734375 0.40755468749999996 0.52734375 0.37370000000000003 0.5107406250000001 0.3463546875 0.49902187500000006 0.3385421875 0.47363125000000006 0.3385421875 0.45605312500000006 0.3515625 0.4453125 0.3763046875 0.4453125 0.3841171875 0.44140625 0.3919296875 0.44140625 0.39713750000000003 0.453125 0.42578281249999994 0.46191250000000006 0.4375 0.474609375 0.44661718749999996 0.49902187500000006 0.4479171875 0.5166000000000001 0.4375 0.52734375 0.40755468749999996