6 0.3095703125 0 0.30078125 0.0511078125 0.302734375 0.07447187499999999 0.294921875 0.0803125 0.29296875 0.0978359375 0.31640625 0.159165625 0.314453125 0.1883703125 0.3310546875 0.21319531249999998 0.416015625 0.243859375 0.5556640625 0.2102734375 0.556640625 0.1445640625 0.55078125 0.138721875 0.5390625 0.06863125 0.5224609375 0.0671703125 0.5126953125 0.049648437499999996 0.5009765625 0.046728124999999995 0.4697265625 0 0.3095703125 0
6 0.6826171875 0.9783593749999999 0.685546875 0.9652171875000001 0.6806640625 0.9608359375 0.65234375 0.9564546875 0.6728515625 0.905346875 0.6865234375 0.9111874999999999 0.7060546875 0.9433140625 0.7333984375 0.9403921875 0.751953125 0.9068078125 0.75390625 0.8717609375 0.763671875 0.8600796875000001 0.763671875 0.8396359375 0.7822265625 0.8381765624999999 0.802734375 0.8221140625000001 0.796875 0.7549421875 0.76171875 0.7432609375 0.7978515625 0.7388796875 0.8408203125 0.7125953125 0.84765625 0.676090625 0.869140625 0.6614875 0.845703125 0.6264421875 0.84765625 0.6118390625 0.8564453125 0.6103796874999999 0.8623046875 0.630821875 0.8759765625 0.63374375 0.875 0.6118390625 0.8837890625 0.6103796874999999 0.890625 0.591396875 0.888671875 0.5534296875 0.861328125 0.5125437500000001 0.826171875 0.433690625 0.837890625 0.40156562500000004 0.81640625 0.3665203125 0.826171875 0.3256328125 0.6826171875 0.16062656250000001 0.677734375 0.1679265625 0.685546875 0.1825296875 0.6845703125 0.195671875 0.6689453125 0.20735312499999997 0.6201171875 0.2102734375 0.6162109375 0.22779687499999998 0.5908203125 0.1781484375 0.5673828125 0.175228125 0.5625 0.1825296875 0.556640625 0.3460765625 0.5625 0.3869625 0.5546875 0.48917968749999996 0.55859375 0.5329859375 0.572265625 0.5534296875 0.5546875 0.5651125 0.5546875 0.6381234375 0.560546875 0.646884375 0.5361328125 0.651265625 0.5048828125 0.671709375 0.494140625 0.6906921875 0.498046875 0.7169765625 0.513671875 0.752021875 0.490234375 0.766625 0.490234375 0.8162734374999999 0.5126953125 0.8410968750000001 0.5185546875 0.8177328125000001 0.53515625 0.81043125 0.521484375 0.830875 0.51953125 0.868840625 0.541015625 0.91556875 0.53515625 0.9301718749999999 0.55859375 0.9681374999999999 0.556640625 0.9827390625 0.57421875 0.9973421874999999 0.5986328125 0.99588125 0.6181640625 0.9812796875 0.6396484375 0.99588125 0.6455078125 0.9812796875 0.6826171875 0.9783593749999999
6 0.26171875 0.8162734374999999 0.2646484375 0.7943687500000001 0.279296875 0.79875 0.2861328125 0.8323359375000001 0.2998046875 0.8323359375000001 0.3056640625 0.820653125 0.3232421875 0.82649375 0.326171875 0.8337953125 0.3125 0.8513187500000001 0.3125 0.8717609375 0.3466796875 0.9082671875000001 0.3818359375 0.905346875 0.4033203125 0.8907453125 0.423828125 0.8221140625000001 0.4130859375 0.788528125 0.3779296875 0.788528125 0.3720703125 0.7710046875 0.36328125 0.766625 0.3701171875 0.73011875 0.3525390625 0.7418 0.3447265625 0.73011875 0.310546875 0.719896875 0.296875 0.6644078125 0.3056640625 0.6425046875 0.326171875 0.6293624999999999 0.326171875 0.6118390625 0.3125 0.5738734375 0.2939453125 0.546128125 0.2646484375 0.5402875 0.2421875 0.5592703125 0.2529296875 0.6103796874999999 0.2099609375 0.619140625 0.2021484375 0.619140625 0.2001953125 0.6103796874999999 0.1630859375 0.6133 0.134765625 0.6702484375 0.12890625 0.699453125 0.111328125 0.7052953125 0.1591796875 0.715515625 0.1689453125 0.7447203124999999 0.1845703125 0.7418 0.1875 0.7578625 0.1669921875 0.768084375 0.1474609375 0.7564031250000001 0.1142578125 0.7593234375 0.1015625 0.792909375 0.1083984375 0.8060515625000001 0.1513671875 0.8177328125000001 0.2060546875 0.7826875 0.21484375 0.7870671875 0.17578125 0.8980453125000001 0.22265625 0.9447734375 0.2333984375 0.9462343750000001 0.294921875 0.8922046874999999 0.29296875 0.8659203124999999 0.28125 0.8367156250000001 0.26171875 0.8162734374999999
3 0.3349609375 0.7943687500000001 0.333984375 0.830875 0.3486328125 0.8644609375 0.36328125 0.8659203124999999 0.4111328125 0.861540625 0.42578125 0.8250343750000001 0.41796875 0.792909375 0.3916015625 0.7856078125 0.3349609375 0.7943687500000001
3 0.3466796875 0.8644609375 0.337890625 0.8396359375 0.3271484375 0.8323359375000001 0.3125 0.8483984375 0.310546875 0.868840625 0.337890625 0.9068078125 0.3818359375 0.9082671875000001 0.4052734375 0.893665625 0.4140625 0.877603125 0.4091796875 0.8644609375 0.3466796875 0.8644609375
13 0.26171875 0.7724656249999999 0.2783203125 0.7593234375 0.3271484375 0.7914484374999999 0.3388671875 0.768084375 0.353515625 0.766625 0.34375 0.7637046875 0.349609375 0.7491015625 0.3447265625 0.7330390625 0.2705078125 0.7271984375 0.2431640625 0.7476421875 0.216796875 0.784146875 0.177734375 0.895125 0.1962890625 0.9228703125 0.220703125 0.941853125 0.2333984375 0.9433140625 0.294921875 0.8892843750000001 0.279296875 0.8367156250000001 0.259765625 0.8250343750000001 0.26171875 0.7724656249999999
21 0.1650390625 0.6103796874999999 0.154296875 0.6293624999999999 0.16015625 0.7111359375 0.166015625 0.7374203125000001 0.177734375 0.74618125 0.1875 0.7374203125000001 0.185546875 0.6702484375 0.19140625 0.635203125 0.1806640625 0.6103796874999999 0.1650390625 0.6103796874999999
21 0.2041015625 0.6541859375 0.193359375 0.6673281249999999 0.19140625 0.6877718749999999 0.19921875 0.7023734375 0.2138671875 0.703834375 0.224609375 0.6877718749999999 0.2265625 0.6673281249999999 0.2177734375 0.6541859375 0.2041015625 0.6541859375
21 0.205078125 0.719896875 0.20703125 0.7578625 0.216796875 0.7753859375000001 0.2294921875 0.7710046875 0.2421875 0.74618125 0.2216796875 0.6629484375 0.22265625 0.6848515625 0.205078125 0.719896875
21 0.2734375 0.7228171875 0.29296875 0.7257374999999999 0.3115234375 0.724278125 0.310546875 0.7052953125 0.2978515625 0.6746296875 0.2841796875 0.6746296875 0.2734375 0.7228171875
21 0.5703125 0.8337953125 0.578125 0.8513187500000001 0.615234375 0.84255625 0.607421875 0.760784375 0.6005859375 0.7447203124999999 0.56640625 0.760784375 0.5703125 0.8337953125
21 0.734375 0.9243296875 0.75 0.9126484375 0.75390625 0.868840625 0.7119140625 0.86738125 0.712890625 0.88344375 0.734375 0.9243296875
21 0.5830078125 0.5578109375 0.5595703125 0.554890625 0.5546875 0.562190625 0.5546875 0.6439640625 0.5615234375 0.645425 0.580078125 0.6176796875 0.564453125 0.6001578125 0.58984375 0.5797140625 0.5830078125 0.5578109375
21 0.4140625 0.8659203124999999 0.419921875 0.8892843750000001 0.43359375 0.9009671875 0.4404296875 0.9024265625 0.484375 0.8542390624999999 0.4794921875 0.82649375 0.4560546875 0.820653125 0.4140625 0.8659203124999999
3 0.5732421875 0.6045375 0.59375 0.6206015625 0.6015625 0.6498062499999999 0.6689453125 0.6220609375 0.68359375 0.5738734375 0.6435546875 0.5578109375 0.5712890625 0.5899359375000001 0.5732421875 0.6045375
3 0.56640625 0.6673281249999999 0.5576171875 0.6483453124999999 0.5439453125 0.645425 0.498046875 0.676090625 0.49609375 0.7111359375 0.517578125 0.7578625 0.5341796875 0.7564031250000001 0.54296875 0.7432609375 0.54296875 0.719896875 0.564453125 0.6877718749999999 0.56640625 0.6673281249999999
13 0.4306640625 0 0.373046875 0.02774375 0.3779296875 0.06425 0.4228515625 0.07301250000000001 0.4453125 0.09199531250000001 0.4609375 0.08615468750000001 0.4609375 0.0598703125 0.48046875 0.02774375 0.4697265625 0 0.4306640625 0
13 0.6591796875 0.4088671875 0.6689453125 0.4117875 0.6787109375 0.429309375 0.6845703125 0.4263890625 0.6923828125 0.4439125 0.703125 0.43953125000000004 0.6826171875 0.4059453125 0.6474609375 0.385503125 0.6064453125 0.3154109375 0.5966796875 0.312490625 0.591796875 0.328553125 0.607421875 0.3869625 0.591796875 0.43661093749999996 0.603515625 0.4628953125 0.6171875 0.530065625 0.6455078125 0.5315265625000001 0.671875 0.5125437500000001 0.67578125 0.4687359375 0.65625 0.4161671875 0.6591796875 0.4088671875
21 0.6220703125 0.30665 0.6171875 0.33439375 0.623046875 0.34315625 0.6728515625 0.3300140625 0.677734375 0.2935078125 0.6669921875 0.28620625 0.6435546875 0.3037296875 0.6220703125 0.30665
3 0.6748046875 0.32709375 0.6259765625 0.344615625 0.626953125 0.3577578125 0.640625 0.3723609375 0.6787109375 0.365059375 0.6875 0.348996875 0.689453125 0.3256328125 0.6865234375 0.3358546875 0.6748046875 0.32709375
18 0.3515625 0.0715515625 0.3544921875 0.096375 0.3701171875 0.090534375 0.388671875 0.10075624999999999 0.4091796875 0.096375 0.421875 0.0832328125 0.3974609375 0.0671703125 0.3564453125 0.06425 0.3515625 0.0715515625
16 0.642578125 0.830875 0.642578125 0.8250343750000001 0.626953125 0.77830625 0.626953125 0.766625 0.6201171875 0.7534828124999999 0.6103515625 0.7534828124999999 0.609375 0.7812265625 0.61328125 0.7958296875 0.611328125 0.81043125 0.61328125 0.8133515625 0.615234375 0.8396359375 0.6171875 0.84255625 0.6171875 0.857159375 0.6201171875 0.861540625 0.6337890625 0.861540625 0.6484375 0.8746828125 0.65234375 0.8746828125 0.65234375 0.868840625 0.646484375 0.8513187500000001 0.646484375 0.84255625 0.642578125 0.830875
16 0.474609375 0.17376875 0.47265625 0.1708484375 0.47265625 0.1620859375 0.470703125 0.159165625 0.470703125 0.153325 0.46875 0.1504046875 0.46875 0.14164375 0.466796875 0.138721875 0.466796875 0.13288125 0.46484375 0.12996093749999998 0.46484375 0.127040625 0.4560546875 0.11389843749999999 0.4462890625 0.11389843749999999 0.4443359375 0.110978125 0.4384765625 0.11681875 0.4365234375 0.11681875 0.43359375 0.1241203125 0.435546875 0.127040625 0.435546875 0.13288125 0.4375 0.1358015625 0.4375 0.14164375 0.439453125 0.1445640625 0.439453125 0.1562453125 0.44140625 0.159165625 0.44140625 0.16500625 0.443359375 0.1679265625 0.443359375 0.17376875 0.447265625 0.17960937500000002 0.4482421875 0.18106875 0.4658203125 0.18106875 0.4677734375 0.1781484375 0.4736328125 0.1781484375 0.474609375 0.17376875