6 0 0 0 0.4796875 0.2890625 0.4796875 0.2890625 0 0 0
14 0.0566984375 0.19127031249999998 0.042878125 0.2294140625 0.042878125 0.31916406249999996 0.0748390625 0.4796875 0.206371875 0.4796875 0.2087390625 0.31916406249999996 0.18486093750000002 0.1419078125 0.14968125000000002 0.1419078125 0.1346015625 0.159859375 0.0843421875 0.17331875000000002 0.0566984375 0.19127031249999998
14 0 0.46827500000000005 0.0365953125 0.46052031250000003 0.0479046875 0.44930624999999996 0.0479046875 0.3685265625 0.040365625 0.31916406249999996 0.042878125 0.18453906250000002 0.026542187499999998 0.1643484375 0 0.1607015625 0 0.46827500000000005
17 0.077690625 0 0.06298125 0.15761562499999998 0.090625 0.1621046875 0.139628125 0.15088437500000002 0.14968125000000002 0.1374203125 0.16978437500000002 0.1374203125 0.17606875 0.1262 0.1735546875 0.063378125 0.19994218749999998 0.0342046875 0.21909843750000002 0 0.077690625 0
6 0.31533125 0 0.2890625 0.022721875 0.2890625 0.4796875 1 0.4796875 1 0 0.610071875 0 0.6101640625 0.0037859375000000002 0.6058703125 0 0.31533125 0
16 0.4442375 0 0.4304671875 0.00503125 0.362353125 0.016432812499999998 0.33559375 0.0278390625 0.2890625 0.03066875 0.2890625 0.1411109375 0.35383593750000003 0.16467343750000002 0.42073593750000005 0.21354531250000003 0.5581828125 0.2200625 0.6396796874999999 0.24287031250000002 0.6956296875 0.2265796875 0.6992796875 0.20703125 0.70779375 0.179334375 0.722390625 0.1467546875 0.7211734375 0.1174328125 0.7138765625 0.0832234375 0.71995625 0.0539015625 0.6761703125 0.0294640625 0.5569671875 0.008290625 0.4935359375 0 0.4442375 0
14 1 0.2906625 0.9720359375 0.2865046875 0.7785359374999999 0.1956296875 0.7483796875000001 0.2023609375 0.6390640624999999 0.4127140625 0.6340359375 0.44637031250000003 0.6444 0.4796875 1 0.4796875 1 0.2906625
17 0.6214703125 0.24779843750000002 0.5599031250000001 0.2023609375 0.49707656250000004 0.20909375 0.48325625 0.227603125 0.5109 0.2713578125 0.4656640625 0.368959375 0.528490625 0.4093484375 0.54985 0.40429843749999994 0.5724671875 0.3605484375 0.6126765625 0.3605484375 0.6264968750000001 0.294915625 0.6214703125 0.24779843750000002
13 0.3802203125 0.32184375 0.412890625 0.2208703125 0.316140625 0.1316828125 0.2890625 0.089021875 0.2890625 0.4796875 0.3101921875 0.4796875 0.3123703125 0.46656718750000004 0.3337296875 0.4345890625 0.4078640625 0.44300468750000005 0.3802203125 0.3958890625 0.3802203125 0.32184375
6 0.2890625 1 0.2890625 0.4796875 0.2184734375 0.4796875 0.1826640625 0.5174875 0.1625546875 0.5828484375 0.1147875 0.6280953125 0.10221875 0.6909468750000001 0.1525 0.7211109375 0.09719375 0.7915015624999999 0.1198171875 0.889546875 0.161296875 0.9285125000000001 0.19900625 0.9285125000000001 0.23545625 0.9549078124999999 0.256353125 1 0.2890625 1
6 1 0.7134890625 0.9972546875000001 0.7134890625 0.9939203125 0.7109875 0.970575 0.7109875 0.9672390625 0.7134890625 0.957234375 0.7134890625 0.9555671875 0.7147390625 0.9555671875 0.717240625 0.95223125 0.719740625 0.95223125 0.72474375 0.948896875 0.72724375 0.948896875 0.7297453125 0.94389375 0.7334968749999999 0.92721875 0.7334968749999999 0.9255515624999999 0.7322453125 0.9288859374999999 0.7297453125 0.9205484374999999 0.7234921875 0.9172140625 0.7234921875 0.9138796875 0.72599375 0.9105437500000001 0.72599375 0.9072093750000001 0.7234921875 0.9038734375 0.7234921875 0.8972031250000001 0.718490625 0.89386875 0.718490625 0.888865625 0.7147390625 0.888865625 0.7122375 0.8838640625 0.7084859375 0.87719375 0.7084859375 0.8671890624999999 0.7009828125 0.863853125 0.7009828125 0.86051875 0.703484375 0.8538484375 0.703484375 0.8521812499999999 0.7047343749999999 0.8521812499999999 0.7097375 0.8538484375 0.7109875 0.8571828125 0.7109875 0.8588515624999999 0.7122375 0.8588515624999999 0.717240625 0.8621859374999999 0.719740625 0.8621859374999999 0.7322453125 0.8588515624999999 0.734746875 0.8588515624999999 0.7422500000000001 0.8621859374999999 0.7447515625000001 0.8571828125 0.7485031249999999 0.8538484375 0.7485031249999999 0.8505140625 0.751003125 0.8471781249999999 0.751003125 0.8438437499999999 0.7535046875 0.8371734375000001 0.7535046875 0.8355062500000001 0.7547546875 0.8355062500000001 0.75725625 0.8305031250000001 0.7610078125 0.8238328125000001 0.7610078125 0.8204984375000001 0.763509375 0.8171625 0.763509375 0.813828125 0.7610078125 0.81049375 0.7610078125 0.8071578125000001 0.763509375 0.8038234375 0.763509375 0.8004875 0.766009375 0.797153125 0.766009375 0.79381875 0.7685109375 0.7804781249999999 0.7685109375 0.7771421875 0.766009375 0.7704734375 0.766009375 0.763803125 0.7610078125 0.7537984375 0.7610078125 0.7504625 0.75850625 0.7471281249999999 0.75850625 0.7421249999999999 0.7547546875 0.7421249999999999 0.7522546875 0.7404578125 0.751003125 0.7371218749999999 0.751003125 0.730453125 0.7460015624999999 0.7271171875 0.7460015624999999 0.7237828125 0.7434999999999999 0.7137781249999999 0.7434999999999999 0.7104421875 0.741 0.7037718749999999 0.741 0.7004374999999999 0.7384984375 0.6971015625 0.7384984375 0.6937671875 0.735996875 0.6904328125 0.735996875 0.687096875 0.7334968749999999 0.6837625 0.7334968749999999 0.6804265625 0.7309953124999999 0.6770921875 0.7309953124999999 0.670421875 0.72599375 0.6670874999999999 0.72599375 0.6637515625 0.7234921875 0.6604171875 0.7234921875 0.6520796875 0.717240625 0.6520796875 0.7147390625 0.6470765625 0.7109875 0.6404062500000001 0.7109875 0.637071875 0.7084859375 0.6270671875 0.7084859375 0.6170609375 0.7009828125 0.6137265625 0.7009828125 0.6103921875 0.6984828125 0.603721875 0.6984828125 0.6003859375 0.69598125 0.5970515625 0.69598125 0.5920484375 0.6922296875 0.5920484375 0.6772234375 0.5687031250000001 0.659715625 0.5687031250000001 0.6547140625 0.5420234374999999 0.63470625 0.5420234374999999 0.6322046875 0.54035625 0.6309546874999999 0.537021875 0.6309546874999999 0.5303515625 0.6259515625 0.527015625 0.6259515625 0.52368125 0.6234515625 0.5203453125 0.6234515625 0.5136765624999999 0.6184484375 0.510340625 0.6184484375 0.5053390624999999 0.614696875 0.5053390624999999 0.612196875 0.5086734374999999 0.6096953125 0.49700156250000005 0.6009421875000001 0.49366562500000005 0.6009421875000001 0.48866250000000006 0.597190625 0.48866250000000006 0.5921875 0.48199375 0.5871859374999999 0.48199375 0.5846843749999999 0.4786578125 0.582184375 0.4786578125 0.5796828125 0.4753234375 0.57718125 0.4753234375 0.57468125 0.468653125 0.569678125 0.468653125 0.5671781250000001 0.46531874999999995 0.5646765625 0.46531874999999995 0.562175 0.45864843750000006 0.5571734375 0.45864843750000006 0.554671875 0.45364531250000006 0.5509203125 0.4403046875 0.5509203125 0.4369703125 0.5484203125 0.4303 0.5484203125 0.42696562499999996 0.5509203125 0.42362968749999996 0.5509203125 0.42029531249999996 0.5484203125 0.410290625 0.5484203125 0.4036203125 0.5434171875 0.39361562499999997 0.5434171875 0.39027968749999997 0.5409171875000001 0.38027500000000003 0.5409171875000001 0.376940625 0.5434171875 0.3736046875 0.5434171875 0.366934375 0.5484203125 0.350259375 0.5484203125 0.34692500000000004 0.5509203125 0.3435890625 0.5509203125 0.3369203125 0.5559234375 0.3269140625 0.5559234375 0.3235796875 0.5584234375 0.2969 0.5584234375 0.2935640625 0.560925 0.2890625 0.560925 0.2890625 1 0.7119203125 1 0.7137781249999999 0.9986062499999999 0.7237828125 0.9986062499999999 0.72545 0.9998578124999999 0.72545 1 0.7421249999999999 1 0.7421249999999999 0.9948546875 0.7437921875 0.9936046875000001 0.7504625 0.9936046875000001 0.7537984375 0.9911031250000001 0.7571328125 0.9911031250000001 0.7604671875 0.988603125 0.7771421875 0.988603125 0.7904828125 0.9986062499999999 0.797153125 0.9986062499999999 0.7990109375000001 1 0.835315625 1 0.8371734375000001 0.9986062499999999 0.8438437499999999 0.9986062499999999 0.8488453125 0.9948546875 0.8438437499999999 0.9911031250000001 0.8371734375000001 0.9911031250000001 0.8338390625000001 0.988603125 0.82716875 0.988603125 0.8255015625000001 0.9873515625 0.82716875 0.9861015625 0.86051875 0.9861015625 0.8621859374999999 0.9848515624999999 0.8621859374999999 0.9723453125000001 0.8671890624999999 0.9685937499999999 0.873859375 0.9735968749999999 0.8838640625 0.9735968749999999 0.888865625 0.9773484375000001 0.888865625 0.9798484375 0.88553125 0.98235 0.888865625 0.9848515624999999 0.888865625 0.9873515625 0.89386875 0.9911031250000001 0.9138796875 0.9911031250000001 0.9155468750000001 0.9923546875 0.9155468750000001 0.9973562499999999 0.919071875 1 0.9253609375 1 0.92721875 0.9986062499999999 0.9338890624999999 0.9986062499999999 0.9357468750000001 1 0.9657625 1 0.965571875 0.9998578124999999 0.965571875 0.9923546875 0.9789125000000001 0.98235 0.9789125000000001 0.9798484375 0.9839140625 0.976096875 0.9939203125 0.976096875 0.998921875 0.9723453125000001 0.9955875000000001 0.9698453125000001 0.9955875000000001 0.9648421875000001 0.9939203125 0.9635921875 0.9905843750000001 0.9635921875 0.9889171875 0.9623421875 0.9889171875 0.9573390625 0.9789125000000001 0.9498359375 0.9789125000000001 0.9473359374999999 0.9822468750000001 0.9448343749999999 0.9822468750000001 0.9423328124999999 0.9805796875 0.9410828125 0.9672390625 0.9410828125 0.965571875 0.9398328125000001 0.965571875 0.9373312500000001 0.9672390625 0.93608125 0.970575 0.93858125 0.9739093750000001 0.93858125 0.9772437500000001 0.93608125 0.9939203125 0.93608125 0.9955875000000001 0.9373312500000001 0.9955875000000001 0.9423328124999999 0.9889171875 0.9473359374999999 0.9889171875 0.9548390625 0.9955875000000001 0.959840625 0.9955875000000001 0.9623421875 0.9972546875000001 0.9635921875 1 0.9635921875 1 0.8915046875 0.9939203125 0.8960640625 0.9905843750000001 0.8960640625 0.9889171875 0.8948140625000001 0.9889171875 0.8923125000000001 0.9872500000000001 0.8910625 0.9739093750000001 0.8910625 0.9722421875 0.8898109375000001 0.9722421875 0.8873109375 0.9739093750000001 0.886059375 0.9805796875 0.886059375 0.9839140625 0.8835593749999999 0.9872500000000001 0.8835593749999999 0.9905843750000001 0.886059375 0.9972546875000001 0.886059375 0.998921875 0.884809375 0.998921875 0.8823078125 0.9972546875000001 0.8810578124999999 0.9905843750000001 0.8810578124999999 0.9772437500000001 0.8710531250000001 0.9739093750000001 0.8710531250000001 0.9722421875 0.869803125 0.9722421875 0.8673015625 0.9689062500000001 0.8648015625 0.9689062500000001 0.8623 0.9739093750000001 0.8585484375 0.9772437500000001 0.8585484375 0.9805796875 0.856046875 0.9872500000000001 0.856046875 0.9905843750000001 0.8535468749999999 0.9939203125 0.8535468749999999 0.9972546875000001 0.8510453124999999 1 0.8510453124999999 1 0.7134890625
13 0.5937171875 0.8910625 0.5970515625 0.8935625 0.6003859375 0.8935625 0.603721875 0.8960640625 0.6087234375 0.8923125000000001 0.6087234375 0.8873109375 0.6120593750000001 0.884809375 0.6120593750000001 0.8823078125 0.6170609375 0.8785562499999999 0.620396875 0.8785562499999999 0.62373125 0.8760562500000001 0.6270671875 0.8760562500000001 0.63206875 0.8723046875 0.63206875 0.8673015625 0.6387390625 0.8623 0.6387390625 0.8597984375 0.642075 0.8572984375000001 0.642075 0.8472937500000001 0.6437421875 0.84604375 0.6470765625 0.84604375 0.6504125000000001 0.8435421875 0.6537468750000001 0.8435421875 0.6637515625 0.8360390625 0.6670874999999999 0.8360390625 0.678759375 0.8272859374999999 0.678759375 0.8222828124999999 0.6820953125 0.8197828125 0.6820953125 0.8122796875 0.6854296875 0.809778125 0.6854296875 0.8047765625000001 0.6820953125 0.8022750000000001 0.6820953125 0.7997734375000001 0.678759375 0.7972734375 0.678759375 0.794771875 0.6687546875 0.78726875 0.6687546875 0.7822671875 0.6654203125 0.779765625 0.6654203125 0.7772640625 0.6604171875 0.7735125 0.6337375 0.7735125 0.6304015625 0.7760140625 0.620396875 0.7760140625 0.6170609375 0.778515625 0.6070562500000001 0.778515625 0.603721875 0.781015625 0.5970515625 0.781015625 0.5937171875 0.7835171875 0.5837109375 0.7835171875 0.577040625 0.7885187499999999 0.5737062500000001 0.7885187499999999 0.5220140625 0.8272859374999999 0.5220140625 0.8297859375 0.51534375 0.8347890625 0.51534375 0.8372890625 0.5120078125 0.839790625 0.5120078125 0.8422921875 0.502003125 0.8497953125000001 0.502003125 0.8522953125000001 0.49866875000000005 0.8547968750000001 0.49866875000000005 0.8572984375000001 0.49533281249999994 0.8597984375 0.49533281249999994 0.8748046875 0.49199843750000005 0.87730625 0.49199843750000005 0.8823078125 0.49533281249999994 0.884809375 0.49533281249999994 0.8873109375 0.49866875000000005 0.8898109375000001 0.49866875000000005 0.8923125000000001 0.5003359374999999 0.8935625 0.50700625 0.8935625 0.510340625 0.8960640625 0.5170109375 0.8960640625 0.5203453125 0.898565625 0.52368125 0.898565625 0.527015625 0.901065625 0.5336859375 0.901065625 0.537021875 0.9035671875 0.54035625 0.9035671875 0.543690625 0.90606875 0.5503609375 0.90606875 0.553696875 0.90856875 0.5670359375 0.90856875 0.5687031250000001 0.90731875 0.570371875 0.90606875 0.5737062500000001 0.90606875 0.577040625 0.9035671875 0.5837109375 0.9035671875 0.587046875 0.901065625 0.59038125 0.901065625 0.5920484375 0.8998156249999999 0.5920484375 0.8973140624999999 0.5887140625 0.8948140625000001 0.5887140625 0.8923125000000001 0.5853796874999999 0.8898109375000001 0.587046875 0.8885609375 0.59038125 0.8910625 0.5937171875 0.8910625
13 0.4786578125 0.9473359374999999 0.480325 0.9485859375000001 0.48199375 0.9473359374999999 0.480325 0.9460843750000001 0.4786578125 0.9473359374999999
13 0.5386890625 1 0.5386890625 0.9798484375 0.535353125 0.9773484375000001 0.535353125 0.9723453125000001 0.53201875 0.9698453125000001 0.53201875 0.9648421875000001 0.5286828125 0.9623421875 0.5286828125 0.959840625 0.5253484375 0.9573390625 0.5253484375 0.9523375 0.5220140625 0.9498359375 0.5220140625 0.9473359374999999 0.518678125 0.9448343749999999 0.518678125 0.9423328124999999 0.5086734374999999 0.9348296875000001 0.5086734374999999 0.9323296875 0.502003125 0.9273265625 0.502003125 0.9248265625000001 0.49366562500000005 0.9185734374999999 0.476990625 0.9185734374999999 0.47365625 0.9210750000000001 0.4703203125 0.9210750000000001 0.46698593749999995 0.9235749999999999 0.46031562499999995 0.9235749999999999 0.45698125 0.9210750000000001 0.446975 0.9210750000000001 0.4319671875 0.9323296875 0.4319671875 0.9348296875000001 0.42863281249999996 0.9373312500000001 0.42863281249999996 0.9423328124999999 0.42529843749999996 0.9448343749999999 0.42529843749999996 0.9523375 0.42196249999999996 0.9548390625 0.42196249999999996 0.9623421875 0.418628125 0.9648421875000001 0.418628125 0.9748468750000001 0.41529218749999997 0.9773484375000001 0.41529218749999997 0.9798484375 0.4319671875 0.9923546875 0.4319671875 0.9948546875 0.43363593749999996 0.9961062500000001 0.4369703125 0.9961062500000001 0.443640625 0.9911031250000001 0.446975 0.9911031250000001 0.45698125 0.9986062499999999 0.46031562499999995 0.9986062499999999 0.4621734375 1 0.46846249999999995 1 0.4703203125 0.9986062499999999 0.47365625 0.9986062499999999 0.4753234375 0.9998578124999999 0.4753234375 1 0.5386890625 1
13 0.86051875 0.8760562500000001 0.8571828125 0.8760562500000001 0.8538484375 0.8735546875000001 0.8505140625 0.8735546875000001 0.8471781249999999 0.8760562500000001 0.8405078125 0.8760562500000001 0.8338390625000001 0.8810578124999999 0.8305031250000001 0.8810578124999999 0.82716875 0.8835593749999999 0.8238328125000001 0.8835593749999999 0.8121609375000001 0.8923125000000001 0.8121609375000001 0.8948140625000001 0.8154953125000001 0.8973140624999999 0.808825 0.9023171874999999 0.808825 0.9048171875 0.813828125 0.90856875 0.8171625 0.90856875 0.8204984375000001 0.9110703125 0.822165625 0.9098203125 0.8238328125000001 0.90856875 0.82716875 0.90856875 0.8371734375000001 0.901065625 0.8438437499999999 0.901065625 0.8471781249999999 0.898565625 0.8505140625 0.898565625 0.8571828125 0.8935625 0.8671890624999999 0.8935625 0.86885625 0.8923125000000001 0.865521875 0.8898109375000001 0.865521875 0.8823078125 0.8621859374999999 0.8798078125 0.8621859374999999 0.87730625 0.86051875 0.8760562500000001
17 0.7738078125000001 0.8810578124999999 0.7704734375 0.8835593749999999 0.7671375 0.8835593749999999 0.7654703125 0.884809375 0.7654703125 0.8873109375 0.7588 0.8923125000000001 0.7588 0.8948140625000001 0.7571328125 0.8960640625 0.7537984375 0.8960640625 0.7454609375000001 0.9023171874999999 0.7454609375000001 0.90731875 0.7421249999999999 0.9098203125 0.7421249999999999 0.9123203125 0.7437921875 0.913571875 0.7604671875 0.913571875 0.763803125 0.9160718749999999 0.7654703125 0.914821875 0.7671375 0.913571875 0.7704734375 0.913571875 0.7738078125000001 0.9110703125 0.7771421875 0.9110703125 0.7871484375 0.9035671875 0.79381875 0.9035671875 0.7988203125 0.8998156249999999 0.7988203125 0.8948140625000001 0.79381875 0.8910625 0.7871484375 0.8910625 0.78548125 0.8898109375000001 0.78548125 0.8823078125 0.7838125 0.8810578124999999 0.7738078125000001 0.8810578124999999
13 0.3052375 0.6622171875 0.308571875 0.659715625 0.308571875 0.6547140625 0.3102390625 0.6534640625 0.316909375 0.6534640625 0.3219125 0.6497124999999999 0.3219125 0.642209375 0.3185765625 0.6397078125 0.3185765625 0.63720625 0.3102390625 0.6309546874999999 0.30356875 0.6309546874999999 0.300234375 0.6334546875 0.2969 0.6334546875 0.291896875 0.63720625 0.291896875 0.6397078125 0.2890625 0.6418328125 0.2890625 0.674346875 0.2902296875 0.6734718749999999 0.2969 0.6734718749999999 0.2985671875 0.672221875 0.2985671875 0.6697203125 0.3052375 0.66471875 0.3052375 0.6622171875