6 0 0 0 0.3390625 0.2390625 0.3390625 0.2390625 0 0 0
6 0.2390625 0 0.2390625 0.3390625 1 0.3390625 1 0 0.2390625 0
3 0.42948437500000003 0 0.42230937500000004 0.047721875000000004 0.4737125 0.21428124999999998 0.51165 0.2559265625 0.538575 0.26030312499999997 0.624246875 0.1419609375 0.6793218750000001 0.2712625 0.7013515625 0.28003125 0.72215625 0.2559265625 0.8200687500000001 0.2734546875 0.8935015625 0.194559375 0.984065625 0.172640625 0.9877375 0.1485359375 0.8568171875000001 0 0.42948437500000003 0
12 0.3354125 0.0674484375 0.3109359375 0.11566406250000001 0.2644296875 0.106896875 0.2390625 0.13616875 0.2390625 0.3221625 0.258309375 0.3282453125 0.2575546875 0.3390625 0.6980453125 0.3390625 0.6266953125 0.150728125 0.5948734375 0.17702500000000002 0.5361281250000001 0.28660625 0.433321875 0.20332656249999997 0.433321875 0.15949531249999999 0.3354125 0.0674484375
13 0.8567828125 0.2559265625 0.83965 0.2515421875 0.8066046874999999 0.29318125 0.7980625 0.3390625 0.9445609375 0.3390625 0.9461281250000001 0.3063265625 0.9706046875000001 0.231815625 0.9498 0.20332656249999997 0.9228734375000001 0.22085625000000003 0.8837093749999999 0.216471875 0.8567828125 0.2559265625
13 0.8655578125 0 0.8629031250000001 0.0038906250000000004 0.8665749999999999 0.014849999999999999 0.8837093749999999 0.019234375 0.9081859375000001 0.041146875 0.9326625 0.07621093749999999 0.9767250000000001 0.1200421875 0.99630625 0.1638734375 1 0.16473593749999998 1 0 0.8655578125 0
13 1 0.172640625 0.99630625 0.172640625 0.9889625000000001 0.1814078125 0.9828421875 0.19236718749999998 0.965709375 0.2624953125 0.948575 0.3019484375 0.949203125 0.3390625 1 0.3390625 1 0.172640625
6 0 0.3840109375 0.0355765625 0.418975 0.18138749999999998 0.5398453125 0.2390625 0.5869984374999999 0.2390625 0.3390625 0 0.3390625 0 0.3840109375
14 0.1880046875 0.433075 0.207534375 0.41109999999999997 0.234390625 0.4074375 0.2390625 0.41024062499999997 0.2390625 0.3489203125 0.234390625 0.3451828125 0.2246265625 0.3451828125 0.21296875 0.3390625 0.1648125 0.3390625 0.1648125 0.33968750000000003 0.1574875 0.3470125 0.13795625 0.4056078125 0.1391765625 0.4147625 0.16114843750000002 0.41109999999999997 0.1880046875 0.433075
25 0.18434375 0.5191328125 0.20509375 0.5392750000000001 0.214859375 0.5429375000000001 0.21974375 0.5502625 0.2307296875 0.5520921875 0.2390625 0.5364671875 0.2390625 0.41046250000000006 0.214859375 0.4074375 0.2026546875 0.4147625 0.19410624999999998 0.4275796875 0.19410624999999998 0.4678625 0.18434375 0.5044828125 0.18434375 0.5191328125
6 1 0.3390625 0.5975921875 0.3390625 0.59178125 0.339896875 0.5760875000000001 0.3521046875 0.556471875 0.347221875 0.5443703125 0.3390625 0.4698515625 0.3390625 0.4250453125 0.394828125 0.4250453125 0.40459375 0.43092968750000005 0.40825625 0.4780078125 0.4131390625 0.49173906250000005 0.4192421875 0.49173906250000005 0.43145 0.4858546875 0.437553125 0.41131406249999997 0.42534687499999996 0.387775 0.40825625 0.368159375 0.4033734375 0.34462031249999997 0.388725 0.32108125 0.3814015625 0.3093109375 0.3814015625 0.29165625 0.40459375 0.2759640625 0.414359375 0.2681171875 0.4265671875 0.2390625 0.45142812499999996 0.2390625 0.5142 0.2485015625 0.519340625 0.2390625 0.5299140625 0.2390625 0.64493125 0.24065625000000002 0.64629375 0.2641953125 0.6585 0.26027187500000004 0.665825 0.274003125 0.6768109375 0.3603125 0.698784375 0.39954375 0.7134328125 0.407390625 0.7134328125 0.4250453125 0.7024453125 0.42700625 0.6963421875 0.4368140625 0.7195359375 0.4583921875 0.72808125 0.5525484374999999 0.7256390625 0.56235625 0.7219765625 0.5760875000000001 0.7061078125 0.57805 0.7219765625 0.59178125 0.72808125 0.664359375 0.726859375 0.7016296875 0.7256390625 0.733015625 0.718315625 0.7957859375 0.718315625 0.8193250000000001 0.710990625 0.8899421875 0.7061078125 0.9174046875 0.698784375 0.9291750000000001 0.68901875 0.9370203125 0.691459375 0.9527140624999999 0.68901875 0.9605593750000001 0.6841359375 0.9880218749999999 0.68169375 0.99586875 0.6768109375 1 0.6762609375 1 0.3390625
3 0.409353125 0.590140625 0.421121875 0.609671875 0.43289218749999997 0.71709375 0.4427 0.7256390625 0.45446875000000003 0.72808125 0.53489375 0.726859375 0.5466640625 0.7219765625 0.5545109375 0.7097703125 0.5545109375 0.6902390625 0.5662796875 0.6536171875 0.5662796875 0.6243203125 0.5741265624999999 0.609671875 0.56235625 0.59990625 0.5662796875 0.5535203125 0.5603953125000001 0.5498578125 0.53685625 0.5498578125 0.4034671875 0.5596234375 0.3975828125 0.5632859375 0.409353125 0.577934375 0.409353125 0.590140625
3 0.2681171875 0.4851609375 0.25634843749999997 0.519340625 0.26027187500000004 0.5339890625 0.2759640625 0.5559609375 0.2896953125 0.5669484375 0.31911875 0.5730515625 0.340696875 0.57183125 0.3720828125 0.5596234375 0.4858546875 0.5523 0.5074328125 0.52910625 0.5074328125 0.512015625 0.4995859375 0.499809375 0.45446875000000003 0.4814984375 0.3760046875 0.4717328125 0.3603125 0.4619671875 0.3367734375 0.45464374999999996 0.31715781249999997 0.45464374999999996 0.30146562499999996 0.45952656249999996 0.287734375 0.4656296875 0.2681171875 0.4851609375
3 0.379928125 0.4717328125 0.45446875000000003 0.4814984375 0.48193125 0.48882343749999996 0.5015468750000001 0.49858906249999996 0.50939375 0.49858906249999996 0.5192015624999999 0.4876015625 0.5192015624999999 0.472953125 0.48389218749999996 0.453421875 0.48193125 0.437553125 0.41523750000000004 0.4277875 0.3367734375 0.386284375 0.3093109375 0.3814015625 0.29557968749999997 0.402153125 0.2390625 0.4541453125 0.2390625 0.5132625 0.25634843749999997 0.5144578125 0.2681171875 0.480278125 0.285771875 0.46440937499999996 0.31715781249999997 0.45464374999999996 0.34854375000000004 0.457084375 0.379928125 0.4717328125
3 0.5270484375 0.3972703125 0.49173906250000005 0.37285625 0.49173906250000005 0.3679734375 0.5015468750000001 0.3643109375 0.53685625 0.388725 0.570203125 0.3606484375 0.5662796875 0.3484421875 0.548625 0.3423390625 0.5438 0.3390625 0.4715109375 0.3390625 0.4250453125 0.394828125 0.42700625 0.40581562499999996 0.45054531249999996 0.40825625 0.462315625 0.4131390625 0.5035093749999999 0.414359375 0.5270484375 0.3972703125
3 0.487815625 0.45098125 0.5192015624999999 0.4680703125 0.542740625 0.4876015625 0.542740625 0.492484375 0.58981875 0.5242234375 0.6015890625 0.551078125 0.6349359375 0.5693890625 0.650628125 0.56450625 0.6780906250000001 0.5669484375 0.7212453125 0.562065625 0.7271296875 0.570609375 0.72516875 0.5791546875 0.7310531250000001 0.577934375 0.733015625 0.56450625 0.7389 0.56816875 0.7349765625 0.570609375 0.7389 0.5754921875 0.7349765625 0.5828171875 0.7290921875 0.581596875 0.7232078125 0.5877 0.7408609375 0.5913625 0.758515625 0.590140625 0.7663625 0.580375 0.75066875 0.56816875 0.75066875 0.558403125 0.7389 0.5535203125 0.7428234375 0.5486375 0.7232078125 0.531546875 0.7232078125 0.519340625 0.6604359375 0.4387734375 0.6408203125 0.394828125 0.6349359375 0.3911671875 0.5996265625 0.3911671875 0.5250859375 0.418021875 0.487815625 0.441215625 0.487815625 0.45098125
3 1 0.43566874999999994 0.9919453125000001 0.43511249999999996 0.9782140625 0.441215625 0.9840984374999999 0.4717328125 0.9782140625 0.4680703125 0.9684062499999999 0.4424359375 0.9566359375 0.4424359375 0.9370203125 0.44976093749999996 0.9193671875 0.4631875 0.907596875 0.480278125 0.907596875 0.5071328125 0.91544375 0.5168984375 0.935059375 0.5242234375 0.9389828124999999 0.5339890625 0.948790625 0.5400921875 0.9840984374999999 0.544975 1 0.5506296875000001 1 0.43566874999999994
3 1 0.5514328125 0.9723296875 0.544975 0.9095578124999999 0.5400921875 0.9036734375 0.5437546875 0.9115203125000001 0.5461953125 0.89975 0.5559609375 0.9036734375 0.59990625 0.9272125000000001 0.6194375 0.9389828124999999 0.6536171875 0.948790625 0.6621625 0.9723296875 0.671928125 1 0.675371875 1 0.5514328125
16 0.89975 0.49004375 0.8801343749999999 0.4558640625 0.8467874999999999 0.43999531249999996 0.8350171874999999 0.43999531249999996 0.793825 0.453421875 0.77813125 0.4753953125 0.7663625 0.48271875 0.7663625 0.4973671875 0.78009375 0.5059125 0.80755625 0.5132375 0.8448265625 0.5144578125 0.87425 0.5059125 0.89975 0.49004375
3 0.59178125 0.652396875 0.5741265624999999 0.665825 0.5858953125 0.726859375 0.6761296875 0.726859375 0.7212453125 0.7256390625 0.7310531250000001 0.7195359375 0.7349765625 0.7024453125 0.75066875 0.6829140625 0.746746875 0.665825 0.72516875 0.652396875 0.69770625 0.6450734375 0.67024375 0.6475140625 0.664359375 0.6511765625 0.6682828125 0.6585 0.6623984375 0.6670453125 0.6486671875 0.6585 0.64278125 0.64263125 0.59178125 0.652396875
3 0.39954375 0.7134328125 0.409353125 0.7122109375 0.4250453125 0.6926796875 0.4250453125 0.636528125 0.409353125 0.580375 0.40150625 0.5657265625 0.387775 0.562065625 0.3583515625 0.580375 0.3151953125 0.6243203125 0.2641953125 0.6585 0.25634843749999997 0.668265625 0.285771875 0.679253125 0.2975421875 0.679253125 0.313234375 0.6865765625 0.3720828125 0.701225 0.39954375 0.7134328125
3 0.272040625 0.5535203125 0.26027187500000004 0.5339890625 0.26027187500000004 0.5242234375 0.2543859375 0.5205609375 0.2390625 0.527978125 0.2390625 0.5910656249999999 0.252425 0.590140625 0.27792500000000003 0.5889203125 0.30735 0.577934375 0.30735 0.5730515625 0.285771875 0.56450625 0.272040625 0.5535203125
15 0.652590625 0.5754921875 0.638859375 0.5669484375 0.6329734375 0.570609375 0.6329734375 0.5828171875 0.6447437500000001 0.60723125 0.6486671875 0.656059375 0.652590625 0.6633828125 0.6584749999999999 0.6670453125 0.664359375 0.665825 0.664359375 0.629203125 0.6565125 0.590140625 0.652590625 0.5754921875
15 0.7918624999999999 0.535209375 0.7565546875 0.5400921875 0.75066875 0.5437546875 0.7526312500000001 0.5498578125 0.7742078125 0.5486375 0.9252515625 0.5303265625 0.9311359375 0.52178125 0.91348125 0.5205609375 0.838940625 0.53276875 0.7918624999999999 0.535209375
15 1 0.5064796874999999 0.9782140625 0.4290078125 0.9684062499999999 0.42534687499999996 0.962521875 0.4290078125 0.9860609374999999 0.5046921875 0.99390625 0.5242234375 0.9997921875 0.5278859375 1 0.5278421875 1 0.5064796874999999
15 0.6447437500000001 0.480278125 0.664359375 0.49004375 0.6486671875 0.4705125 0.638859375 0.46685 0.6368968749999999 0.472953125 0.6447437500000001 0.480278125
15 0.6368968749999999 0.4656296875 0.609434375 0.441215625 0.59178125 0.43022968749999996 0.583934375 0.43022968749999996 0.581971875 0.433890625 0.609434375 0.4558640625 0.6270890625 0.46685 0.6368968749999999 0.4656296875
15 0.581971875 0.4290078125 0.5662796875 0.4094765625 0.4976234375 0.3643109375 0.49173906250000005 0.3704140625 0.4995859375 0.3777390625 0.5584328125 0.4192421875 0.5760875000000001 0.43022968749999996 0.581971875 0.4290078125
3 1 0.3390625 0.9931374999999999 0.3390625 0.9919453125000001 0.339896875 0.9213281249999999 0.3716359375 0.9115203125000001 0.37285625 0.9115203125000001 0.3777390625 0.9272125000000001 0.3899453125 0.9232890625 0.3972703125 0.9291750000000001 0.40093281249999996 1 0.42412968749999996 1 0.3390625
15 0.8879812499999999 0.6585 0.9036734375 0.6633828125 0.8722875 0.6023484375 0.8624796874999999 0.5986859375 0.8644421875000001 0.616996875 0.8879812499999999 0.6585
3 0.758515625 0.5486375 0.772246875 0.5693890625 0.7840171875 0.5596234375 0.811478125 0.5693890625 0.825209375 0.56816875 0.8644421875000001 0.5413125 0.8624796874999999 0.5376515625 0.8467874999999999 0.5376515625 0.8154015625 0.544975 0.758515625 0.5486375
3 0.8762109375 0.5242234375 0.8585578125 0.5107953125 0.8467874999999999 0.515678125 0.8193250000000001 0.515678125 0.7761703125 0.5059125 0.7487078125 0.5132375 0.7389 0.52178125 0.75066875 0.5413125 0.7624390625 0.5413125 0.7957859375 0.535209375 0.838940625 0.53276875 0.8762109375 0.5242234375
3 0.6565125 0.577934375 0.6604359375 0.59990625 0.67220625 0.6145546875 0.6878984375 0.6243203125 0.6878984375 0.6414109375 0.69770625 0.6450734375 0.719284375 0.6438515625 0.7369390625000001 0.632865625 0.7899015625 0.6194375 0.785978125 0.5950234375 0.7702859375 0.580375 0.7663625 0.56816875 0.75066875 0.56084375 0.7545921875 0.5559609375 0.7487078125 0.5523 0.72516875 0.554740625 0.705553125 0.562065625 0.6741671874999999 0.56450625 0.6545515625 0.562065625 0.6447437500000001 0.5657265625 0.6565125 0.577934375