6 0.27545156249999997 0 0.2645359375 0.0034000000000000002 0.24391250000000003 0.01625 0.2364125 0.0326046875 0.2495359375 0.04311875 0.2626609375 0.046623437499999996 0.2626609375 0.0536328125 0.2701609375 0.060640625000000004 0.2457875 0.0641453125 0.2307875 0.075828125 0.21203906250000001 0.07115468750000001 0.167040625 0.0407828125 0.1595421875 0.0407828125 0.13141875 0.060640625000000004 0.0864203125 0.11671406250000001 0.0864203125 0.126059375 0.0920453125 0.12956406250000002 0.13704375 0.1342359375 0.1501671875 0.140078125 0.1501671875 0.151759375 0.1445421875 0.15760000000000002 0.073296875 0.14591875 0.0507984375 0.12956406250000002 0.0320484375 0.124890625 0.00955 0.1108734375 0 0.10789843750000001 0 0.4013328125 0.02455 0.407590625 0.062046875 0.4216078125 0.069546875 0.4216078125 0.0864203125 0.41109375000000004 0.0882953125 0.40525312500000005 0.0976703125 0.4274484375 0.11829375 0.4356265625 0.2082890625 0.433290625 0.2176640625 0.4297859375 0.2307875 0.4145984375 0.2326625 0.4297859375 0.2457875 0.4356265625 0.31515781249999997 0.4344578125 0.35078125 0.433290625 0.3807796875 0.42628125 0.44077500000000003 0.42628125 0.463275 0.419271875 0.51875 0.41543125 0.51875 0 0.3823765625 0 0.3732796875 0.0034000000000000002 0.34328125 0.0057375 0.327934375 0 0.27545156249999997 0
3 0.071421875 0.30362187500000004 0.08267187499999999 0.3223125 0.0939203125 0.4251125 0.10329531249999999 0.433290625 0.11454375000000001 0.4356265625 0.191415625 0.4344578125 0.20266406250000002 0.4297859375 0.2101640625 0.418103125 0.2101640625 0.3994125 0.2214125 0.36436718749999997 0.2214125 0.33633125 0.2289125 0.3223125 0.2176640625 0.3129671875 0.2214125 0.2685765625 0.2157890625 0.26507187499999996 0.1932890625 0.26507187499999996 0.065796875 0.2744171875 0.060171875 0.277921875 0.071421875 0.291940625 0.071421875 0.30362187500000004
3 0 0.286428125 0.0058000000000000005 0.2861 0.0357984375 0.2744171875 0.1445421875 0.267409375 0.165165625 0.24521406250000002 0.165165625 0.228859375 0.1576671875 0.2171765625 0.11454375000000001 0.19965468749999998 0.0395484375 0.190309375 0.02455 0.1809640625 0.0020515625 0.1739546875 0 0.1739546875 0 0.286428125
3 0 0.1752546875 0.013300000000000001 0.17629062499999998 0.043298437499999995 0.190309375 0.11454375000000001 0.19965468749999998 0.1407921875 0.20666406249999997 0.1595421875 0.216009375 0.167040625 0.216009375 0.17641562500000002 0.2054953125 0.17641562500000002 0.1914765625 0.14266718750000001 0.1727859375 0.1407921875 0.15760000000000002 0.077046875 0.14825468749999998 0.0020515625 0.10853593749999998 0 0.108171875 0 0.1752546875
3 0.12204375 0.1342359375 0.1614171875 0.1354046875 0.183915625 0.11904999999999999 0.1501671875 0.0956859375 0.1501671875 0.0910140625 0.1595421875 0.087509375 0.1932890625 0.1108734375 0.22516250000000002 0.0840046875 0.2214125 0.0723234375 0.2045390625 0.0664828125 0.16329218750000002 0.0384453125 0.13891718749999998 0.0536328125 0.0864203125 0.11671406250000001 0.0882953125 0.127228125 0.11079375 0.12956406250000002 0.12204375 0.1342359375
3 0.1464171875 0.17045 0.17641562500000002 0.1868046875 0.19891406250000002 0.2054953125 0.19891406250000002 0.21016875000000002 0.24391250000000003 0.240540625 0.2551609375 0.266240625 0.287034375 0.28376250000000003 0.30203281249999997 0.279090625 0.32828124999999997 0.2814265625 0.3695296875 0.2767546875 0.3751546875 0.28493124999999997 0.3732796875 0.293109375 0.3789046875 0.291940625 0.3807796875 0.279090625 0.386403125 0.2825953125 0.382653125 0.28493124999999997 0.386403125 0.2896046875 0.382653125 0.2966125 0.3770296875 0.2954453125 0.3714046875 0.3012859375 0.388278125 0.304790625 0.405153125 0.30362187500000004 0.41265156249999996 0.2942765625 0.397653125 0.2825953125 0.397653125 0.27325 0.386403125 0.2685765625 0.390153125 0.2639046875 0.3714046875 0.24755 0.3714046875 0.23586718750000002 0.3114078125 0.15876875 0.292659375 0.11671406250000001 0.287034375 0.11320937499999999 0.2532859375 0.11320937499999999 0.182040625 0.138909375 0.1464171875 0.1611046875 0.1464171875 0.17045
16 0.41265156249999996 0.21484062499999998 0.4257765625 0.2230171875 0.452025 0.23002656250000003 0.48764843750000003 0.2311953125 0.515771875 0.2230171875 0.51875 0.2211625 0.51875 0.1738625 0.48952343750000005 0.15993593749999999 0.47827343750000006 0.15993593749999999 0.4389 0.1727859375 0.42390156250000005 0.1938140625 0.41265156249999996 0.200821875 0.41265156249999996 0.21484062499999998
3 0.2457875 0.3632 0.2289125 0.3760484375 0.2401625 0.4344578125 0.3264078125 0.4344578125 0.3695296875 0.433290625 0.3789046875 0.4274484375 0.382653125 0.41109375000000004 0.397653125 0.392403125 0.393903125 0.3760484375 0.3732796875 0.3632 0.34703125 0.356190625 0.32078281249999996 0.3585265625 0.31515781249999997 0.36203124999999997 0.3189078125 0.369040625 0.3132828125 0.3772171875 0.300159375 0.369040625 0.294534375 0.353853125 0.2457875 0.3632
3 0 0.40100468749999996 0.0357984375 0.40992656250000004 0.062046875 0.4216078125 0.071421875 0.420440625 0.0864203125 0.40174843750000006 0.0864203125 0.3480125 0.071421875 0.2942765625 0.06392187499999999 0.28025937500000003 0.0507984375 0.2767546875 0.022675 0.2942765625 0 0.3173953125 0 0.40100468749999996
3 0.4598671875 0 0.45389999999999997 0.006904687499999999 0.386403125 0.048959375 0.386403125 0.0536328125 0.395778125 0.059473437500000004 0.44077500000000003 0.07816406249999999 0.4745234375 0.0898453125 0.4838984375 0.088678125 0.51875 0.0773859375 0.51875 0 0.4598671875 0
15 0.3039078125 0.2896046875 0.290784375 0.2814265625 0.285159375 0.28493124999999997 0.285159375 0.2966125 0.296409375 0.3199765625 0.300159375 0.366703125 0.3039078125 0.3737125 0.3095328125 0.3772171875 0.31515781249999997 0.3760484375 0.31515781249999997 0.34100312499999996 0.3076578125 0.30362187500000004 0.3039078125 0.2896046875
15 0.42015156249999996 0.2639046875 0.51875 0.2519359375 0.51875 0.24269531249999998 0.4820234375 0.2487171875 0.43702500000000005 0.25105468750000004 0.40327812500000004 0.2557265625 0.397653125 0.25923124999999997 0.399528125 0.26507187499999996 0.42015156249999996 0.2639046875
15 0.296409375 0.19848593750000001 0.31515781249999997 0.20783125 0.300159375 0.189140625 0.290784375 0.18563593750000001 0.28890937499999997 0.1914765625 0.296409375 0.19848593750000001
15 0.28890937499999997 0.18446875000000001 0.2626609375 0.1611046875 0.2457875 0.150590625 0.23828749999999999 0.150590625 0.2364125 0.1540953125 0.2626609375 0.17512343749999998 0.279534375 0.18563593750000001 0.28890937499999997 0.18446875000000001
15 0.2364125 0.1494234375 0.2214125 0.13073125000000002 0.15579218749999998 0.087509375 0.1501671875 0.09335 0.1576671875 0.100359375 0.2139140625 0.140078125 0.2307875 0.150590625 0.2364125 0.1494234375
15 0.513896875 0.31530468749999996 0.504521875 0.31179999999999997 0.506396875 0.329321875 0.51875 0.3511296875 0.51875 0.32475468749999997 0.513896875 0.31530468749999996
3 0.405153125 0.2639046875 0.4182765625 0.28376250000000003 0.4295265625 0.2744171875 0.45577500000000004 0.28376250000000003 0.46889843750000004 0.2825953125 0.506396875 0.25689531250000003 0.504521875 0.253390625 0.48952343750000005 0.253390625 0.459525 0.2604 0.405153125 0.2639046875
3 0.517646875 0.240540625 0.5007718750000001 0.227690625 0.48952343750000005 0.2323640625 0.463275 0.2323640625 0.4220265625 0.2230171875 0.395778125 0.23002656250000003 0.386403125 0.23820468749999998 0.397653125 0.25689531250000003 0.408903125 0.25689531250000003 0.44077500000000003 0.25105468750000004 0.4820234375 0.2487171875 0.517646875 0.240540625
3 0.3076578125 0.291940625 0.3114078125 0.3129671875 0.32265781250000003 0.3269859375 0.33765625 0.33633125 0.33765625 0.3526859375 0.34703125 0.356190625 0.3676546875 0.355021875 0.384528125 0.3445078125 0.43515156250000003 0.3316578125 0.43140156249999995 0.3082953125 0.41640156250000004 0.2942765625 0.41265156249999996 0.2825953125 0.397653125 0.2755859375 0.401403125 0.2709125 0.395778125 0.267409375 0.3732796875 0.2697453125 0.35453125 0.2767546875 0.3245328125 0.279090625 0.3057828125 0.2767546875 0.296409375 0.28025937500000003 0.3076578125 0.291940625
6 0.5431453125 0 0.5405609375 0.0019375 0.51875 0.0019375 0.51875 0.39187343750000003 0.5218828125 0.389525 0.5249953125 0.389525 0.5265515625 0.3883578125 0.5265515625 0.386021875 0.529665625 0.3836875 0.529665625 0.381353125 0.532778125 0.3790171875 0.532778125 0.3766828125 0.534334375 0.375515625 0.5405609375 0.375515625 0.543675 0.37318125 0.5467875 0.37318125 0.5499015625 0.3708453125 0.5514578125 0.37201249999999997 0.5514578125 0.3766828125 0.5561265625 0.38018593749999996 0.5810328124999999 0.38018593749999996 0.5841453125 0.38252031249999996 0.590371875 0.38252031249999996 0.5997109375 0.389525 0.6121640625 0.389525 0.6137203125 0.3906921875 0.6137203125 0.3930265625 0.6152765625 0.39419375 0.618390625 0.39419375 0.621503125 0.3965296875 0.6246171875 0.3965296875 0.6308421875 0.4011984375 0.63706875 0.4011984375 0.6401828125 0.403534375 0.652634375 0.403534375 0.6557484375 0.4011984375 0.6588609375 0.4011984375 0.66353125 0.397696875 0.66353125 0.3953625 0.6650875 0.39419375 0.6713140625 0.39419375 0.6744265625 0.3965296875 0.6868796875000001 0.3965296875 0.6899921875 0.3988640625 0.69621875 0.3988640625 0.6993328125 0.4011984375 0.7024453125 0.4011984375 0.7055578125 0.3988640625 0.7086718750000001 0.3988640625 0.710228125 0.397696875 0.7071156249999999 0.3953625 0.7117843749999999 0.391859375 0.7180109375 0.391859375 0.7211234375 0.389525 0.72735 0.389525 0.7320203125 0.3930265625 0.7320203125 0.397696875 0.7351328125000001 0.40003124999999995 0.7351328125000001 0.402365625 0.736690625 0.403534375 0.739803125 0.403534375 0.75848125 0.41754375 0.767821875 0.4105390625 0.7709343750000001 0.4105390625 0.772490625 0.41170625000000005 0.772490625 0.414040625 0.7709343750000001 0.4152078125 0.767821875 0.4152078125 0.75848125 0.4222125 0.7553687499999999 0.4222125 0.7522562500000001 0.419878125 0.7491421875000001 0.419878125 0.7444734375000001 0.42337968750000005 0.7444734375000001 0.42805 0.7460296875 0.42921718750000004 0.7491421875000001 0.42921718750000004 0.7506984375 0.43038437500000004 0.7506984375 0.4327203125 0.7475859375 0.4350546875 0.7475859375 0.44205937500000003 0.7491421875000001 0.44322656250000003 0.7553687499999999 0.44322656250000003 0.7569250000000001 0.44205937500000003 0.75848125 0.4408921875 0.7615953125 0.4408921875 0.7647078125 0.43855625 0.767821875 0.4408921875 0.7787171875000001 0.4327203125 0.7787171875000001 0.42805 0.78805625 0.4210453125 0.78805625 0.41871093750000005 0.797396875 0.41170625000000005 0.797396875 0.4070359375 0.8005093750000001 0.4047015625 0.8005093750000001 0.402365625 0.8036234375 0.40003124999999995 0.8036234375 0.3650078125 0.8005093750000001 0.3626734375 0.8005093750000001 0.3603390625 0.802065625 0.35917187500000003 0.8051796875000001 0.35917187500000003 0.8082921875 0.3568359375 0.8207453125 0.3568359375 0.8238578125 0.3545015625 0.8254140624999999 0.35566875 0.8254140624999999 0.3603390625 0.8207453125 0.36384062500000003 0.81763125 0.36384062500000003 0.816075 0.3650078125 0.816075 0.36734374999999997 0.81763125 0.3685109375 0.8363109375000001 0.3685109375 0.8394234375 0.3708453125 0.8487640624999999 0.3708453125 0.8518765625 0.3685109375 0.861215625 0.3685109375 0.8643296875 0.3661765625 0.8674421875 0.3661765625 0.8705546875 0.36384062500000003 0.87366875 0.36384062500000003 0.8783390624999999 0.3603390625 0.8783390624999999 0.351 0.8814515625 0.34866406250000004 0.8814515625 0.34632968750000004 0.8876781250000001 0.341659375 0.8876781250000001 0.3323203125 0.889234375 0.331153125 0.9110265625 0.331153125 0.9125828125 0.3323203125 0.9125828125 0.3346546875 0.917253125 0.3381578125 0.9297046874999999 0.3381578125 0.93281875 0.3358234375 0.93593125 0.3358234375 0.9437140625 0.3299859375 0.9437140625 0.32765 0.9421578125 0.3264828125 0.9390453125 0.3264828125 0.93593125 0.3241484375 0.93281875 0.3241484375 0.9297046874999999 0.3218140625 0.9265921875 0.3218140625 0.9234796875000001 0.319478125 0.920365625 0.319478125 0.917253125 0.31714375 0.9141390625 0.31714375 0.9125828125 0.3159765625 0.9125828125 0.3136421875 0.920365625 0.3078046875 0.9234796875000001 0.3078046875 0.9297046874999999 0.303134375 0.93281875 0.303134375 0.9421578125 0.2961296875 0.9546109375 0.2961296875 0.9577234375 0.298465625 0.9608375 0.298465625 0.96395 0.3008 0.9670624999999999 0.3008 0.9701765625000001 0.303134375 0.9732890624999999 0.303134375 0.979515625 0.298465625 0.982628125 0.298465625 0.9888546874999999 0.2937953125 0.9950812499999999 0.2937953125 1 0.29748437499999997 1 0.1466984375 0.9981953125 0.1466984375 0.9950812499999999 0.1443640625 0.9888546874999999 0.1443640625 0.982628125 0.13969375 0.979515625 0.13969375 0.977959375 0.1385265625 0.977959375 0.1361921875 0.9732890624999999 0.1326890625 0.9701765625000001 0.1326890625 0.9670624999999999 0.1303546875 0.96395 0.1303546875 0.96239375 0.1291875 0.96239375 0.126853125 0.9592796874999999 0.1245171875 0.9592796874999999 0.1221828125 0.96395 0.11868125 0.9670624999999999 0.11868125 0.9686203125 0.11751249999999999 0.953053125 0.1058390625 0.953053125 0.08949531250000001 0.949940625 0.087159375 0.949940625 0.0754859375 0.953053125 0.07315 0.953053125 0.07081562500000001 0.9483843750000001 0.06731406250000001 0.9421578125 0.06731406250000001 0.9406015625 0.06614687500000001 0.9437140625 0.0638109375 0.93281875 0.0556390625 0.9234796875000001 0.0556390625 0.920365625 0.0533046875 0.917253125 0.0533046875 0.9141390625 0.0556390625 0.892346875 0.0556390625 0.890790625 0.054471875 0.890790625 0.0404625 0.8861218750000001 0.0369609375 0.8830078125 0.0369609375 0.8798953125000001 0.034625 0.87678125 0.034625 0.87366875 0.032290625 0.8705546875 0.032290625 0.8674421875 0.02995625 0.8643296875 0.02995625 0.862771875 0.0287890625 0.8643296875 0.0276203125 0.87366875 0.0276203125 0.875225 0.026453125 0.875225 0.02411875 0.8689984374999999 0.0194484375 0.8689984374999999 0.0171140625 0.8643296875 0.0136109375 0.861215625 0.0136109375 0.8581031250000001 0.0112765625 0.8549890625 0.0112765625 0.8518765625 0.0089421875 0.8487640624999999 0.0089421875 0.84565 0.0066078125 0.8394234375 0.0066078125 0.833196875 0.0112765625 0.8207453125 0.0112765625 0.81763125 0.0136109375 0.8145187500000001 0.0136109375 0.8114062499999999 0.015946875 0.8082921875 0.015946875 0.8067359375 0.0171140625 0.8067359375 0.0194484375 0.802065625 0.0229515625 0.7927265625000001 0.0229515625 0.7896140625 0.020615625000000002 0.7833875 0.020615625000000002 0.7771609374999999 0.015946875 0.7740484375000001 0.015946875 0.7709343750000001 0.0136109375 0.767821875 0.0136109375 0.7647078125 0.0112765625 0.7615953125 0.0112765625 0.75848125 0.0089421875 0.7553687499999999 0.0089421875 0.7522562500000001 0.0066078125 0.7491421875000001 0.0066078125 0.7460296875 0.004271875 0.739803125 0.004271875 0.736690625 0.0019375 0.7304640625000001 0.0019375 0.72788125 0 0.5431453125 0
17 0.5794765625 0.10116875 0.5810328124999999 0.1023359375 0.590371875 0.1023359375 0.593484375 0.104671875 0.618390625 0.104671875 0.621503125 0.10700625 0.6401828125 0.10700625 0.6464078125 0.11167656249999999 0.6557484375 0.11167656249999999 0.6573046875 0.1105078125 0.6604171875 0.1081734375 0.6604171875 0.1058390625 0.6588609375 0.104671875 0.6557484375 0.104671875 0.652634375 0.1023359375 0.649521875 0.1023359375 0.6464078125 0.1000015625 0.6401828125 0.1000015625 0.63706875 0.0976671875 0.6277296875 0.0976671875 0.6246171875 0.09533125 0.5841453125 0.09533125 0.5794765625 0.098834375 0.5794765625 0.10116875
13 0.54211875 0.1665453125 0.54211875 0.171215625 0.5390046875000001 0.17355 0.5390046875000001 0.1805546875 0.543675 0.18405625 0.5467875 0.18405625 0.5499015625 0.1863921875 0.5530140625 0.1863921875 0.5592406249999999 0.1910609375 0.562353125 0.1910609375 0.5654671875 0.193396875 0.5685796875 0.193396875 0.5716921875 0.19573125 0.57480625 0.19573125 0.5763625 0.1945640625 0.57791875 0.193396875 0.5810328124999999 0.193396875 0.5825890625000001 0.192228125 0.5825890625000001 0.18989375 0.588815625 0.1852234375 0.588815625 0.1688796875 0.5810328124999999 0.1630421875 0.5716921875 0.1630421875 0.5685796875 0.165378125 0.5654671875 0.1630421875 0.5561265625 0.1630421875 0.5530140625 0.1607078125 0.5499015625 0.1607078125 0.54211875 0.1665453125
18 0.7647078125 0.20740468750000002 0.742915625 0.20740468750000002 0.738246875 0.21090781249999999 0.738246875 0.2272515625 0.741359375 0.2295859375 0.741359375 0.23425625 0.7444734375000001 0.236590625 0.7444734375000001 0.24359531250000002 0.7475859375 0.24593125 0.7475859375 0.248265625 0.7522562500000001 0.2517671875 0.7615953125 0.2517671875 0.7647078125 0.254103125 0.7896140625 0.254103125 0.7911703125 0.252934375 0.7911703125 0.248265625 0.78805625 0.24593125 0.78805625 0.24359531250000002 0.7849437499999999 0.24126093750000002 0.7849437499999999 0.23425625 0.78183125 0.231921875 0.78183125 0.22258125 0.7787171875000001 0.220246875 0.7787171875000001 0.2179125 0.7756046875 0.21557656249999999 0.7756046875 0.21324218749999999 0.7709343750000001 0.209740625 0.767821875 0.209740625 0.7647078125 0.20740468750000002
16 0.8549890625 0.2564375 0.8518765625 0.258771875 0.8487640624999999 0.258771875 0.8409812499999999 0.264609375 0.8409812499999999 0.26694375 0.8378671875 0.2692796875 0.8378671875 0.280953125 0.8409812499999999 0.2832890625 0.8409812499999999 0.2856234375 0.8440937500000001 0.2879578125 0.8440937500000001 0.320646875 0.8472062499999999 0.32298125 0.8472062499999999 0.3299859375 0.859659375 0.339325 0.859659375 0.341659375 0.862771875 0.34399531250000004 0.862771875 0.34632968750000004 0.8674421875 0.34983125 0.87678125 0.34983125 0.8783390624999999 0.34866406250000004 0.8845640625 0.34399531250000004 0.8845640625 0.339325 0.8814515625 0.336990625 0.8814515625 0.3323203125 0.8845640625 0.3299859375 0.8845640625 0.30430156249999996 0.8814515625 0.30196718749999996 0.8814515625 0.26694375 0.8783390624999999 0.264609375 0.8783390624999999 0.262275 0.87366875 0.258771875 0.8674421875 0.258771875 0.8643296875 0.2564375 0.8549890625 0.2564375
16 0.81763125 0.298465625 0.8129625 0.30196718749999996 0.8129625 0.30430156249999996 0.7958390625 0.31714375 0.7927265625000001 0.31714375 0.78805625 0.320646875 0.78805625 0.3323203125 0.7911703125 0.3346546875 0.7911703125 0.336990625 0.7942828125 0.339325 0.7942828125 0.341659375 0.8036234375 0.34866406250000004 0.8036234375 0.351 0.8067359375 0.353334375 0.8067359375 0.35566875 0.8114062499999999 0.35917187500000003 0.81763125 0.35917187500000003 0.8191890624999999 0.3580046875 0.8207453125 0.3568359375 0.8238578125 0.3568359375 0.8254140624999999 0.35566875 0.8254140624999999 0.353334375 0.8285281250000001 0.351 0.8285281250000001 0.34399531250000004 0.831640625 0.341659375 0.831640625 0.3183109375 0.8285281250000001 0.3159765625 0.8285281250000001 0.308971875 0.8254140624999999 0.3066375 0.8254140624999999 0.29963281249999996 0.8238578125 0.298465625 0.81763125 0.298465625
17 0.6573046875 0.29963281249999996 0.6573046875 0.3066375 0.6588609375 0.3078046875 0.6650875 0.3078046875 0.66664375 0.3066375 0.6697578125 0.30430156249999996 0.6697578125 0.2949625 0.6728703125 0.292628125 0.6728703125 0.280953125 0.6682 0.27745156249999997 0.6650875 0.27745156249999997 0.661975 0.27511562500000003 0.652634375 0.27511562500000003 0.647965625 0.27861875 0.651078125 0.280953125 0.651078125 0.292628125 0.6541921875 0.2949625 0.6541921875 0.297296875 0.6573046875 0.29963281249999996
17 0.7506984375 0.292628125 0.7475859375 0.2949625 0.7475859375 0.3066375 0.7491421875000001 0.3078046875 0.7522562500000001 0.3078046875 0.7538125 0.3066375 0.7553687499999999 0.3054703125 0.75848125 0.3054703125 0.78183125 0.2879578125 0.78183125 0.2832890625 0.7771609374999999 0.27978593749999997 0.7740484375000001 0.27978593749999997 0.7709343750000001 0.27745156249999997 0.7615953125 0.27745156249999997 0.7600390625 0.27861875 0.7600390625 0.280953125 0.7569250000000001 0.2832890625 0.7569250000000001 0.2856234375 0.7506984375 0.2902921875 0.7506984375 0.292628125
13 0.697775 0.1992328125 0.697775 0.203903125 0.6946625 0.2062375 0.6946625 0.2085734375 0.697775 0.21090781249999999 0.697775 0.21324218749999999 0.7024453125 0.2167453125 0.7304640625000001 0.2167453125 0.7320203125 0.21557656249999999 0.741359375 0.2085734375 0.741359375 0.2062375 0.7444734375000001 0.203903125 0.7444734375000001 0.20156875 0.739803125 0.198065625 0.7335765624999999 0.198065625 0.7304640625000001 0.19573125 0.7211234375 0.19573125 0.7180109375 0.193396875 0.7148984375 0.19573125 0.7117843749999999 0.19573125 0.7086718750000001 0.193396875 0.7055578125 0.193396875 0.697775 0.1992328125
13 0.8518765625 0.0066078125 0.84565 0.0019375 0.8238578125 0.0019375 0.8114062499999999 0.0112765625 0.8082921875 0.0112765625 0.8005093750000001 0.0171140625 0.8005093750000001 0.021784375 0.8036234375 0.02411875 0.8036234375 0.026453125 0.8114062499999999 0.032290625 0.8145187500000001 0.032290625 0.81763125 0.034625 0.8394234375 0.034625 0.8409812499999999 0.0334578125 0.8425375 0.032290625 0.8518765625 0.032290625 0.8549890625 0.02995625 0.861215625 0.02995625 0.8643296875 0.032290625 0.87678125 0.032290625 0.8783390624999999 0.0311234375 0.8783390624999999 0.02411875 0.875225 0.021784375 0.875225 0.0194484375 0.861215625 0.0089421875 0.8581031250000001 0.0089421875 0.8549890625 0.0066078125 0.8518765625 0.0066078125
17 0.889234375 0.1747171875 0.892346875 0.1747171875 0.8954609375 0.1770515625 0.8985734375 0.1770515625 0.9016875000000001 0.1793875 0.9079124999999999 0.1793875 0.9110265625 0.181721875 0.9297046874999999 0.181721875 0.9312625000000001 0.1805546875 0.9312625000000001 0.17821875 0.917253125 0.1677125 0.9141390625 0.1677125 0.9110265625 0.165378125 0.9079124999999999 0.165378125 0.9048 0.1630421875 0.9016875000000001 0.1630421875 0.8985734375 0.1607078125 0.892346875 0.1607078125 0.8876781250000001 0.1642109375 0.8876781250000001 0.1665453125 0.8845640625 0.1688796875 0.8845640625 0.171215625 0.889234375 0.1747171875
17 0.93281875 0.07431875 0.934375 0.07315 0.9374874999999999 0.07081562500000001 0.9374874999999999 0.06848125000000001 0.9406015625 0.06614687500000001 0.9406015625 0.0638109375 0.9297046874999999 0.0556390625 0.8985734375 0.0556390625 0.890790625 0.0614765625 0.890790625 0.06614687500000001 0.8954609375 0.06964843750000001 0.8985734375 0.06964843750000001 0.9016875000000001 0.0719828125 0.9048 0.0719828125 0.9079124999999999 0.07431875 0.93281875 0.07431875
13 0.7444734375000001 0.3299859375 0.7475859375 0.32765 0.7475859375 0.325315625 0.742915625 0.3218140625 0.739803125 0.3218140625 0.736690625 0.3241484375 0.7335765624999999 0.3241484375 0.7304640625000001 0.3264828125 0.7211234375 0.3264828125 0.7195671875 0.32765 0.7195671875 0.3299859375 0.7055578125 0.3404921875 0.6899921875 0.3404921875 0.680653125 0.347496875 0.677540625 0.347496875 0.6713140625 0.3521671875 0.6682 0.3521671875 0.6650875 0.3545015625 0.652634375 0.3545015625 0.649521875 0.3521671875 0.6401828125 0.3521671875 0.63395625 0.347496875 0.6308421875 0.347496875 0.6277296875 0.3451625 0.6246171875 0.3451625 0.621503125 0.342828125 0.590371875 0.342828125 0.587259375 0.3404921875 0.5841453125 0.3404921875 0.5810328124999999 0.3381578125 0.562353125 0.3381578125 0.5607968750000001 0.339325 0.5654671875 0.342828125 0.5685796875 0.342828125 0.5701359375 0.34399531250000004 0.5701359375 0.34632968750000004 0.5810328124999999 0.3545015625 0.5841453125 0.3545015625 0.593484375 0.36150625000000003 0.5997109375 0.36150625000000003 0.6028249999999999 0.36384062500000003 0.6152765625 0.36384062500000003 0.618390625 0.36150625000000003 0.6246171875 0.3661765625 0.649521875 0.3661765625 0.652634375 0.3685109375 0.680653125 0.3685109375 0.682209375 0.36734374999999997 0.683765625 0.3661765625 0.6868796875000001 0.3661765625 0.6899921875 0.36384062500000003 0.7024453125 0.36384062500000003 0.7055578125 0.36150625000000003 0.7117843749999999 0.36150625000000003 0.7148984375 0.35917187500000003 0.7180109375 0.35917187500000003 0.7289078124999999 0.351 0.7289078124999999 0.34866406250000004 0.738246875 0.341659375 0.738246875 0.339325 0.7444734375000001 0.3346546875 0.7444734375000001 0.3299859375
6 0.51875 1 0.51875 0.5 0 0.5 0 0.8348078125 0.161009375 0.902171875 0.175059375 0.8854171875000001 0.18910625 0.9105437500000001 0.343634375 0.96499375 0.40723125 1 0.51875 1
17 0.061503125000000006 0.6990328124999999 0.0732125 0.736728125 0.082578125 0.85400625 0.0954546875 0.8686609375 0.114184375 0.8686609375 0.1258921875 0.881228125 0.14813437499999998 0.883321875 0.1563296875 0.8770390625 0.175059375 0.881228125 0.1902765625 0.85400625 0.19261875 0.8288718749999999 0.17623125 0.79955625 0.16920625 0.7409171875 0.16218125 0.719978125 0.1598421875 0.6613390625 0.1434515625 0.61945625 0.1352546875 0.613171875 0.1258921875 0.6257390625 0.1188671875 0.6215499999999999 0.10716250000000001 0.6383062500000001 0.076725 0.65924375 0.0638453125 0.67809375 0.061503125000000006 0.6990328124999999
13 0.51875 1 0.51875 0.87920625 0.5051875 0.8519109374999999 0.4724078125 0.83515625 0.38343906250000004 0.826778125 0.3565125 0.8791328125 0.343634375 0.973371875 0.3982140625 1 0.51875 1
14 0.305003125 0.9377718749999999 0.305003125 0.9252062499999999 0.2979796875 0.900078125 0.2687125 0.8519109374999999 0.23593281250000003 0.8142171875 0.217203125 0.810028125 0.20549843750000002 0.8225890625 0.17623125 0.8916999999999999 0.1774015625 0.902171875 0.18910625 0.9105437500000001 0.21954375 0.918921875 0.25700625 0.9398671875 0.2851 0.9482437499999999 0.2944671875 0.9566171875 0.3003203125 0.954521875 0.305003125 0.9377718749999999
6 1 0.5 0.51875 0.5 0.51875 0.8666546875 0.66730625 1 1 1 1 0.5
14 0.6395765625000001 0.9412671874999999 0.689784375 0.8732078124999999 0.70613125 0.8627375 0.7166406249999999 0.84703125 0.7143046875 0.81561875 0.702628125 0.78420625 0.6664328125 0.7370875 0.62906875 0.71265625 0.58936875 0.7196374999999999 0.576525 0.7388328125 0.5508375 0.81561875 0.5485015625 0.87844375 0.5543390625 0.890659375 0.6033796875 0.939521875 0.6395765625000001 0.9412671874999999
12 0.51875 0.6449515625 0.51875 0.811221875 0.520478125 0.8086375 0.5321546875000001 0.7737359374999999 0.5391609374999999 0.7178921875000001 0.5718546875 0.6725187499999999 0.5683515625 0.6568125 0.51875 0.6449515625