6 0.312903125 0 0.3411453125 0.2277703125 0.27495625 0.22599375 0.3020828125 0.245525 0.24782968749999998 0.291690625 0.21853281249999998 0.39644843750000003 0.1436625 0.30944531249999996 0.11979218750000001 0.2206671875 0.142578125 0.2401984375 0.170790625 0.2401984375 0.171875 0.2277703125 0.131728125 0.1798296875 0.103515625 0.1798296875 0.08615468750000001 0.154971875 0.055771875000000005 0.1691765625 0.044921875 0.154971875 0.0427515625 0.1691765625 0.029731249999999997 0.15142031250000001 0.026475 0.1816046875 0.0036890625000000005 0.1975859375 0 0.1849625 0 0.34528593750000003 0.103515625 0.38224375 0.15776874999999999 0.42130625000000005 0.2076828125 0.42840937500000004 0.2163625 0.41065312499999995 0.21853281249999998 0.42840937500000004 0.3509109375 0.42130625000000005 0.371528125 0.4337359375 0.3791234375 0.4142046875 0.38780312499999997 0.4248578125 0.5180125 0.389346875 0.622178125 0.4035515625 0.6296875 0.38880625 0.6296875 0.304503125 0.620009375 0.3076703125 0.6015625 0.2845875 0.6276046875 0.2881390625 0.6276046875 0.2384234375 0.6124125 0.1816046875 0.5798609375 0.1531953125 0.5907125 0.11058281249999999 0.5201828125 0.0839484375 0.49848125000000004 0.2046875 0.48871562500000004 0.057315625 0.4787078125 0 0.312903125 0
7 0 0.33761874999999997 0.00694375 0.34140625 0.026475 0.32365 0.0026046875000000002 0.174503125 0 0.1667328125 0 0.33761874999999997
7 0.050346875 0.2029125 0.10026093750000001 0.3272015625 0.10677031249999999 0.391121875 0.1555984375 0.42130625000000005 0.20876718749999998 0.4266328125 0.215278125 0.38757031249999996 0.15234375 0.3272015625 0.09157968749999999 0.1602984375 0.0601125 0.165625 0.050346875 0.2029125
7 0.57118125 0.3946734375 0.58745625 0.39289843750000003 0.5993921875 0.3662640625 0.59288125 0.29524218750000003 0.6037328125 0.241975 0.5625 0.2100140625 0.6048171875 0.23664843750000003 0.6124125 0.2206671875 0.61024375 0.1816046875 0.591796875 0.1620734375 0.57660625 0.165625 0.55381875 0.23132031249999999 0.51475625 0.2845875 0.519096875 0.38757031249999996 0.57118125 0.3946734375
14 0.3932296875 0.4266328125 0.405165625 0.41065312499999995 0.50933125 0.39644843750000003 0.5060765625 0.291690625 0.465928125 0.26150625 0.40082500000000004 0.30411875 0.3888890625 0.369815625 0.3932296875 0.4266328125
14 0.371528125 0.43728749999999994 0.3736984375 0.3627125 0.3454859375 0.2881390625 0.318359375 0.254403125 0.2575953125 0.27926093750000003 0.215278125 0.41953125 0.3509109375 0.42130625000000005 0.371528125 0.43728749999999994
14 0.315478125 0 0.34765625 0.26328125 0.3595921875 0.293465625 0.391059375 0.30234375 0.47895000000000004 0.2401984375 0.4973953125 0.195809375 0.478190625 0 0.315478125 0
6 1 0.30108437499999996 0.9602671875000001 0.3181703125 0.8767875 0.24085312499999997 0.6879921875 0.196396875 0.666159375 0.3239703125 0.6296875 0.3279875 0.6296875 0.71875 1 0.71875 1 0.30108437499999996
13 0.6897171875 0.578821875 0.7006109375 0.57554375 0.7104171874999999 0.5640703125 0.7147718750000001 0.5542359375 0.7147718750000001 0.5411265625 0.712596875 0.5378484375 0.712596875 0.5083484375 0.7093265625 0.500153125 0.70496875 0.496875 0.6396015625 0.500153125 0.6297953125 0.5116265624999999 0.6296875 0.5119515625 0.6296875 0.5987171874999999 0.6330640625 0.601765625 0.645046875 0.6001265625000001 0.6483156250000001 0.5984875 0.654853125 0.585378125 0.6831796875 0.585378125 0.6897171875 0.578821875
13 0.7801421875 0.5476828125 0.82263125 0.526375 0.8520468749999999 0.4460703125 0.8520468749999999 0.43951406249999997 0.8433296875 0.43295781250000004 0.8542234375 0.4264 0.8520468749999999 0.4100140625 0.8607609374999999 0.4034578125 0.8607609374999999 0.3837875 0.8269890625 0.35264843749999997 0.811734375 0.3460921875 0.7877671875 0.3460921875 0.7637984375 0.3592046875 0.7539953125000001 0.370678125 0.7387406249999999 0.5280140624999999 0.76161875 0.54604375 0.7801421875 0.5476828125
13 0.8302578125 0.5804609375 0.8346140625 0.5968484375 0.8400609375 0.60504375 0.8531359374999999 0.60504375 0.8672984375 0.6132390625 0.87928125 0.608321875 0.9010703124999999 0.59193125 0.9043390625000001 0.5870171875 0.9021593749999999 0.5804609375 0.9021593749999999 0.5640703125 0.9086968750000001 0.5509609375 0.90651875 0.5411265625 0.872746875 0.496875 0.8662093750000001 0.496875 0.862940625 0.5050703125 0.8553124999999999 0.5132656250000001 0.8378828125 0.5198171874999999 0.828078125 0.5312921875 0.828078125 0.5640703125 0.8302578125 0.5673484375 0.8302578125 0.5804609375
0 1 0.71875 0.6296875 0.71875 0.6296875 0.9361656249999999 0.6305765625 0.9361656249999999 0.6334703125 0.9383359375 0.6421515624999999 0.9383359375 0.6450453125 0.94050625 0.6797703125 0.94050625 0.6826640625 0.9426765625 0.7116015625000001 0.9426765625 0.7144953125 0.944846875 0.723175 0.944846875 0.72606875 0.9470171875 0.7376437499999999 0.9470171875 0.7405375000000001 0.9491875000000001 0.74921875 0.9491875000000001 0.75500625 0.944846875 0.7579 0.944846875 0.76079375 0.9426765625 0.769475 0.9426765625 0.770921875 0.9437609374999999 0.770921875 0.9481031249999999 0.773815625 0.9502734374999999 0.773815625 0.9546140624999999 0.7752625 0.9556984375 0.7839437499999999 0.9556984375 0.7868375000000001 0.9535281250000001 0.7926249999999999 0.9535281250000001 0.79551875 0.9513578125000001 0.8099875000000001 0.9513578125000001 0.81288125 0.9491875000000001 0.8157734375000001 0.9513578125000001 0.8186671875 0.9513578125000001 0.8215609374999999 0.9535281250000001 0.8476046875 0.9535281250000001 0.8533921875000001 0.9578703125000001 0.917053125 0.9578703125000001 0.9199468749999999 0.9556984375 0.9865031249999999 0.9556984375 0.9893968750000001 0.9535281250000001 0.9922906250000001 0.9535281250000001 0.995184375 0.9513578125000001 0.9980781249999999 0.9513578125000001 1 0.9528000000000001 1 0.71875
1 0.7680281250000001 0.8938406249999999 0.769475 0.8949265625 0.7752625 0.8949265625 0.77815625 0.8970968750000001 0.7796031250000001 0.8960109375 0.782496875 0.8938406249999999 0.782496875 0.8895 0.785390625 0.8873296875 0.785390625 0.8808187500000001 0.788284375 0.8786484375000001 0.788284375 0.8743078125 0.7839437499999999 0.8710515624999999 0.7752625 0.8710515624999999 0.773815625 0.8721375 0.773815625 0.876478125 0.770921875 0.8786484375000001 0.770921875 0.8829890625000001 0.7680281250000001 0.885159375 0.7680281250000001 0.8938406249999999