6 0 0 0 1 1 1 1 0 0 0
12 0.6386453125 0.3515625 0.5873140625 0.3916015625 0.5682140625 0.4521484375 0.5753765625 0.5068359375 0.5992515625 0.5478515625 0.6255140625 0.5693359375 0.6183515625 0.5849609375 0.6183515625 0.6025390625 0.6255140625 0.6162109375 0.64341875 0.626953125 0.66490625 0.626953125 0.6816187499999999 0.619140625 0.69594375 0.60546875 0.7389171875 0.61328125 0.7818921875 0.611328125 0.820090625 0.6015625 0.8582906250000001 0.583984375 0.8881343749999999 0.5595703125 0.892909375 0.5361328125 0.9263328124999999 0.4951171875 0.9275265625 0.44921875 0.9215578125 0.4248046875 0.9048453125 0.3935546875 0.866646875 0.3564453125 0.8738093750000001 0.3408203125 0.871421875 0.3291015625 0.8642593749999999 0.3154296875 0.853515625 0.310546875 0.822478125 0.3125 0.8009921875 0.328125 0.7580171874999999 0.322265625 0.69116875 0.328125 0.6386453125 0.3515625
16 0.2662015625 0.474609375 0.299625 0.470703125 0.3354375 0.486328125 0.3617 0.48828125 0.5431468749999999 0.451171875 0.5622453125 0.451171875 0.5706015625 0.4404296875 0.5849265625 0.3935546875 0.6004453125 0.375 0.5956703125 0.3671875 0.5861203125000001 0.365234375 0.547921875 0.365234375 0.493009375 0.380859375 0.4309359375 0.384765625 0.3402125 0.404296875 0.2972390625 0.423828125 0.2829140625 0.4375 0.26142656249999996 0.439453125 0.2554578125 0.4443359375 0.2578453125 0.4658203125 0.2662015625 0.474609375
16 0.23397031250000003 0.5927734375 0.2291953125 0.6220703125 0.23158281249999998 0.6435546875 0.2494890625 0.662109375 0.2662015625 0.66796875 0.2853015625 0.66796875 0.3044 0.6640625 0.31991875 0.6513671875 0.33424375 0.6201171875 0.33424375 0.5791015625 0.35095624999999997 0.5458984375 0.3545375 0.5 0.34976250000000003 0.490234375 0.3235 0.484375 0.299625 0.47265625 0.2912703125 0.4736328125 0.2936578125 0.4794921875 0.2829140625 0.490234375 0.2685890625 0.484375 0.2554578125 0.4892578125 0.24829531249999998 0.5185546875 0.23635781250000001 0.5341796875 0.2459078125 0.5712890625 0.23397031250000003 0.5927734375
16 0.2829140625 0.404296875 0.2900765625 0.41796875 0.3020125 0.41796875 0.3258875 0.40625 0.356925 0.400390625 0.36766875 0.3896484375 0.37721875 0.3212890625 0.37244375 0.2490234375 0.38199375 0.2080078125 0.38079999999999997 0.142578125 0.366475 0.123046875 0.3426 0.115234375 0.2948515625 0.11328125 0.2745578125 0.1240234375 0.2697828125 0.2119140625 0.2769453125 0.2666015625 0.26739531250000004 0.3037109375 0.2650078125 0.3642578125 0.2697828125 0.3935546875 0.2769453125 0.3974609375 0.2745578125 0.4052734375 0.2829140625 0.404296875
16 0.193384375 0.4521484375 0.210096875 0.4716796875 0.2256140625 0.482421875 0.2351640625 0.484375 0.2542640625 0.482421875 0.2626203125 0.4755859375 0.2626203125 0.4716796875 0.2578453125 0.4658203125 0.2530703125 0.4482421875 0.26142656249999996 0.439453125 0.2709765625 0.439453125 0.27933281249999997 0.4365234375 0.2841078125 0.4287109375 0.2829140625 0.421875 0.2697828125 0.4130859375 0.2697828125 0.3994140625 0.2638140625 0.39453125 0.2590390625 0.392578125 0.23038906250000002 0.392578125 0.2232265625 0.39453125 0.21367656249999997 0.3984375 0.198159375 0.4111328125 0.193384375 0.4189453125 0.190996875 0.4248046875 0.190996875 0.4462890625 0.193384375 0.4521484375
16 0.4595859375 0.220703125 0.4201921875 0.2626953125 0.37721875 0.3388671875 0.37005625000000003 0.3935546875 0.3855734375 0.39453125 0.45719843750000005 0.380859375 0.525240625 0.3037109375 0.541953125 0.2724609375 0.540759375 0.255859375 0.490621875 0.22265625 0.4595859375 0.220703125
16 0.532403125 0.0927734375 0.541953125 0.1142578125 0.5968640625 0.1826171875 0.6183515625 0.2177734375 0.70071875 0.29296875 0.7317546875 0.306640625 0.7604046875 0.3046875 0.8093484375 0.2724609375 0.8188968750000001 0.2568359375 0.820090625 0.240234375 0.7735359374999999 0.1708984375 0.7401109375 0.1494140625 0.7162375 0.1162109375 0.65296875 0.05859375 0.6219328125 0.041015625 0.5765703125 0.033203125 0.5550828125 0.015625 0.540759375 0.015625 0.525240625 0.0263671875 0.5228531249999999 0.0361328125 0.539565625 0.0556640625 0.532403125 0.0927734375
20 0.4464546875 0.9521484375 0.43212968749999997 0.9833984375 0.43212968749999997 0.9912109375 0.44526093749999995 1 0.6004453125 0.998046875 0.533596875 0.96875 0.4667484375 0.947265625 0.45242343749999997 0.947265625 0.4464546875 0.9521484375
12 0.0752046875 0 0.0549109375 0.0791015625 0.0572984375 0.0888671875 0.1277296875 0.103515625 0.146828125 0.1015625 0.159959375 0.0849609375 0.171896875 0.0224609375 0.170703125 0 0.0752046875 0
12 0.193384375 0.0634765625 0.20054687499999999 0.0869140625 0.211290625 0.09765625 0.2268078125 0.0888671875 0.22800156249999998 0.044921875 0.2220328125 0.0009765625 0.180253125 0 0.174284375 0.0517578125 0.193384375 0.0634765625