6 0 0 0 0.17510781250000002 0.051621875 0.18264843749999998 0.065559375 0.17484375000000002 0.07485 0.18655 0.084140625 0.18655 0.09343281249999999 0.17484375000000002 0.1933140625 0.17484375000000002 0.21421874999999999 0.18655 0.231640625 0.18460000000000001 0.26299843749999996 0.18264843749999998 0.2699671875 0.17484375000000002 0.3396515625 0.18264843749999998 0.35591093749999997 0.1670390625 0.397721875 0.1670390625 0.418628125 0.17484375000000002 0.459375 0.17484375000000002 0.459375 0 0.302684375 0 0.28390468750000003 0.014846875 0.27345156249999997 0.0011890625 0.273275 0 0 0
3 0.1364046875 0.1728921875 0.16195625 0.1728921875 0.1573109375 0.1299671875 0.144534375 0.12411406250000001 0.1340828125 0.1416734375 0.1364046875 0.1728921875
16 0.3628796875 0.0889921875 0.3698484375 0.096796875 0.3895921875 0.0948453125 0.39423906249999996 0.07923593749999999 0.3837859375 0.053870312499999996 0.36520312499999996 0.04996875 0.3593953125 0.055821875 0.3570734375 0.075334375 0.3628796875 0.0889921875
16 0.42908125 0 0.42908125 0.0050921874999999995 0.4348875 0.014846875 0.4499859375 0.012896874999999999 0.459375 0.005009375 0.459375 0 0.42908125 0
16 0.42298437499999997 0 0.41514375000000003 0.0207015625 0.41514375000000003 0.044115625000000006 0.42327343749999996 0.061675 0.4267578125 0.05972499999999999 0.44069531250000005 0.044115625000000006 0.44069531250000005 0.0207015625 0.4238921875 0 0.42298437499999997 0
16 0.448825 0.014846875 0.4430171875 0.0402125 0.458115625 0.061675 0.459375 0.061440625000000006 0.459375 0.008201562499999999 0.448825 0.014846875
21 0.18750625 0.168990625 0.1898296875 0.1455765625 0.185184375 0.1221625 0.172409375 0.116309375 0.16195625 0.1455765625 0.164278125 0.1650875 0.16776249999999998 0.1709421875 0.18750625 0.168990625
13 0.13749687500000002 0 0.14801875 0.0324078125 0.1700859375 0.065578125 0.194475 0.0636265625 0.2235109375 0.053870312499999996 0.2304796875 0.0421640625 0.28855 0.0421640625 0.2897109375 0.0324078125 0.27345156249999997 0.0011890625 0.27329375 0 0.13749687500000002 0
13 0.010115625 0 0.006326562500000001 0.0050921874999999995 0.0098109375 0.01875 0.035362500000000005 0.0265546875 0.0609125 0.057773437500000004 0.06904375 0.055821875 0.0992390625 0.00899375 0.101025 0 0.010115625 0
13 0.101534375 0 0.0992390625 0.00899375 0.05510625 0.075334375 0.06323593749999999 0.1046015625 0.0771734375 0.11240625 0.0992390625 0.11045468750000001 0.164278125 0.0675296875 0.1343890625 0 0.101534375 0
3 0.3329109375 0 0.3396515625 0.022653125 0.3570734375 0.024603125 0.3640421875 0.012896874999999999 0.3640421875 0 0.3329109375 0
3 0.363684375 0 0.36171875 0.0363109375 0.36752656250000004 0.04996875 0.3803015625 0.0480171875 0.3872703125 0.0363109375 0.3822828125 0 0.363684375 0
3 0.382765625 0 0.3826234375 0.0011890625 0.3872703125 0.012896874999999999 0.3930765625 0.022653125 0.41282031249999995 0.0207015625 0.41978906250000003 0.0050921874999999995 0.4187796875 0 0.382765625 0
3 0 0.1572828125 0.010971875 0.1572828125 0.04116875 0.106553125 0.030715625000000003 0.077284375 0.0167796875 0.06948125000000001 0.006326562500000001 0.07923593749999999 0 0.09624218749999999 0 0.1572828125
21 0.38610781250000004 0.1202109375 0.372171875 0.12801562500000002 0.3686875 0.1572828125 0.37681718750000004 0.1670390625 0.391915625 0.1650875 0.39423906249999996 0.13386875 0.38610781250000004 0.1202109375
16 0.0667203125 0.1767953125 0.0771734375 0.190453125 0.0829796875 0.1885015625 0.0899484375 0.180696875 0.092271875 0.16118593750000001 0.08181875 0.139721875 0.0771734375 0.139721875 0.0667203125 0.1572828125 0.0667203125 0.1767953125
0 1 0.0551640625 0.5713375 0.1657015625 0.59719375 0.4042328125 0.842234375 0.47202968749999996 0.966778125 0.4190703125 1 0.2677125 1 0.0551640625
17 0.8322390625 0.21302343750000002 0.8291484375 0.21070625 0.8291484375 0.2083875 0.8260578125 0.20606874999999997 0.8260578125 0.2014328125 0.8229671875 0.199115625 0.8229671875 0.18984218749999998 0.8214218750000001 0.188684375 0.81833125 0.188684375 0.815240625 0.186365625 0.7936046875 0.186365625 0.7905140625 0.188684375 0.77815 0.188684375 0.775059375 0.1910015625 0.768878125 0.1910015625 0.7657875 0.19332031249999998 0.756515625 0.19332031249999998 0.750334375 0.19795625 0.7472421875 0.19795625 0.7441515625 0.20027499999999998 0.7410609375 0.20027499999999998 0.7379703125 0.19795625 0.7348796875 0.20027499999999998 0.7317890625000001 0.20027499999999998 0.73024375 0.2014328125 0.733334375 0.2037515625 0.733334375 0.20606874999999997 0.7317890625000001 0.207228125 0.7286984375000001 0.207228125 0.727153125 0.20606874999999997 0.727153125 0.2037515625 0.7256078125000001 0.2025921875 0.720971875 0.20606874999999997 0.7256078125000001 0.20954687500000002 0.7286984375000001 0.20954687500000002 0.73024375 0.21070625 0.73024375 0.21534218749999998 0.7379703125 0.2211375 0.739515625 0.219978125 0.739515625 0.2037515625 0.7410609375 0.2025921875 0.7472421875 0.2025921875 0.7518796875 0.20606874999999997 0.7518796875 0.21302343750000002 0.7487890625 0.21534218749999998 0.7518796875 0.217659375 0.7518796875 0.22925 0.7549703125 0.23156875000000002 0.7549703125 0.23388593750000003 0.7518796875 0.23620468749999998 0.7518796875 0.2385234375 0.750334375 0.23968124999999998 0.7472421875 0.23968124999999998 0.7456968749999999 0.240840625 0.7456968749999999 0.243159375 0.7426062499999999 0.2454765625 0.7426062499999999 0.2501125 0.739515625 0.25243125 0.739515625 0.2895203125 0.736425 0.29183906249999997 0.736425 0.29415625 0.73024375 0.29879218750000003 0.73024375 0.3034296875 0.727153125 0.305746875 0.727153125 0.3173375 0.7286984375000001 0.318496875 0.7348796875 0.318496875 0.7379703125 0.3208140625 0.753425 0.3208140625 0.756515625 0.318496875 0.7812421875 0.318496875 0.7843328125 0.31617812500000003 0.7874234375 0.31617812500000003 0.7905140625 0.318496875 0.8245125 0.318496875 0.8276031250000001 0.3208140625 0.83069375 0.3208140625 0.8322390625 0.31965625000000003 0.8337843749999999 0.318496875 0.8461484374999999 0.318496875 0.84769375 0.3173375 0.84769375 0.28256562500000004 0.8446031250000001 0.2802484375 0.8446031250000001 0.27329375 0.8415109375000001 0.2709765625 0.8415109375000001 0.26170312500000004 0.8384203125 0.2593859375 0.8384203125 0.23620468749999998 0.8353296875 0.23388593750000003 0.8353296875 0.2246140625 0.8322390625 0.222296875 0.8322390625 0.21302343750000002
6 0.459375 1 0.459375 0.4796875 0 0.4796875 0 1 0.459375 1
6 0.8959875 0.8170671875 0.8948281250000001 0.815521875 0.8925109375 0.815521875 0.887875 0.8093406249999999 0.8855562499999999 0.8093406249999999 0.8832390625000001 0.81243125 0.8809203125 0.81243125 0.87744375 0.8077953125 0.87744375 0.7923421875 0.876284375 0.7907968750000001 0.8507859375000001 0.7907968750000001 0.8461484374999999 0.796978125 0.84383125 0.796978125 0.840353125 0.8016140625 0.840353125 0.8108859374999999 0.8357171875 0.8170671875 0.8380359374999999 0.8201578125 0.8380359374999999 0.838703125 0.8357171875 0.8417937500000001 0.8357171875 0.8479749999999999 0.8380359374999999 0.851065625 0.8380359374999999 0.8541578124999999 0.8473078125000001 0.8665203125 0.8473078125000001 0.8696109375000001 0.8484671875 0.87115625 0.8577390625 0.87115625 0.8588984375000001 0.8696109375000001 0.8600578125 0.8680656250000001 0.8623749999999999 0.8680656250000001 0.86469375 0.8649749999999999 0.8670125000000001 0.8649749999999999 0.8693296875 0.861884375 0.873965625 0.861884375 0.876284375 0.85879375 0.8786015624999999 0.85879375 0.8936703125 0.838703125 0.8936703125 0.8356125000000001 0.8983062500000001 0.8294312500000001 0.8983062500000001 0.8263406249999999 0.8959875 0.82325 0.8959875 0.8170671875
6 1 0.4796875 0.459375 0.4796875 0.459375 0.7104359375 0.461346875 0.7104359375 0.46366562499999997 0.7135265625 0.4706203125 0.7135265625 0.4729375 0.7104359375 0.5007546875 0.7104359375 0.5030734375 0.7135265625 0.505390625 0.7135265625 0.507709375 0.7166171875 0.5146625 0.7166171875 0.51698125 0.7197078125 0.5239359375 0.7197078125 0.528571875 0.7258890625000001 0.5401625 0.7258890625000001 0.5413218750000001 0.72434375 0.5413218750000001 0.7181625 0.5447984375 0.7135265625 0.5471171874999999 0.7135265625 0.55059375 0.7181625 0.55059375 0.72434375 0.5471171874999999 0.72898125 0.5447984375 0.72898125 0.5413218750000001 0.7336171874999999 0.5413218750000001 0.7367078125 0.5401625 0.7382531250000001 0.5355265625000001 0.7382531250000001 0.5320484375000001 0.7428890625 0.5332078124999999 0.744434375 0.5447984375 0.744434375 0.5471171874999999 0.74134375 0.55870625 0.74134375 0.561025 0.7382531250000001 0.5656609375 0.7382531250000001 0.5679796875 0.7351625 0.570296875 0.7351625 0.572615625 0.732071875 0.5865234375 0.732071875 0.5888421875 0.72898125 0.595796875 0.72898125 0.5969546875 0.7305265624999999 0.5969546875 0.7336171874999999 0.5981140625 0.7351625 0.60506875 0.7351625 0.6073859374999999 0.732071875 0.6120234375 0.732071875 0.614340625 0.7351625 0.62825 0.7351625 0.6305671875 0.7382531250000001 0.6328859375 0.7351625 0.6444765625 0.7351625 0.6514296875000001 0.7258890625000001 0.6908375 0.7258890625000001 0.69315625 0.72898125 0.702428125 0.72898125 0.7047453124999999 0.7258890625000001 0.7117 0.7258890625000001 0.7140187499999999 0.72898125 0.7163359375 0.72898125 0.7186546875000001 0.7258890625000001 0.720971875 0.72898125 0.723290625 0.72898125 0.72445 0.7305265624999999 0.72445 0.7336171874999999 0.725609375 0.7351625 0.73488125 0.7351625 0.736040625 0.7336171874999999 0.736040625 0.7305265624999999 0.7418359375 0.7227984375000001 0.7812421875 0.7227984375000001 0.7835609375 0.7197078125 0.8021062499999999 0.7197078125 0.8044234375 0.7166171875 0.82296875 0.7166171875 0.8287640625 0.72434375 0.8287640625 0.7336171874999999 0.8322406250000001 0.7382531250000001 0.873965625 0.7382531250000001 0.876284375 0.7351625 0.897146875 0.7351625 0.899465625 0.7382531250000001 0.9041015625 0.7382531250000001 0.9064187499999999 0.74134375 0.9110546875000001 0.74134375 0.9133734375 0.744434375 0.9203281249999999 0.744434375 0.9214874999999999 0.7428890625 0.9226453125 0.74134375 0.9296 0.74134375 0.93191875 0.7382531250000001 0.941190625 0.7382531250000001 0.9458265625 0.732071875 0.9481453125 0.732071875 0.9527812499999999 0.7258890625000001 0.9574171874999999 0.7258890625000001 0.959734375 0.7227984375000001 0.964371875 0.7227984375000001 0.9666890625000001 0.7197078125 0.9782796875 0.7197078125 0.9805984375 0.7166171875 0.9852343749999999 0.7227984375000001 0.9875515625 0.7227984375000001 0.9887109374999999 0.72434375 0.9887109374999999 0.7274359375 0.9898703125000001 0.72898125 0.9991421875000001 0.72898125 1 0.7301234375 1 0.4796875
17 0.7302453125 0.49408124999999997 0.7279265625 0.497171875 0.725609375 0.497171875 0.72213125 0.5018078125 0.72213125 0.526534375 0.72445 0.529625 0.72445 0.5388984375 0.7267671874999999 0.5419890625 0.7267671874999999 0.5512609375 0.7279265625 0.5528062499999999 0.7418359375 0.5528062499999999 0.744153125 0.555896875 0.7511078125 0.555896875 0.7522671875 0.5543515625000001 0.7534265625 0.5528062499999999 0.765015625 0.5528062499999999 0.7731296875 0.5419890625 0.7731296875 0.5388984375 0.775446875 0.53580625 0.775446875 0.532715625 0.7731296875 0.529625 0.7731296875 0.5049 0.7708109375000001 0.5018078125 0.7708109375000001 0.49562656250000003 0.767334375 0.49099062499999996 0.7557437499999999 0.49099062499999996 0.7534265625 0.49408124999999997 0.7302453125 0.49408124999999997
17 0.8507859375000001 0.8309765625000001 0.8496265624999999 0.832521875 0.8496265624999999 0.8356125000000001 0.8507859375000001 0.8371578124999999 0.85194375 0.8356125000000001 0.85194375 0.832521875 0.8507859375000001 0.8309765625000001
17 0.8948281250000001 0.8402484375 0.899465625 0.8340671875 0.9017828124999999 0.8340671875 0.9029421875000001 0.832521875 0.9006234375 0.8294312500000001 0.9006234375 0.8263406249999999 0.8913515625 0.8139765625000001 0.8913515625 0.8108859374999999 0.8867156250000001 0.8047046874999999 0.8867156250000001 0.8016140625 0.876284375 0.7877046875 0.873965625 0.7907968750000001 0.8716484375 0.7907968750000001 0.8693296875 0.7938875000000001 0.8670125000000001 0.7938875000000001 0.8577390625 0.80625 0.855421875 0.80625 0.8461484374999999 0.8186125000000001 0.84383125 0.8186125000000001 0.8391953125 0.8247953125 0.8368765625 0.8247953125 0.8310812500000001 0.832521875 0.8310812500000001 0.8417937500000001 0.8333999999999999 0.844884375 0.8333999999999999 0.8479749999999999 0.842671875 0.8603390624999999 0.842671875 0.8634296875 0.8507859375000001 0.8742468750000001 0.853103125 0.8742468750000001 0.8542624999999999 0.8727015625 0.855421875 0.87115625 0.8577390625 0.87115625 0.8600578125 0.8680656250000001 0.8623749999999999 0.8680656250000001 0.86469375 0.8649749999999999 0.8670125000000001 0.8649749999999999 0.8693296875 0.861884375 0.8716484375 0.861884375 0.873965625 0.85879375 0.876284375 0.85879375 0.8809203125 0.8526109375 0.8832390625000001 0.8526109375 0.8925109375 0.8402484375 0.8948281250000001 0.8402484375
17 0.5135046875 0.5079906249999999 0.50423125 0.520353125 0.50423125 0.52344375 0.5030734375 0.5249890625 0.5007546875 0.5249890625 0.49727812499999996 0.529625 0.49727812499999996 0.532715625 0.4926421875 0.5388984375 0.4926421875 0.5419890625 0.4880046875 0.5481703125 0.4880046875 0.5512609375 0.48336875 0.5574421875 0.48336875 0.5605328125 0.476415625 0.56980625 0.476415625 0.572896875 0.47409687500000003 0.5759875 0.47409687500000003 0.579078125 0.47525625 0.5806234375 0.476415625 0.579078125 0.48220937499999994 0.5713515625000001 0.4891640625 0.5713515625000001 0.4914828125 0.5744421875 0.5401625 0.5744421875 0.5413218750000001 0.572896875 0.539003125 0.56980625 0.5413218750000001 0.5667140625 0.5413218750000001 0.5605328125 0.5436390624999999 0.5574421875 0.5436390624999999 0.5419890625 0.5413218750000001 0.5388984375 0.5413218750000001 0.532715625 0.5436390624999999 0.529625 0.5436390624999999 0.52344375 0.5459578125 0.520353125 0.5459578125 0.5172625 0.5482750000000001 0.514171875 0.5482750000000001 0.5110812499999999 0.55059375 0.5079906249999999 0.55059375 0.5049 0.5529109375 0.5018078125 0.5529109375 0.49871718749999994 0.5552296875 0.49562656250000003 0.5552296875 0.4925359375 0.5575484375 0.4894453125 0.5575484375 0.4863546875 0.561025 0.48171875000000003 0.56334375 0.48171875000000003 0.564865625 0.4796875 0.5277765624999999 0.4796875 0.5274125 0.48017343749999997 0.5274125 0.4832640625 0.5227765625 0.4894453125 0.5227765625 0.4925359375 0.5135046875 0.5049 0.5135046875 0.5079906249999999
13 0.8113781250000001 0.6362578125 0.8021062499999999 0.6238937499999999 0.79746875 0.6238937499999999 0.7951515625 0.620803125 0.790515625 0.620803125 0.788196875 0.6238937499999999 0.7858796875 0.6238937499999999 0.7835609375 0.6269843749999999 0.778925 0.6269843749999999 0.77660625 0.6300749999999999 0.7742890625000001 0.6300749999999999 0.7719703124999999 0.6331671875 0.767334375 0.6331671875 0.765015625 0.6362578125 0.7626984375 0.6362578125 0.7615390625 0.637803125 0.7615390625 0.6439843749999999 0.7626984375 0.6455296875000001 0.765015625 0.6455296875000001 0.767334375 0.6486203125000001 0.7719703124999999 0.6486203125000001 0.7742890625000001 0.6517109375000001 0.77660625 0.6517109375000001 0.7812421875 0.6578921875 0.788196875 0.6578921875 0.78935625 0.656346875 0.7916734375 0.65325625 0.790515625 0.6517109375000001 0.788196875 0.6517109375000001 0.7870375000000001 0.650165625 0.788196875 0.6486203125000001 0.8044234375 0.6486203125000001 0.8067421875 0.6455296875000001 0.809059375 0.6455296875000001 0.8113781250000001 0.6486203125000001 0.8136953124999999 0.6486203125000001 0.8171734374999999 0.6439843749999999 0.8171734374999999 0.64089375 0.8136953124999999 0.6362578125 0.8113781250000001 0.6362578125