6 0 0 0 0.459375 0.65 0.459375 0.65 0.4072046875 0.6411625 0.403478125 0.6432125 0.39771718749999996 0.65 0.3959828125 0.65 0.3809578125 0.6309171874999999 0.3815890625 0.612475 0.3643078125 0.5919828125000001 0.35969843749999997 0.587884375 0.3435703125 0.618621875 0.337809375 0.65 0.3400140625 0.65 0.294228125 0.6350156250000001 0.296334375 0.59608125 0.27675 0.587884375 0.2514046875 0.5223109375 0.2145375 0.5305078125 0.2007125 0.5469 0.191496875 0.5469 0.1822796875 0.5366546875 0.174215625 0.5120640625 0.174215625 0.4833765625 0.167303125 0.4546875 0.1511734375 0.42804843750000005 0.1592375 0.42804843750000005 0.1753671875 0.46288437499999996 0.1926484375 0.4833765625 0.1926484375 0.487475 0.2064734375 0.40140937499999996 0.19956093749999998 0.3563265625 0.2133859375 0.323540625 0.2156890625 0.305096875 0.207625 0.31329375000000004 0.1961046875 0.274359375 0.174215625 0.2415734375 0.1719109375 0.2313265625 0.163846875 0.34608125 0.0970265625 0.38911406249999997 0.0659203125 0.44649062500000003 0.0474875 0.4751796875 0.0474875 0.48132656249999994 0.04403125 0.4751796875 0.035965625 0.40140937499999996 0.040575 0.38706406250000003 0.011773437500000001 0.3727203125 0.0037078125 0.3331453125 0 0 0
13 0.1222921875 0.459375 0.135015625 0.4530171875 0.1555078125 0.4530171875 0.16843125 0.459375 0.22884687499999998 0.459375 0.24567187499999998 0.455321875 0.2476375 0.459375 0.34094531250000004 0.459375 0.2784578125 0.427671875 0.22108124999999998 0.4115421875 0.11862187500000002 0.4115421875 0.06329375000000001 0.44725625 0.0668859375 0.459375 0.1222921875 0.459375
13 0.24567187499999998 0.20416875 0.25181875 0.198409375 0.2313265625 0.163846875 0.1759984375 0.12352343750000001 0.09403125 0.098178125 0.04895 0.10048281249999999 0.0182125 0.11315468749999999 0.0182125 0.1684546875 0.0366546875 0.17882343750000002 0.06534375 0.19034374999999998 0.11862187500000002 0.18804062500000002 0.14321250000000002 0.20877812499999998 0.198540625 0.207625 0.24567187499999998 0.20416875
13 0.026409375000000002 0.44034375 0.0448515625 0.44840937500000005 0.0591953125 0.44725625 0.104278125 0.41960625 0.104278125 0.41039062499999995 0.08583437499999999 0.402325 0.04895 0.402325 0.0223109375 0.417303125 0.026409375000000002 0.44034375
13 0.14225937500000002 0.3677640625 0.10742343750000001 0.37813281249999997 0.103325 0.40117343749999995 0.11357187500000002 0.4092375 0.1934890625 0.41039062499999995 0.2119328125 0.4092375 0.22217812499999998 0.403478125 0.22217812499999998 0.389653125 0.1996375 0.3700671875 0.14225937500000002 0.3677640625
13 0.22722812499999998 0.396565625 0.2948515625 0.4115421875 0.31329375000000004 0.41039062499999995 0.3173921875 0.39886875 0.3009984375 0.3735234375 0.26616249999999997 0.35624218750000003 0.2333765625 0.358546875 0.2149328125 0.375828125 0.22722812499999998 0.396565625
13 0 0.412215625 0.0038671875 0.41384687500000006 0.0182125 0.41269375 0.053048437500000004 0.400021875 0.0899328125 0.400021875 0.11247499999999999 0.3735234375 0.1473109375 0.36545937500000003 0.14935937500000002 0.3573953125 0.12681875 0.344721875 0.10632656250000001 0.3424171875 0.024359375 0.3631546875 0 0.3613296875 0 0.412215625
13 0.3645234375 0.3815890625 0.3296875 0.389653125 0.31534375 0.41384687500000006 0.2784578125 0.4092375 0.24976875 0.400021875 0.235425 0.40117343749999995 0.2313265625 0.41039062499999995 0.24567187499999998 0.4184546875 0.2866546875 0.42997500000000005 0.335834375 0.457625 0.3476609375 0.459375 0.38115156250000004 0.459375 0.40960625000000006 0.441496875 0.4977203125 0.4495609375 0.48952343750000005 0.424215625 0.4546875 0.3954140625 0.40960625000000006 0.3838921875 0.3645234375 0.3815890625
13 0.44649062500000003 0.372371875 0.46903125 0.3712203125 0.49567187500000004 0.3677640625 0.5059171874999999 0.3573953125 0.48952343750000005 0.3435703125 0.48132656249999994 0.318225 0.4649328125 0.29979062500000003 0.43829375 0.289421875 0.3727203125 0.296334375 0.3419828125 0.318225 0.3419828125 0.32744062500000004 0.37681875 0.3262890625 0.42190000000000005 0.3401140625 0.4444421875 0.355090625 0.44034375 0.36891562499999997 0.44649062500000003 0.372371875
13 0.477228125 0.24449218749999999 0.4526390625 0.2606203125 0.45673593749999997 0.2882703125 0.524359375 0.30785625 0.5632937499999999 0.3090078125 0.612475 0.3044 0.587884375 0.25370781249999996 0.5366546875 0.22490625 0.487475 0.2272109375 0.477228125 0.24449218749999999
13 0.3932125 0.2709890625 0.4259984375 0.28711875 0.4546875 0.28711875 0.49567187500000004 0.3055515625 0.604278125 0.30670312499999997 0.6083765624999999 0.29979062500000003 0.587884375 0.25370781249999996 0.5366546875 0.22260156250000002 0.4751796875 0.2064734375 0.42190000000000005 0.2064734375 0.4198515625 0.2122328125 0.3932125 0.22490625 0.3665734375 0.22605781249999998 0.40140937499999996 0.2295140625 0.40755625 0.23988281250000001 0.360425 0.2548609375 0.3501796875 0.2606203125 0.352228125 0.26638125 0.3932125 0.2709890625
13 0 0.3206453125 0.04895 0.31246406250000003 0.06329375000000001 0.3020953125 0.0038671875 0.282509375 0 0.2792484375 0 0.3206453125
13 0 0.21121093750000003 0.0161625 0.22029843750000003 0.0223109375 0.21914531249999997 0.0591953125 0.20532187500000001 0.06329375000000001 0.1938 0.028457812500000002 0.174215625 0 0.172215625 0 0.21121093750000003
13 0.2948515625 0.0728328125 0.3173921875 0.07859374999999999 0.31329375000000004 0.067071875 0.321490625 0.062464062499999994 0.321490625 0.053246875000000006 0.2948515625 0.029053125000000003 0.229278125 0.0382703125 0.20673593750000002 0.048639062500000003 0.2026390625 0.060159375 0.21903125 0.07859374999999999 0.2395234375 0.08089687500000001 0.2702609375 0.0797453125 0.2948515625 0.0728328125
16 0.2580984375 0 0.26411406249999997 0.00946875 0.2784578125 0.0175328125 0.2969 0.0186859375 0.30714687500000004 0.0083171875 0.321490625 0.0071640625 0.321490625 0 0.2580984375 0
13 0.305096875 0.0348140625 0.321490625 0.060159375 0.3419828125 0.060159375 0.3583765625 0.046334375 0.354278125 0.02329375 0.32763906249999997 0.0083171875 0.30714687500000004 0.0083171875 0.288703125 0.025596875 0.305096875 0.0348140625
13 0.071490625 0 0.071490625 0.01638125 0.09403125 0.026750000000000003 0.10837656250000001 0.025596875 0.165753125 0.02329375 0.1698515625 0.0186859375 0.1615421875 0 0.071490625 0
13 0.2149328125 0.073984375 0.1944421875 0.060159375 0.17395 0.03020625 0.15960625 0.0244453125 0.1227203125 0.0244453125 0.073540625 0.0336625 0.071490625 0.039421875 0.10017968749999999 0.053246875000000006 0.12067187500000001 0.073984375 0.1678015625 0.10278593750000001 0.17395 0.10163437500000001 0.2149328125 0.0832015625 0.2149328125 0.073984375
13 0 0 0 0.031921875 0.038703125 0.032509375 0.057146875 0.029053125000000003 0.071490625 0.01638125 0.071490625 0 0 0
13 0.59608125 0.4149984375 0.5817359375 0.40693437499999996 0.5120640625 0.393109375 0.49157343750000004 0.3908046875 0.48542500000000005 0.3942609375 0.48542500000000005 0.40117343749999995 0.4977203125 0.4080859375 0.493621875 0.4149984375 0.50181875 0.4288234375 0.5161625 0.4368875 0.5755890625 0.438040625 0.59608125 0.43112812500000003 0.59608125 0.4149984375
22 0.7362765625 0.36171875 0.676928125 0.459375 0.9600796875000001 0.459375 0.9593343750000001 0.43471875000000004 0.93046875 0.3479078125 0.8779828125 0.280825 0.8031937499999999 0.2571515625 0.7598921875 0.27885468750000003 0.7362765625 0.36171875
6 0.71003125 0.0223671875 0.6509859375 0.0677453125 0.65 0.0679671875 0.65 0.459375 0.9684890625 0.459375 0.9606484375000001 0.41498749999999995 0.9068515625 0.25123125 0.8569906250000001 0.0835296875 0.7861359375 0.0460421875 0.71003125 0.0223671875
9 0.7812171875 0.27654375 0.7546875 0.3094828125 0.7431546875 0.3580203125 0.6808687499999999 0.45163281250000004 0.6768484375 0.459375 0.9553828125000001 0.459375 0.9553828125000001 0.4377640625 0.936928125 0.3753546875 0.903478125 0.3181484375 0.8711828125000001 0.286946875 0.8273531249999999 0.26614218749999996 0.7812171875 0.27654375
22 0.02735625 1 0.12011875000000001 0.7804140625 0.13482812500000002 0.7237921875 0.271290625 0.5096109375 0.3342109375 0.504684375 0.352771875 0.459375 0 0.459375 0 1 0.02735625 1
22 0.4066484375 1 0.366078125 0.798878125 0.3007078125 0.81488125 0.24514062499999997 0.8407296875 0.1887578125 0.873965625 0.1560734375 0.9293578124999999 0.16526875000000002 1 0.4066484375 1
6 0.5682 1 0.5883734375 0.9517359375 0.558190625 0.93106875 0.6048375 0.867 0.5938625 0.8008640625 0.6322765625 0.7657296875 0.6213015625 0.7057953125 0.56505 0.6334609375 0.49233593750000004 0.5259890625 0.40590000000000004 0.46398906249999994 0.3386734375 0.49705625 0.348796875 0.459375 0 0.459375 0 1 0.5682 1
9 0.46871718749999997 0.8095734374999999 0.46987187500000005 0.8460421874999999 0.5459968749999999 0.93288125 0.5713734374999999 0.9016187499999999 0.5829093750000001 0.8703578125 0.5829093750000001 0.8008890624999999 0.577140625 0.7956796875000001 0.5609921875 0.8165203125 0.5010125000000001 0.8373609375 0.46871718749999997 0.8095734374999999
9 0.04913125 1 0.075390625 0.9085656249999999 0.0580875 0.84778125 0 0.9204609375 0 1 0.04913125 1
6 1 0.459375 0.65 0.459375 0.65 1 1 1 1 0.459375