6 0.2352328125 0.2673671875 0.1542828125 0.27273593749999997 0.11676875 0.29957500000000004 0.106896875 0.302259375 0.10196093749999999 0.3143375 0.07826875 0.3438609375 0.06247343749999999 0.37875312499999997 0.05062656250000001 0.3921734375 0.05062656250000001 0.40559375 0.068396875 0.4404859375 0.0718953125 0.45 0.36875 0.45 0.36875 0.37788125 0.36159375 0.37204375 0.34086249999999996 0.3653328125 0.36159375 0.35862343750000003 0.36875 0.34889375 0.36875 0.235159375 0.3536953125 0.235159375 0.33592656249999997 0.24052812499999998 0.3003875 0.2646828125 0.270771875 0.28615625 0.25892499999999996 0.302259375 0.2352328125 0.2673671875
16 0.2816296875 0.3304421875 0.28557968749999996 0.3519140625 0.3013734375 0.3814375 0.31124687500000003 0.3814375 0.3536953125 0.3639921875 0.36875 0.352971875 0.36875 0.23700468749999998 0.349746875 0.235159375 0.330003125 0.2432109375 0.25793750000000004 0.2982328125 0.2658359375 0.317021875 0.27866875 0.3317828125 0.2816296875 0.3304421875
16 0.2036421875 0.4230390625 0.1819234375 0.4284078125 0.1641546875 0.44451093750000004 0.1384875 0.44451093750000004 0.135346875 0.45 0.2775921875 0.45 0.2757078125 0.42438125 0.27768125 0.41901406249999995 0.26287343750000003 0.4042515625 0.229309375 0.4042515625 0.22141093750000002 0.4069359375 0.2036421875 0.4230390625
20 0.2836046875 0.41364531250000003 0.27768125 0.44316875 0.2816296875 0.44853750000000003 0.28180937500000003 0.45 0.36875 0.45 0.36875 0.3770765625 0.35764375 0.37204375 0.3260546875 0.37472812499999997 0.3161828125 0.3827796875 0.310259375 0.3827796875 0.2836046875 0.41364531250000003
20 0.220425 0.400225 0.21055156249999998 0.384121875 0.18389843749999998 0.3639921875 0.17402656249999998 0.3613078125 0.1523078125 0.3639921875 0.1335515625 0.3894890625 0.0992390625 0.45 0.1350953125 0.45 0.1384875 0.44451093750000004 0.146384375 0.44182812499999996 0.1621796875 0.44451093750000004 0.185871875 0.4257234375 0.2194375 0.40961875000000003 0.220425 0.400225
6 0.4209953125 0 0.3918875 0.0301375 0.4057015625 0.068084375 0.4510953125 0.11109374999999999 0.4510953125 0.1338625 0.43432031249999997 0.155365625 0.386953125 0.173075 0.36875 0.1697421875 0.36875 0.30051875 0.392875 0.31221875 0.479709375 0.3349875 0.5576671875 0.3387828125 0.65930625 0.3274 0.769828125 0.297040625 0.8369296875 0.26921249999999997 0.9356078125 0.2034328125 0.9918531249999999 0.141453125 0.9395546875 0.08199999999999999 0.922778125 0.083265625 0.9958015625 0.0301375 0.985025 0 0.4209953125 0
3 0.4214953125 0 0.39879375 0.0187515625 0.3938609375 0.042785937499999996 0.45602968749999995 0.112359375 0.5991125 0.21228906250000001 0.63365 0.1983765625 0.7441703125 0.076940625 0.7550234375 0.057967187499999996 0.7451578125 0.0048390625 0.7570859375000001 0 0.4214953125 0
13 0.761378125 0 0.74713125 0.007370312499999999 0.7491046875 0.03266875 0.7668671875 0.060496875000000006 0.7688406249999999 0.13639375 0.784628125 0.21735000000000002 0.8004171875000001 0.2730078125 0.8142328125 0.2780671875 0.85074375 0.261621875 0.9168593749999999 0.21228906250000001 0.8951499999999999 0.057967187499999996 0.8822296875 0 0.761378125 0
13 0.8822218749999999 0 0.899096875 0.090853125 0.9050156250000001 0.0959125 0.9435 0.05923125 0.9958015625 0.0301375 0.9857250000000001 0 0.8822218749999999 0
6 0.36875 1 0.36875 0.48482343749999995 0.35231093750000003 0.489940625 0.286390625 0.45 0.21361875000000002 0.45 0.20985312500000003 0.4513359375 0.09614375 0.5531203125 0 0.7876515625 0 1 0.36875 1
6 0.8310531250000001 0.49834531249999997 0.8575390625000001 0.45 0.36875 0.45 0.36875 0.49145000000000005 0.417834375 0.5321390625 0.568709375 0.6554859375000001 0.703821875 0.626759375 0.7578671875 0.5574828125 0.8310531250000001 0.49834531249999997
16 0.674596875 0.6029390625 0.6844953125 0.6118453125000001 0.693403125 0.61333125 0.70033125 0.608875 0.7052796875 0.5984828125 0.7033 0.5658203125 0.7092390625 0.5390984375000001 0.7092390625 0.5094046875 0.6993421875 0.45892968749999996 0.6989171875 0.45 0.6323671875 0.45 0.63401875 0.47971250000000004 0.63995625 0.500496875 0.6359984375 0.5509765625 0.6488625 0.597 0.6587625 0.6059046875 0.674596875 0.6029390625
14 0.5954171875000001 0.5554296875 0.597396875 0.5583984375 0.616203125 0.5569124999999999 0.62906875 0.549490625 0.63401875 0.5390984375000001 0.6359984375 0.512375 0.62906875 0.5019828125 0.611253125 0.493075 0.5776015625 0.493075 0.5558265625 0.48119531249999997 0.545928125 0.48119531249999997 0.5380125 0.487134375 0.531084375 0.500496875 0.531084375 0.5183140625 0.545928125 0.5465203125 0.5518671875 0.549490625 0.5696828125 0.549490625 0.5716625 0.552459375 0.5954171875000001 0.5554296875
25 0.4489328125 0.540584375 0.45784062499999995 0.5420671875 0.46575937500000003 0.5272203125 0.4677390625 0.5183140625 0.48753437499999996 0.48268281249999995 0.4914921875 0.4708046875 0.4914921875 0.45595937500000006 0.4881296875 0.45 0.42814687500000004 0.45 0.42814687500000004 0.47377343749999995 0.4202296875 0.503465625 0.4202296875 0.5153453125 0.4370546875 0.531675 0.4449734375 0.5346453125 0.4489328125 0.540584375