6 0 0 0 0.0658046875 0.05178437500000001 0.1676625 0.006962500000000001 0.2065921875 0 0.22609374999999998 0 0.31875 0.4796875 0.31875 0.4796875 0 0 0
14 0.106946875 0.1840546875 0.106946875 0.22912499999999997 0.11154375000000001 0.245515625 0.11729062500000001 0.25575468749999997 0.135678125 0.26804843749999996 0.15636406249999998 0.3049234375 0.165559375 0.3131203125 0.178203125 0.3110703125 0.19544062499999998 0.3008265625 0.20578124999999997 0.2864890625 0.21497656250000002 0.26190156249999996 0.2172765625 0.24961406249999998 0.21497656250000002 0.2373203125 0.2264703125 0.212734375 0.224171875 0.17995624999999998 0.21497656250000002 0.1512765625 0.2103796875 0.11850000000000001 0.2000375 0.10005937499999999 0.18854375 0.0918640625 0.1793484375 0.0918640625 0.147171875 0.12464062499999999 0.13108124999999998 0.1328375 0.1092453125 0.17176093750000002 0.106946875 0.1840546875
13 0.323503125 0 0.3138125 0.126690625 0.3161109375 0.1881515625 0.3115140625 0.21683124999999998 0.2977234375 0.22912499999999997 0.2977234375 0.266 0.319678125 0.31875 0.3879734375 0.31875 0.3988578125 0.302875 0.385065625 0.26190156249999996 0.38046875 0.20454374999999997 0.3873640625 0.1471796875 0.385065625 0.10620624999999999 0.44942187499999997 0.040646875 0.44258125000000004 0 0.323503125 0
17 0.2345140625 0.2516578125 0.24600781249999998 0.259853125 0.2643953125 0.2885375 0.28916718750000003 0.31875 0.318675 0.31875 0.295425 0.2700984375 0.2942765625 0.22297812499999997 0.27359062500000003 0.21478281250000003 0.2368125 0.21068437499999998 0.224171875 0.23322343750000002 0.2345140625 0.2516578125
17 0.10579687499999998 0.1656140625 0.1092453125 0.163565625 0.1333796875 0.12464062499999999 0.14487343749999998 0.12464062499999999 0.17015625 0.10005937499999999 0.1747546875 0.10005937499999999 0.1804984375 0.089815625 0.178203125 0.065234375 0.1850953125 0.036548437499999996 0.18164843749999998 0.0181140625 0.165559375 0.0017234375 0.1230375 0.06933125 0.1230375 0.07752187499999999 0.11614218750000001 0.10210937499999999 0.106946875 0.1225921875 0.100053125 0.1471796875 0.100053125 0.15537499999999999 0.10579687499999998 0.1656140625
17 0 0 0 0.054871875 0.0851109375 0.2065921875 0.09545624999999999 0.20454374999999997 0.09315625 0.17176093750000002 0.0839625 0.1676625 0.088559375 0.1471796875 0.0678734375 0.0119671875 0.0621265625 0.0017234375 0.05523281249999999 0.00991875 0.053842187500000006 0 0.0505140625 0 0.0483375 0.0058203125 0.0447609375 0 0 0
6 0.4796875 0 0.4796875 0.25259375 0.5266875 0.2752734375 0.7014015625 0.31875 0.7681671875 0.31875 0.9175328125 0.291434375 1 0.2571875 1 0 0.4796875 0
6 0.4796875 1 0.4796875 0.31875 0 0.31875 0 1 0.4796875 1
17 0.3146796875 0.5135562499999999 0.257265625 0.5363625 0.2055984375 0.6111156249999999 0.212484375 0.64405625 0.24922968750000002 0.692203125 0.2630078125 0.7276812500000001 0.351421875 0.76695625 0.45361406249999997 0.775828125 0.471984375 0.725146875 0.4796875 0.6295390624999999 0.4796875 0.6103515625 0.4295 0.584509375 0.3950546875 0.5465 0.351421875 0.53129375 0.3399375 0.53129375 0.3307546875 0.54143125 0.3146796875 0.5135562499999999
17 0 0.362475 0.0482890625 0.39192187500000003 0.0988125 0.35898281249999997 0.14129687500000002 0.40079374999999995 0.170003125 0.3893875 0.190671875 0.3539140625 0.23200781250000002 0.3235046875 0.24876718750000001 0.31875 0 0.31875 0 0.362475
17 0.020734375 0.5819734375000001 0.0081015625 0.6009781249999999 0.0103984375 0.62631875 0.0310671875 0.67193125 0.0195859375 0.725146875 0.07355 0.7314828125 0.091921875 0.7492203125 0.1298125 0.7555515625 0.165409375 0.7365468749999999 0.1998546875 0.7340125 0.2285625 0.6947375 0.230859375 0.684603125 0.2010046875 0.628853125 0.2010046875 0.61618125 0.21478125 0.58070625 0.24693281250000002 0.5426984375 0.2400421875 0.527490625 0.197559375 0.48568125 0.1332578125 0.460340625 0.091921875 0.47554687500000004 0.0655125 0.4996203125 0.0425515625 0.5325609375 0.040253125 0.578171875 0.020734375 0.5819734375000001
17 0.1516296875 0.3995265625 0.1206296875 0.4413359375 0.1240734375 0.45780624999999997 0.165409375 0.465409375 0.2136328125 0.493284375 0.2503796875 0.5363625 0.3169765625 0.511021875 0.3330515625 0.5262234375 0.3881640625 0.5363625 0.4478703125 0.5667718749999999 0.4796875 0.599928125 0.4796875 0.3629015625 0.4547625 0.3488453125 0.30549218749999996 0.32097031249999997 0.2457859375 0.3235046875 0.192965625 0.35898281249999997 0.18033593750000002 0.3906546875 0.1516296875 0.3995265625
13 0.2221640625 1 0.2010046875 0.968409375 0.2033015625 0.9151984375 0.17574218749999998 0.872115625 0.2457859375 0.827771875 0.2721953125 0.7884953125 0.26071093749999996 0.7352796875000001 0.2388953125 0.6985390625 0.1378515625 0.8227062500000001 0.0861828125 0.8036984374999999 0.0861828125 0.7555515625 0.07355 0.73908125 0.0000671875 0.7340125 0 0.734025 0 1 0.2221640625 1
12 0.38757031249999996 1 0.45935625 0.9418015625 0.4796875 0.9418015625 0.4796875 0.7951328125 0.271046875 0.7542890625 0.27449218750000004 0.7884953125 0.2630078125 0.8113015625 0.1998546875 0.8531124999999999 0.1895234375 0.872115625 0.20789531249999998 0.9075953125 0.20789531249999998 0.968409375 0.2561171875 0.9861515624999999 0.2529796875 1 0.38757031249999996 1
6 0.5152062500000001 0.9127390625 0.5201609375 0.9104531250000001 0.539978125 0.9104531250000001 0.54493125 0.9081671874999999 0.554840625 0.9081671874999999 0.55979375 0.90588125 0.5647484375 0.90588125 0.567225 0.9047375000000001 0.567225 0.9024515624999999 0.5746578125 0.8990218750000001 0.5796109375 0.8990218750000001 0.584565625 0.8967359374999999 0.5895203125 0.8967359374999999 0.594475 0.89445 0.599428125 0.89445 0.606859375 0.8910203125 0.606859375 0.888734375 0.6118140624999999 0.8864484375 0.6118140624999999 0.8704453125 0.606859375 0.868159375 0.606859375 0.8590140625 0.6093375 0.8578718750000001 0.6192453125 0.8578718750000001 0.6291546875 0.8624437500000001 0.6341078125 0.8624437500000001 0.6390625 0.8647296875 0.648971875 0.8647296875 0.653925 0.867015625 0.663834375 0.867015625 0.6687890624999999 0.8693015624999999 0.6886062500000001 0.8693015624999999 0.693559375 0.8715890625 0.7133765624999999 0.8715890625 0.7257625 0.8658734375 0.7257625 0.8635875000000001 0.7307171875 0.8613015624999999 0.7307171875 0.85215625 0.7257625 0.8498703125 0.7257625 0.847584375 0.7282390624999999 0.846440625 0.7381484375 0.846440625 0.740625 0.8452984375 0.740625 0.8430109375000001 0.7455796875 0.840725 0.7455796875 0.8338671874999999 0.7505328125 0.8315812499999999 0.7505328125 0.824721875 0.7530109375 0.8235796875 0.757965625 0.8235796875 0.7852140624999999 0.8110046875 0.7852140624999999 0.80871875 0.7901671875 0.8064328125 0.7901671875 0.804146875 0.8050312500000001 0.7972890625 0.8050312500000001 0.7950015625 0.8149390625 0.7881437499999999 0.8149390625 0.7812859375000001 0.8124625 0.7801421875 0.802553125 0.7801421875 0.7976 0.782428125 0.7926453125 0.782428125 0.7827359375 0.787 0.7777828125 0.787 0.765396875 0.7812859375000001 0.765396875 0.7789984375000001 0.7604421875 0.7767125 0.7604421875 0.772140625 0.7554875 0.7698546875 0.7554875 0.7652828125 0.7505328125 0.7629953125 0.7505328125 0.760709375 0.757965625 0.75728125 0.7678734375 0.75728125 0.772828125 0.7595671875 0.7926453125 0.7595671875 0.795121875 0.7584234375000001 0.795121875 0.7561375 0.7901671875 0.7538515625 0.7901671875 0.7492796875 0.7852140624999999 0.7469921875 0.7852140624999999 0.7424203125 0.795121875 0.7378484375000001 0.795121875 0.7355625 0.8000765624999999 0.7332765625000001 0.8000765624999999 0.7264171875 0.8050312500000001 0.72413125 0.8050312500000001 0.719559375 0.7926453125 0.71384375 0.787690625 0.71384375 0.7777828125 0.709271875 0.772828125 0.709271875 0.7678734375 0.706984375 0.757965625 0.7115578124999999 0.7455796875 0.7058421874999999 0.7455796875 0.6944109375 0.74805625 0.69326875 0.7530109375 0.69326875 0.757965625 0.69098125 0.76291875 0.69098125 0.765396875 0.6898390625 0.765396875 0.687553125 0.76291875 0.686409375 0.757965625 0.686409375 0.7530109375 0.6841234375 0.7331937500000001 0.6841234375 0.715853125 0.676121875 0.715853125 0.6738359375 0.7133765624999999 0.6726921875 0.708421875 0.6726921875 0.6985140624999999 0.6681203124999999 0.693559375 0.6681203124999999 0.6886062500000001 0.665834375 0.648971875 0.665834375 0.64649375 0.666978125 0.64649375 0.676121875 0.6415390624999999 0.6784078124999999 0.6415390624999999 0.68069375 0.6390625 0.6818375 0.599428125 0.6818375 0.591996875 0.6784078124999999 0.591996875 0.676121875 0.569703125 0.665834375 0.5647484375 0.665834375 0.55979375 0.6635484375 0.5300687500000001 0.6635484375 0.5152062500000001 0.67040625 0.5102515624999999 0.67040625 0.505296875 0.6726921875 0.5003437500000001 0.6726921875 0.4953890625 0.674978125 0.490434375 0.674978125 0.4805265625 0.6795515625 0.4796875 0.6795515625 0.4796875 0.9173109374999999 0.48548125000000003 0.9173109374999999 0.48795781250000003 0.91616875 0.490434375 0.915025 0.5003437500000001 0.915025 0.505296875 0.9127390625 0.5152062500000001 0.9127390625
16 0.5201609375 0.8304375 0.5251140624999999 0.8304375 0.5350234375 0.8350093749999999 0.539978125 0.8350093749999999 0.54493125 0.8372953125 0.5498859375 0.8372953125 0.5523625 0.8384390625 0.5523625 0.840725 0.5573171875 0.8430109375000001 0.5573171875 0.8452984375 0.569703125 0.8510125000000001 0.584565625 0.8510125000000001 0.5895203125 0.8532984375 0.599428125 0.8532984375 0.6043828125 0.8555859375000001 0.6093375 0.8555859375000001 0.6242 0.8601578125 0.6341078125 0.8601578125 0.6390625 0.8624437500000001 0.6440171875 0.8624437500000001 0.6588796875 0.867015625 0.678696875 0.867015625 0.693559375 0.8715890625 0.7133765624999999 0.8715890625 0.715853125 0.8704453125 0.7257625 0.8658734375 0.7257625 0.8635875000000001 0.7307171875 0.8613015624999999 0.7307171875 0.85215625 0.7133765624999999 0.8441546875 0.708421875 0.8441546875 0.7034687500000001 0.84186875 0.6985140624999999 0.84186875 0.6836515624999999 0.8350093749999999 0.678696875 0.8350093749999999 0.663834375 0.8281515625000001 0.6588796875 0.8281515625000001 0.64649375 0.8224359375000001 0.64649375 0.8201499999999999 0.6291546875 0.8121484375 0.6043828125 0.8121484375 0.6019062500000001 0.8110046875 0.6019062500000001 0.799575 0.594475 0.7961453125 0.5895203125 0.7961453125 0.584565625 0.793859375 0.5796109375 0.793859375 0.55979375 0.7847140625 0.554840625 0.7847140625 0.5498859375 0.782428125 0.54493125 0.782428125 0.5350234375 0.7778562499999999 0.5300687500000001 0.7778562499999999 0.5251140624999999 0.7755703125 0.5201609375 0.7755703125 0.5102515624999999 0.770996875 0.505296875 0.770996875 0.4953890625 0.766425 0.490434375 0.766425 0.48548125000000003 0.7641390625 0.4796875 0.7641390625 0.4796875 0.8167203125 0.4805265625 0.8167203125 0.490434375 0.8212921874999999 0.4953890625 0.8212921874999999 0.505296875 0.8258656249999999 0.5102515624999999 0.8258656249999999 0.5201609375 0.8304375
16 0.539978125 0.9104531250000001 0.54493125 0.9081671874999999 0.554840625 0.9081671874999999 0.55979375 0.90588125 0.5647484375 0.90588125 0.584565625 0.8967359374999999 0.594475 0.8967359374999999 0.606859375 0.8910203125 0.606859375 0.888734375 0.621721875 0.8818765624999999 0.621721875 0.879590625 0.6266765624999999 0.8773031250000001 0.6266765624999999 0.868159375 0.621721875 0.8658734375 0.621721875 0.8635875000000001 0.6043828125 0.8555859375000001 0.554840625 0.8555859375000001 0.54493125 0.8601578125 0.539978125 0.8601578125 0.5300687500000001 0.8647296875 0.5201609375 0.8647296875 0.5152062500000001 0.867015625 0.5102515624999999 0.867015625 0.505296875 0.8693015624999999 0.5003437500000001 0.8693015624999999 0.490434375 0.873875 0.48548125000000003 0.873875 0.4805265625 0.8761609375000001 0.4796875 0.8761609375000001 0.4796875 0.9154125000000001 0.4805265625 0.915025 0.4953890625 0.915025 0.5152062500000001 0.90588125 0.5201609375 0.90588125 0.5350234375 0.9104531250000001 0.539978125 0.9104531250000001
17 0.5152062500000001 0.773284375 0.5201609375 0.773284375 0.5251140624999999 0.7755703125 0.554840625 0.761853125 0.55979375 0.761853125 0.5721796875 0.7561375 0.5721796875 0.7538515625 0.591996875 0.74470625 0.591996875 0.7424203125 0.6019062500000001 0.7378484375000001 0.6019062500000001 0.7355625 0.621721875 0.7264171875 0.621721875 0.72413125 0.6266765624999999 0.7218453125 0.6266765624999999 0.719559375 0.6142921875 0.71384375 0.5498859375 0.71384375 0.5350234375 0.718415625 0.5152062500000001 0.718415625 0.5028203125 0.7127 0.5028203125 0.7104140625 0.49291093750000003 0.7058421874999999 0.49291093750000003 0.7012703124999999 0.490434375 0.7001265625 0.48548125000000003 0.7001265625 0.4796875 0.697453125 0.4796875 0.7641390625 0.48548125000000003 0.7641390625 0.490434375 0.766425 0.4953890625 0.766425 0.5003437500000001 0.7687109375000001 0.505296875 0.7687109375000001 0.5152062500000001 0.773284375
17 0.700990625 0.7858578125 0.67621875 0.7744265625 0.67621875 0.772140625 0.6687890624999999 0.7687109375000001 0.663834375 0.7687109375000001 0.66135625 0.76756875 0.66135625 0.730990625 0.6588796875 0.729846875 0.648971875 0.729846875 0.6415390624999999 0.7332765625000001 0.6415390624999999 0.7355625 0.6316312500000001 0.7424203125 0.6316312500000001 0.7469921875 0.6291546875 0.7481359375000001 0.6093375 0.7481359375000001 0.6043828125 0.74585 0.594475 0.74585 0.567225 0.7584234375000001 0.567225 0.7698546875 0.562271875 0.772140625 0.562271875 0.7744265625 0.5523625 0.7789984375000001 0.5523625 0.7812859375000001 0.569703125 0.7892875 0.5746578125 0.7892875 0.5895203125 0.7961453125 0.594475 0.7961453125 0.6019062500000001 0.799575 0.6019062500000001 0.80871875 0.6043828125 0.8098625 0.6142921875 0.8098625 0.6192453125 0.8121484375 0.6341078125 0.8121484375 0.6365859375 0.8110046875 0.6390625 0.8098625 0.6440171875 0.8098625 0.648971875 0.8075765625000001 0.653925 0.8075765625000001 0.6687890624999999 0.8007171874999999 0.6886062500000001 0.8007171874999999 0.693559375 0.803003125 0.7183312500000001 0.803003125 0.7208078125 0.8018609375000001 0.7208078125 0.7972890625 0.7183312500000001 0.7961453125 0.7133765624999999 0.7961453125 0.7059453125 0.792715625 0.7059453125 0.7904296875 0.700990625 0.7881437499999999 0.700990625 0.7858578125
17 0.6811734375 0.8270078125 0.686128125 0.8292953125 0.686128125 0.8315812499999999 0.6960359375 0.836153125 0.6960359375 0.8384390625 0.708421875 0.8441546875 0.7133765624999999 0.8441546875 0.7183312500000001 0.846440625 0.7331937500000001 0.846440625 0.7356703125 0.8452984375 0.7455796875 0.840725 0.7455796875 0.824721875 0.7356703125 0.8201499999999999 0.7356703125 0.8178640625 0.7307171875 0.815578125 0.7307171875 0.8132921874999999 0.7208078125 0.80871875 0.7208078125 0.8064328125 0.7133765624999999 0.803003125 0.693559375 0.803003125 0.6886062500000001 0.8007171874999999 0.678696875 0.8007171874999999 0.67621875 0.8018609375000001 0.67621875 0.8224359375000001 0.6811734375 0.824721875 0.6811734375 0.8270078125
17 0.77035 0.7858578125 0.765396875 0.783571875 0.765396875 0.7789984375000001 0.7554875 0.772140625 0.7554875 0.7652828125 0.7505328125 0.7629953125 0.7505328125 0.7538515625 0.7455796875 0.751565625 0.7455796875 0.7469921875 0.7257625 0.7378484375000001 0.7257625 0.7355625 0.7133765624999999 0.729846875 0.708421875 0.729846875 0.7034687500000001 0.7275609375000001 0.678696875 0.7275609375000001 0.6737421875 0.729846875 0.663834375 0.729846875 0.66135625 0.730990625 0.66135625 0.7355625 0.6663109375 0.7378484375000001 0.6663109375 0.7629953125 0.6811734375 0.7698546875 0.6811734375 0.772140625 0.6910828125 0.7767125 0.6910828125 0.7789984375000001 0.7257625 0.7950015625 0.7257625 0.7972890625 0.7356703125 0.8018609375000001 0.7356703125 0.804146875 0.740625 0.8064328125 0.740625 0.8132921874999999 0.7455796875 0.815578125 0.7455796875 0.8201499999999999 0.7530109375 0.8235796875 0.7554875 0.8224359375000001 0.757965625 0.8212921874999999 0.76291875 0.8212921874999999 0.7852140624999999 0.8110046875 0.7852140624999999 0.80871875 0.7901671875 0.8064328125 0.7901671875 0.804146875 0.8050312500000001 0.7972890625 0.8050312500000001 0.7950015625 0.8149390625 0.7881437499999999 0.8149390625 0.7789984375000001 0.8124625 0.7778562499999999 0.8075078124999999 0.7778562499999999 0.7827359375 0.7892875 0.772828125 0.7892875 0.77035 0.7881437499999999 0.77035 0.7858578125
17 0.6192453125 0.7321328125 0.6142921875 0.7321328125 0.606859375 0.7355625 0.6093375 0.7367046875 0.6192453125 0.7367046875 0.621721875 0.7355625 0.621721875 0.7332765625000001 0.6192453125 0.7321328125
17 0.6167687500000001 0.7104140625 0.6242 0.71384375 0.6291546875 0.71384375 0.6316312500000001 0.7127 0.6316312500000001 0.7104140625 0.6365859375 0.708128125 0.6365859375 0.70355625 0.6415390624999999 0.7012703124999999 0.6415390624999999 0.696696875 0.64649375 0.6944109375 0.64649375 0.68298125 0.6440171875 0.6818375 0.599428125 0.6818375 0.5969515624999999 0.68298125 0.5969515624999999 0.687553125 0.599428125 0.6886953124999999 0.6093375 0.6886953124999999 0.621721875 0.6944109375 0.621721875 0.708128125 0.6167687500000001 0.7104140625
17 0.5201609375 0.7161296875 0.5251140624999999 0.718415625 0.5350234375 0.718415625 0.5375 0.7172734375 0.539978125 0.7161296875 0.5498859375 0.7161296875 0.5573171875 0.7127 0.5573171875 0.708128125 0.5474078125 0.7012703124999999 0.5474078125 0.6944109375 0.539978125 0.69098125 0.505296875 0.69098125 0.49786562500000003 0.6944109375 0.49786562500000003 0.698984375 0.49291093750000003 0.7012703124999999 0.49291093750000003 0.70355625 0.49786562500000003 0.7058421874999999 0.49786562500000003 0.708128125 0.5152062500000001 0.7161296875 0.5201609375 0.7161296875
17 0.686128125 0.6898390625 0.686128125 0.687553125 0.6836515624999999 0.686409375 0.678696875 0.686409375 0.67621875 0.687553125 0.67621875 0.6898390625 0.678696875 0.69098125 0.6836515624999999 0.69098125 0.686128125 0.6898390625