6 0 0 0 0.35 0.4622921875 0.35 0.4623203125 0.3499828125 0.47696875 0.3231609375 0.5296875 0.2609546875 0.5296875 0 0 0
7 0 0.35 0.0701578125 0.35 0.069253125 0.32018125 0.0643703125 0.278459375 0.054604687500000006 0.2516390625 0.0387359375 0.2352484375 0.0240875 0.23226718750000003 0.014321875000000001 0.220346875 0.0021140625 0.220346875 0 0.22141093750000002 0 0.35
3 0.061717187500000006 0 0.059487500000000006 0.048990624999999996 0.0668125 0.07283125 0.0777984375 0.0862421875 0.10099218750000001 0.08773125000000001 0.111978125 0.08028125 0.15348124999999999 0.0862421875 0.16324687499999999 0.08028125 0.17789531249999999 0.08326249999999999 0.24869687499999998 0.0773015625 0.27066875 0.0594203125 0.27799375 0.0594203125 0.30973125 0.041540625 0.3182765625 0.0191890625 0.2970078125 0 0.1045046875 0 0.10359375 0.0032625 0.0864171875 0 0.061717187500000006 0
3 0.43790625 0.2158765625 0.4293609375 0.23226718750000003 0.3793125 0.2516390625 0.39151875 0.29336093750000003 0.38991875 0.35 0.46192500000000003 0.35 0.47696875 0.3231609375 0.5296875 0.260884375 0.5296875 0.1737171875 0.514809375 0.1607453125 0.502603125 0.1577640625 0.4781890625 0.17564531249999998 0.4610984375 0.18160625 0.440346875 0.19799687500000002 0.43790625 0.2158765625
3 0.4684234375 0.1518046875 0.4513328125 0.1577640625 0.4452296875 0.1681953125 0.456215625 0.18160625 0.4610984375 0.18160625 0.495278125 0.1577640625 0.51236875 0.1577640625 0.5296875 0.1736203125 0.5296875 0.0482875 0.5099265625 0.05048125 0.489175 0.0847515625 0.46964375 0.099653125 0.4745265625 0.1205140625 0.4745265625 0.1443546875 0.4684234375 0.1518046875
3 0.111978125 0.2441890625 0.08268125 0.2590890625 0.069253125 0.2844203125 0.0668125 0.2993203125 0.0716953125 0.329121875 0.0867859375 0.35 0.13508437499999998 0.35 0.1717921875 0.3023 0.1717921875 0.29336093750000003 0.15104062499999998 0.2650484375 0.14615781249999998 0.2650484375 0.12662656249999998 0.24716875 0.111978125 0.2441890625
7 0.4745265625 0.1264734375 0.467203125 0.099653125 0.456215625 0.0862421875 0.444009375 0.0862421875 0.424478125 0.104121875 0.3732078125 0.10710312500000001 0.3365875 0.12498281250000001 0.280434375 0.17564531249999998 0.268228125 0.18160625 0.2535796875 0.18160625 0.23893124999999998 0.190546875 0.2279453125 0.2069375 0.2279453125 0.230778125 0.232828125 0.2486578125 0.2474765625 0.26951875 0.2474765625 0.278459375 0.2560203125 0.29485 0.268228125 0.303790625 0.28165625 0.3023 0.3121734375 0.285909375 0.365884375 0.2441890625 0.3805328125 0.2441890625 0.38785625 0.2352484375 0.397621875 0.24120781249999998 0.4025046875 0.238228125 0.4037265625 0.22481718750000002 0.4330234375 0.195015625 0.4427890625 0.17415624999999998 0.4427890625 0.165215625 0.4513328125 0.154784375 0.4586578125 0.154784375 0.4720859375 0.1443546875 0.4745265625 0.1264734375
13 0.2987453125 0.0340890625 0.2987453125 0.04005 0.252359375 0.07283125 0.2548 0.0847515625 0.2499171875 0.1056125 0.252359375 0.11455312499999999 0.24869687499999998 0.1190234375 0.22428281249999998 0.1190234375 0.221840625 0.1100828125 0.2206203125 0.1175328125 0.2108546875 0.1264734375 0.213296875 0.13839375 0.24381406249999998 0.17564531249999998 0.27433125 0.1771359375 0.3414703125 0.12200312499999999 0.34879375 0.10710312500000001 0.3707671875 0.10710312500000001 0.3768703125 0.099653125 0.3744296875 0.0907125 0.3548984375 0.07283125 0.3548984375 0.043029687500000004 0.3414703125 0.023659375 0.30973125 0.0206796875 0.3085109375 0.0132296875 0.3024078125 0.008759375 0.2987453125 0.016209375 0.303628125 0.031109375 0.2987453125 0.0340890625
13 0.1986484375 0.2725 0.213296875 0.3410421875 0.21923750000000003 0.35 0.2874515625 0.35 0.291421875 0.311240625 0.2462546875 0.29485 0.245034375 0.26951875 0.2169578125 0.25312812500000004 0.20475156249999998 0.26206874999999996 0.1986484375 0.2725
13 0.1791171875 0.10859218749999999 0.1693515625 0.1026328125 0.16568906249999998 0.08922187499999999 0.15836406249999999 0.0922015625 0.15104062499999998 0.0862421875 0.10953593749999999 0.08326249999999999 0.0912265625 0.09667187499999999 0.0936671875 0.129453125 0.0912265625 0.1532953125 0.096109375 0.1592546875 0.0936671875 0.1860765625 0.096109375 0.195015625 0.08634375 0.230778125 0.08634375 0.2516390625 0.092446875 0.25312812500000004 0.1070953125 0.2441890625 0.12662656249999998 0.2441890625 0.15104062499999998 0.2650484375 0.17301249999999999 0.29485 0.1791171875 0.29336093750000003 0.1913234375 0.278459375 0.19620625 0.263559375 0.1913234375 0.2337578125 0.19498593749999998 0.2292875 0.21451718749999998 0.24716875 0.22428281249999998 0.2441890625 0.2279453125 0.23971874999999998 0.225503125 0.2069375 0.245034375 0.180115625 0.213296875 0.1413734375 0.20475156249999998 0.12200312499999999 0.18033749999999998 0.1190234375 0.176675 0.11455312499999999 0.1791171875 0.10859218749999999
6 0.5304890624999999 0 0.5321906249999999 0.04788125 0.5296875 0.052575000000000004 0.5296875 0.35 1 0.35 1 0 0.5304890624999999 0
6 0.5296875 1 0.5296875 0.4154 0.424371875 0.35 0.1683875 0.35 0.1088375 0.43271249999999994 0.01033125 1 0.5296875 1
12 0.5296875 1 0.5296875 0.5995250000000001 0.45145468749999995 0.57783125 0.4392171875 0.6517421875 0.3853671875 0.66283125 0.3498734375 0.70533125 0.3449765625 0.7681546875 0.3816953125 0.9677187500000001 0.3927078125 0.995434375 0.4041984375 1 0.5296875 1
17 0.5028578125000001 0.49283124999999994 0.5296875 0.47836249999999997 0.5296875 0.43731093750000005 0.5053046875 0.4152234375 0.396225 0.35 0.22020468750000002 0.35 0.1589484375 0.483590625 0.16506875000000001 0.5002234375 0.188321875 0.5094624999999999 0.2531890625 0.4115265625 0.2678734375 0.40413437500000005 0.5028578125000001 0.49283124999999994
6 0.5296875 0.7776484375 0.6079015625 0.7863671875 0.6410875 0.7362390624999999 0.6396421875 0.6207390625 0.590590625 0.5509984375 0.5296875 0.5406734375 0.5296875 0.7776484375
22 0.5790484375 0.548821875 0.5296875 0.5537921875 0.5296875 0.7292984375 0.5516359375000001 0.7275234375 0.590590625 0.8059796875 0.6410875 0.7340625000000001 0.6353140625 0.5902296875 0.6035734374999999 0.5967640624999999 0.5790484375 0.548821875
6 1 0.618196875 0.8964531250000001 0.5815078125 0.8589437500000001 0.48344062499999996 0.78391875 0.5335671875 0.7132234375000001 0.529209375 0.699690625 0.7185671874999999 1 0.731434375 1 0.618196875
22 1 0.6348499999999999 0.9801359375 0.6098421875 0.8964531250000001 0.5880484375 0.869040625 0.4943375 0.8070031249999999 0.505234375 0.8084468749999999 0.55535625 0.7911328125 0.5618953125 0.7709343750000001 0.529209375 0.7218796875 0.5401015625000001 0.72494375 0.6886109375 0.737753125 0.7275234375 0.997446875 0.71445 0.9772484374999999 0.6730421875 0.9902328125000001 0.67521875 1 0.655103125 1 0.6348499999999999