6 0 0 0 1 1 1 1 0 0 0
16 0.7027078125 0.8232421875 0.736240625 0.8359375 0.7595671875 0.81640625 0.7901828125 0.8037109375 0.788725 0.796875 0.7595671875 0.75390625 0.7435296874999999 0.7646484375 0.72311875 0.8037109375 0.7027078125 0.8232421875
16 0.4155015625 0.3984375 0.383428125 0.36328125 0.336775 0.349609375 0.2609640625 0.353515625 0.2245171875 0.3720703125 0.2245171875 0.3974609375 0.2390953125 0.4228515625 0.3076171875 0.4375 0.389259375 0.431640625 0.405296875 0.4248046875 0.399465625 0.4111328125 0.41695937499999997 0.4052734375 0.4155015625 0.3984375
16 0.4913125 0.609375 0.49860156250000004 0.6044921875 0.5029765625 0.58203125 0.438828125 0.55078125 0.41404375 0.5634765625 0.41695937499999997 0.5751953125 0.47090156250000004 0.607421875 0.4913125 0.609375
16 0.54088125 0.306640625 0.5671234375 0.3046875 0.5787875 0.287109375 0.5671234375 0.2734375 0.5467125 0.271484375 0.5335921875 0.2783203125 0.5277609375 0.2958984375 0.54088125 0.306640625
16 0.080184375 0.548828125 0.0728953125 0.5673828125 0.11080000000000001 0.6005859375 0.129753125 0.607421875 0.13266875 0.59375 0.12829531249999998 0.5751953125 0.10496875000000001 0.5537109375 0.0947640625 0.546875 0.080184375 0.548828125
16 0.7683140625 0.373046875 0.7435296874999999 0.3798828125 0.7566515625 0.390625 0.7945562500000001 0.392578125 0.8266296875 0.404296875 0.84995625 0.404296875 0.8587031250000001 0.396484375 0.8324609374999999 0.35546875 0.78289375 0.357421875 0.7683140625 0.373046875
20 0.7099984375 0.392578125 0.7187453125000001 0.3828125 0.736240625 0.3828125 0.7624828124999999 0.37109375 0.7683140625 0.361328125 0.680840625 0.3359375 0.65605625 0.3564453125 0.6531390625 0.3759765625 0.7099984375 0.392578125
16 0.3251125 0.86328125 0.290121875 0.857421875 0.25950625 0.8720703125 0.24784375 0.8974609375 0.2667953125 0.90234375 0.290121875 0.896484375 0.3251125 0.86328125
16 0.23326406249999998 0.9560546875 0.2551328125 0.962890625 0.28137500000000004 0.958984375 0.300328125 0.9384765625 0.29887031249999996 0.9296875 0.28137500000000004 0.908203125 0.2609640625 0.91015625 0.2303484375 0.9287109375 0.23326406249999998 0.9560546875
13 0 0.7080078125 0.0349890625 0.7255859375 0.068521875 0.763671875 0.167659375 0.775390625 0.1778640625 0.7666015625 0.17640625000000001 0.755859375 0.142875 0.6298828125 0.090390625 0.5791015625 0.068521875 0.56640625 0.05685781250000001 0.568359375 0 0.6025390625 0 0.7080078125
13 0.20993750000000003 0.7607421875 0.212853125 0.7861328125 0.22597499999999998 0.796875 0.2697125 0.78515625 0.30470156249999997 0.791015625 0.31782187500000003 0.7705078125 0.31636406250000004 0.75 0.30470156249999997 0.732421875 0.2522171875 0.7421875 0.20993750000000003 0.7607421875
13 0.6677187499999999 0.6396484375 0.6691765625 0.61328125 0.6502234375 0.5888671875 0.6531390625 0.5732421875 0.6429343750000001 0.552734375 0.5787875 0.5625 0.50735 0.5849609375 0.4927703125 0.6181640625 0.49568593749999995 0.6474609375 0.52921875 0.671875 0.5525453125 0.671875 0.5787875 0.681640625 0.6196078125 0.677734375 0.6677187499999999 0.6396484375
13 0.6983343750000001 0 0.67355 0.0517578125 0.6648031249999999 0.1279296875 0.6968765625 0.1845703125 0.7216609375 0.189453125 0.7449874999999999 0.181640625 0.9170203125 0.099609375 0.9709625000000001 0.0517578125 0.9782515625 0 0.6983343750000001 0
14 0.5277609375 0.1416015625 0.526303125 0.119140625 0.5117234374999999 0.103515625 0.46652812499999996 0.0908203125 0.46652812499999996 0.0732421875 0.4504921875 0.046875 0.42424999999999996 0.048828125 0.3790546875 0.0732421875 0.3848859375 0.0888671875 0.4155015625 0.115234375 0.46798593750000006 0.123046875 0.4898546875 0.1357421875 0.5000609375 0.15234375 0.5277609375 0.1416015625
13 0.26242187499999997 0.2119140625 0.26242187499999997 0.2314453125 0.322196875 0.263671875 0.35281250000000003 0.2568359375 0.35281250000000003 0.2705078125 0.33240156249999997 0.2763671875 0.33240156249999997 0.2939453125 0.3440640625 0.3134765625 0.383428125 0.34375 0.405296875 0.3154296875 0.3907171875 0.2861328125 0.4038390625 0.28125 0.41841718749999995 0.28515625 0.4359125 0.302734375 0.4432015625 0.2783203125 0.4432015625 0.2470703125 0.42570781249999995 0.2353515625 0.4402859375 0.2177734375 0.41404375 0.2080078125 0.39363281250000004 0.1728515625 0.4067546875 0.173828125 0.44611718749999996 0.1962890625 0.45194999999999996 0.2021484375 0.4432015625 0.2041015625 0.44465937499999997 0.212890625 0.4621546875 0.203125 0.4913125 0.216796875 0.49568593749999995 0.1826171875 0.521928125 0.1689453125 0.526303125 0.12109375 0.5058921875 0.1015625 0.46652812499999996 0.0927734375 0.45340781249999995 0.05078125 0.42133281250000004 0.048828125 0.3907171875 0.0361328125 0.39509062500000003 0.02734375 0.4592390625 0.01171875 0.46507031249999997 0 0.31490625 0.0009765625 0.32365468750000004 0.0126953125 0.3265703125 0.0771484375 0.26242187499999997 0.2119140625
13 0.2186859375 0.3916015625 0.23326406249999998 0.3583984375 0.1501640625 0.3515625 0.1370421875 0.3955078125 0.11663281249999999 0.4130859375 0.1253796875 0.4658203125 0.142875 0.4912109375 0.17640625000000001 0.498046875 0.22014375 0.517578125 0.28137500000000004 0.490234375 0.28720625 0.48046875 0.2186859375 0.3916015625
13 0.268253125 0.6064453125 0.2740859375 0.5732421875 0.284290625 0.56640625 0.3134484375 0.56640625 0.32365468750000004 0.5595703125 0.322196875 0.548828125 0.28720625 0.490234375 0.23472187500000002 0.509765625 0.223059375 0.521484375 0.16036875 0.5498046875 0.16036875 0.5634765625 0.1807796875 0.5849609375 0.1749484375 0.6064453125 0.190984375 0.619140625 0.2216015625 0.6279296875 0.22597499999999998 0.646484375 0.2361796875 0.6201171875 0.268253125 0.6064453125
13 0.7172875000000001 0.4716796875 0.7245765625 0.4375 0.71145625 0.4052734375 0.6983343750000001 0.3984375 0.65168125 0.41015625 0.6210656250000001 0.4423828125 0.62398125 0.4833984375 0.61231875 0.4951171875 0.6094031249999999 0.5166015625 0.6414765625000001 0.5361328125 0.6575140625 0.5703125 0.6910453125 0.5263671875 0.6881296875 0.5146484375 0.7172875000000001 0.4716796875
16 0.6750078125 0.6171875 0.692503125 0.615234375 0.7099984375 0.623046875 0.7376984375 0.6064453125 0.7420718749999999 0.560546875 0.676465625 0.5517578125 0.6648031249999999 0.5830078125 0.6648031249999999 0.6044921875 0.6750078125 0.6171875
13 0.8324609374999999 0.478515625 0.803303125 0.455078125 0.7683140625 0.470703125 0.758109375 0.4814453125 0.769771875 0.5146484375 0.76685625 0.5517578125 0.8382937500000001 0.5703125 0.8747406249999999 0.5302734375 0.884946875 0.4921875 0.8645359375 0.478515625 0.8324609374999999 0.478515625
13 0.0029156250000000002 0.1611328125 0.0014578125000000001 0.265625 0.030615625 0.26171875 0.05248437500000001 0.2451171875 0.0320734375 0.1884765625 0.04956875 0.1728515625 0.0539421875 0.13671875 0.0422796875 0.12890625 0.024784375 0.12890625 0.0029156250000000002 0.1611328125
13 0.9986625 0.31640625 0.9534671875 0.2880859375 0.946178125 0.2265625 0.871825 0.2587890625 0.8878625 0.275390625 0.9068140625 0.2783203125 0.9038984375 0.3154296875 0.9155625000000001 0.3408203125 0.9315984374999999 0.349609375 0.957840625 0.349609375 0.9782515625 0.37109375 0.9972046875 0.3642578125 0.9986625 0.31640625
16 0.9563828125 0.2568359375 0.9534671875 0.2861328125 0.99283125 0.3125 1 0.3095703125 0.9986625 0.11328125 0.9665890625 0.103515625 0.9520093749999999 0.107421875 0.9330562499999999 0.1376953125 0.9563828125 0.2568359375
13 0.33385937499999996 0.708984375 0.3017859375 0.681640625 0.22014375 0.650390625 0.20847968749999998 0.630859375 0.1749484375 0.6513671875 0.1720328125 0.6787109375 0.1895265625 0.7001953125 0.2055640625 0.7578125 0.2522171875 0.703125 0.2609640625 0.71484375 0.29887031249999996 0.728515625 0.3134484375 0.7109375 0.33385937499999996 0.708984375
16 0.32365468750000004 0.6044921875 0.3382328125 0.5732421875 0.322196875 0.564453125 0.29157968749999996 0.5908203125 0.29741249999999997 0.6298828125 0.2740859375 0.6494140625 0.2770015625 0.6611328125 0.2930375 0.66796875 0.31636406250000004 0.666015625 0.3411484375 0.6435546875 0.33969062499999997 0.630859375 0.32365468750000004 0.6044921875
13 0.17640625000000001 0.53515625 0.1370421875 0.5185546875 0.142875 0.4892578125 0.12829531249999998 0.4736328125 0.1224640625 0.4384765625 0.1093421875 0.423828125 0.0699796875 0.4423828125 0.09330625000000001 0.5400390625 0.11080000000000001 0.5615234375 0.15891093750000002 0.5859375 0.1691171875 0.5751953125 0.157453125 0.5576171875 0.17640625000000001 0.53515625
13 0.5117234374999999 0.4921875 0.488396875 0.490234375 0.46652812499999996 0.5009765625 0.46944375000000005 0.5244140625 0.49422812499999996 0.552734375 0.5233859375 0.552734375 0.53505 0.53515625 0.5277609375 0.5302734375 0.5335921875 0.5126953125 0.5117234374999999 0.4921875
13 0.43737031249999997 0.4462890625 0.42424999999999996 0.447265625 0.411128125 0.4599609375 0.4315390625 0.5263671875 0.4621546875 0.544921875 0.47965 0.546875 0.47965 0.541015625 0.4636125 0.5126953125 0.47527656250000005 0.4873046875 0.43737031249999997 0.4462890625
14 0.9986625 0.787109375 0.908271875 0.67578125 0.8936937500000001 0.677734375 0.8791140625 0.69140625 0.763940625 0.7431640625 0.76685625 0.7685546875 0.781434375 0.7880859375 0.8761984375 0.890625 0.9665890625 0.865234375 0.9884578125000001 0.8525390625 0.9811671875 0.841796875 0.9972046875 0.8505859375 0.9986625 0.787109375
13 0.93743125 0.921875 0.902440625 0.916015625 0.8703671875 0.919921875 0.8018453125 0.9599609375 0.7989296875 0.9990234375 0.9665890625 1 0.973878125 0.9677734375 0.9942890625 0.9560546875 0.99283125 0.94921875 0.9811671875 0.9375 0.93743125 0.921875
3 0.6822984375 0.8896484375 0.6691765625 1 0.708540625 0.9951171875 0.72311875 0.9619140625 0.763940625 0.9462890625 0.758109375 0.9287109375 0.7799765625 0.90625 0.7595671875 0.8828125 0.692503125 0.8828125 0.6822984375 0.8896484375
13 0.5321343749999999 1 0.5321343749999999 0.990234375 0.5131812499999999 0.9541015625 0.4840234375 0.9501953125 0.5277609375 0.8798828125 0.526303125 0.873046875 0.5131812499999999 0.8818359375 0.516096875 0.8720703125 0.5029765625 0.859375 0.45194999999999996 0.8857421875 0.45194999999999996 0.8994140625 0.438828125 0.912109375 0.4038390625 0.923828125 0.389259375 0.939453125 0.37030625 0.9443359375 0.35864375000000004 0.9638671875 0.3265703125 0.9755859375 0.3265703125 0.9912109375 0.336775 1 0.5321343749999999 1
16 0.8280875 0.3251953125 0.8426671875 0.3740234375 0.8616203125 0.396484375 0.8951515625 0.3662109375 0.896609375 0.328125 0.8761984375 0.314453125 0.8616203125 0.31640625 0.852871875 0.310546875 0.8280875 0.3251953125
16 0.24346874999999998 0.091796875 0.2390953125 0.0986328125 0.20410625 0.2451171875 0.2493015625 0.26171875 0.2740859375 0.2607421875 0.2740859375 0.2412109375 0.25950625 0.2314453125 0.25950625 0.2158203125 0.3076171875 0.1015625 0.2667953125 0.091796875 0.24346874999999998 0.091796875