6 0.2200453125 0 0.25937031250000003 0.0387359375 0.37813125 0.13740625 0.5296890624999999 0.26159374999999996 0.6654140625 0.232671875 0.719703125 0.1629234375 0.76875 0.1232 0.76875 0 0.2200453125 0
16 0.614903125 0 0.6012578125 0.024834375 0.5933046875 0.04875 0.59529375 0.0846234375 0.6012578125 0.10554843750000001 0.5972828125 0.156371875 0.61020625 0.20270937500000002 0.6201484374999999 0.211675 0.63605625 0.20868906250000002 0.646 0.2176546875 0.6549484375 0.2191515625 0.66190625 0.21466406249999997 0.666878125 0.2042015625 0.6648890625 0.1713171875 0.6708546875 0.1444125 0.6708546875 0.11451875 0.6609140625000001 0.06369843750000001 0.658925 0.0218453125 0.6474546875 0 0.614903125 0
14 0.3520109375 0 0.34275781250000004 0.027825 0.3437515625 0.035296875 0.36164687500000003 0.0323078125 0.3835203125 0.050246875 0.3994265625 0.0323078125 0.4213 0.0293171875 0.44118593749999996 0.0412765625 0.45013593749999997 0.0547296875 0.452121875 0.06668437499999999 0.4600765625 0.069675 0.46703593750000005 0.0592125 0.4928859375 0.0651921875 0.4998453125 0.045759375000000005 0.49785781250000005 0.0308140625 0.47697968749999997 0.0113828125 0.451128125 0.0024125 0.44811875 0 0.3520109375 0
14 0.5565171875 0.1608546875 0.55850625 0.1638453125 0.5773984375000001 0.1623484375 0.5903203125 0.154875 0.59529375 0.1444125 0.5972828125 0.1175078125 0.5903203125 0.1070453125 0.572425 0.09807656249999999 0.538621875 0.09807656249999999 0.5167484375 0.0861171875 0.5068046875000001 0.0861171875 0.498853125 0.092096875 0.49189375 0.10554843750000001 0.49189375 0.1234875 0.5068046875000001 0.15188593749999998 0.512771875 0.154875 0.5306671875 0.154875 0.5326562499999999 0.157865625 0.5565171875 0.1608546875
25 0.4093703125 0.145909375 0.41831874999999996 0.147403125 0.4262734375 0.132453125 0.42826250000000005 0.1234875 0.44814687500000006 0.0876140625 0.452121875 0.0756546875 0.452121875 0.060709374999999996 0.44118593749999996 0.0412765625 0.4292546875 0.0323078125 0.40539375 0.0293171875 0.3954515625 0.035296875 0.388490625 0.045759375000000005 0.388490625 0.07864375 0.38053750000000003 0.1085390625 0.38053750000000003 0.1204984375 0.3974390625 0.13694062499999998 0.40539375 0.1399296875 0.4093703125 0.145909375
6 1 0.26301874999999997 0.982815625 0.274103125 0.972896875 0.274103125 0.969921875 0.2781546875 0.9709140625 0.290309375 0.9629796875000001 0.274103125 0.9471093749999999 0.2714015625 0.9352078125000001 0.276803125 0.9352078125000001 0.2659984375 0.9193390625 0.260596875 0.8816499999999999 0.2632984375 0.873715625 0.2714015625 0.8578453125 0.2714015625 0.850903125 0.2943609375 0.835034375 0.321371875 0.8271000000000001 0.34298125 0.8161890625 0.34163125 0.8032953125000001 0.351084375 0.8032953125000001 0.36999218749999996 0.809246875 0.37539531249999997 0.8013125000000001 0.3862 0.8032953125000001 0.4051078125 0.806271875 0.41185937499999997 0.81420625 0.4145609375 0.81718125 0.424015625 0.799328125 0.47263593750000005 0.7953609375 0.45912968750000005 0.7844515624999999 0.4496765625 0.7814765625 0.45642812499999996 0.7814765625 0.48884218749999997 0.78544375 0.4969453125 0.780484375 0.5036984375 0.76875 0.5051515625 0.76875 0.61875 1 0.61875 1 0.26301874999999997
6 0.331409375 1 0.3361109375 0.87705 0.41953125 0.8889921875000001 0.5108984375000001 0.8591359375 0.562540625 0.8292796875 0.60524375 0.7740437499999999 0.629078125 0.7173171875000001 0.646334375 0.61875 0.0447765625 0.61875 0.0451265625 0.6217765625 0.0868390625 0.696415625 0.0908109375 0.747175 0.1007421875 0.7501578125 0.094784375 0.7591171875 0.09875625 0.7859859375 0.11663125 0.8337578125 0.1692671875 0.8979515625 0.18316875 0.8830218750000001 0.247721875 0.92034375 0.2446046875 1 0.26863125 1 0.27354375000000003 0.9113843749999999 0.2804953125 0.9039234374999999 0.27970625 1 0.331409375 1
14 0.306315625 0.8024093750000001 0.3152546875 0.7621015625 0.3251859375 0.7531453124999999 0.3172421875 0.6844734375 0.2861609375 0.61875 0.099734375 0.61875 0.120603125 0.67253125 0.122590625 0.7203015625 0.1712515625 0.80838125 0.1970734375 0.8292796875 0.219915625 0.8307734375000001 0.306315625 0.8024093750000001
14 0.52579375 0.8486874999999999 0.562540625 0.8292796875 0.5953140625 0.7859859375 0.583396875 0.738215625 0.5486359375000001 0.700896875 0.5248015625 0.70686875 0.49600156249999994 0.7561296875 0.501959375 0.81584375 0.52579375 0.8486874999999999
14 0.334790625 0.61875 0.33313125 0.63371875 0.34504843749999997 0.67253125 0.3629234375 0.6814890625000001 0.41853749999999995 0.6546171875 0.42887812500000005 0.61875 0.334790625 0.61875
25 0.5506234375 0.700896875 0.5933265624999999 0.747175 0.6096874999999999 0.61875 0.4784890625 0.61875 0.47216718750000003 0.63073125 0.46422187499999995 0.7979296875 0.482096875 0.8068875 0.49997499999999995 0.741203125 0.5307609375 0.700896875 0.5506234375 0.700896875
9 0.337103125 0.8666015625 0.3420671875 0.8830218750000001 0.41059375 0.8904859374999999 0.500965625 0.8651078125 0.501959375 0.8516718750000001 0.47911875000000004 0.814353125 0.42946249999999997 0.8024093750000001 0.391725 0.8322671875 0.369875 0.8322671875 0.337103125 0.8666015625
9 0.39470312500000004 0.8277859375000001 0.414565625 0.7979296875 0.41655312499999997 0.7650890625 0.4056265625 0.742696875 0.3857640625 0.739709375 0.3609390625 0.768071875 0.356965625 0.800915625 0.3718625 0.8292796875 0.39470312500000004 0.8277859375000001
6 0.8263406249999999 1 0.8272109375 0.991 0.8133234375 0.9058796875 0.8014187500000001 0.8997984375 0.820265625 0.898278125 0.8153046875 0.8906812499999999 0.8391125 0.8693984374999999 0.84705 0.8329187499999999 0.84308125 0.735640625 0.8708578125 0.7052421875 0.8768109374999999 0.6778828125 0.8575140625 0.61875 0.76875 0.61875 0.76875 1 0.8263406249999999 1