6 0.56875 0.43020781250000006 0.56875 0.256334375 0.44505156250000005 0.2167296875 0.375465625 0.3037921875 0.271696875 0.2667453125 0.20191875 0.3873828125 0.3693609375 0.5094078125 0.56875 0.43020781250000006
13 0.319103125 0.42845781250000003 0.31703125 0.4535875 0.33256406250000003 0.4740078125 0.344990625 0.47714999999999996 0.36570468749999996 0.49913749999999996 0.3750234375 0.49756718749999995 0.4444078125 0.467725 0.44958593750000003 0.45672968750000004 0.4516578125 0.4033296875 0.44233593750000005 0.395475 0.407128125 0.39233281249999996 0.388484375 0.3389328125 0.311853125 0.2823875 0.2683578125 0.2855296875 0.2590375 0.2996671875 0.2580015625 0.3263671875 0.2321140625 0.3310796875 0.2321140625 0.3405046875 0.247646875 0.3546375 0.31806718749999996 0.37034531249999997 0.33774375 0.4033296875 0.319103125 0.42845781250000003
13 0.44233593750000005 0.23527031250000002 0.433015625 0.2494046875 0.414375 0.3028078125 0.416446875 0.32165468750000004 0.4299109375 0.3357921875 0.44855156249999995 0.342075 0.46511874999999997 0.33265 0.47754531250000004 0.3389328125 0.4868671875 0.35935 0.4868671875 0.37505781250000003 0.500328125 0.414325 0.514828125 0.41746249999999996 0.5355390625 0.4363125 0.555215625 0.43474218750000004 0.56875 0.4202515625 0.56875 0.33427656250000004 0.5541796875 0.323225 0.48583125000000005 0.3138046875 0.49100937499999997 0.2588296875 0.4847953125 0.2399828125 0.47133437499999997 0.2227046875 0.44233593750000005 0.23527031250000002
6 0.56875 0 0.56875 0.6462046875 1 0.6633078125 1 0 0.56875 0
0 0.56875 1 0.56875 0.759375 0.0775421875 0.759375 0.1295078125 1 0.56875 1
17 0.294184375 0.8843234375 0.301309375 0.8910656250000001 0.3057859375 0.8897640625 0.30755781249999997 0.8871046874999999 0.302725 0.882871875 0.2980515625 0.8806953125 0.29402343750000004 0.8823890625 0.294184375 0.8843234375
17 0.35686249999999997 0.788840625 0.34300625 0.7749359375 0.33833281249999997 0.771671875 0.31803125 0.7784421874999999 0.308203125 0.784246875 0.30610781249999997 0.78618125 0.30952812500000004 0.7946203125 0.3173875 0.7934359375 0.32737656249999997 0.8009328124999999 0.33704375 0.79839375 0.35686249999999997 0.788840625
16 0.2545046875 0.8095265625 0.2600265625 0.8095265625 0.266928125 0.8043515625 0.266928125 0.8022796874999999 0.2696890625 0.800209375 0.2696890625 0.79606875 0.266928125 0.7939984375 0.266928125 0.791928125 0.257265625 0.78468125 0.2406984375 0.78468125 0.2379375 0.7867515625 0.23517656250000002 0.7867515625 0.23241562500000001 0.788821875 0.2296546875 0.788821875 0.22689374999999998 0.7908921875 0.2241328125 0.7908921875 0.221371875 0.7929640625000001 0.2186109375 0.7929640625000001 0.21585000000000001 0.795034375 0.2130890625 0.795034375 0.21032812500000003 0.7971046875 0.20756718749999997 0.7971046875 0.20480625 0.799175 0.2020453125 0.799175 0.1965234375 0.803315625 0.1937625 0.803315625 0.186859375 0.8084921875 0.186859375 0.8105625 0.1840984375 0.8126328125000001 0.1840984375 0.814703125 0.17995624999999998 0.8178093750000001 0.1771953125 0.8178093750000001 0.1730546875 0.8209140625 0.1730546875 0.8250546875 0.1785765625 0.8291953124999999 0.1785765625 0.8312671875 0.1827171875 0.8343718750000001 0.1854796875 0.8343718750000001 0.186859375 0.8333375000000001 0.1910015625 0.83023125 0.20756718749999997 0.83023125 0.21032812500000003 0.8281609375000001 0.2186109375 0.8281609375000001 0.221371875 0.83023125 0.2255140625 0.827125 0.2255140625 0.8250546875 0.22689374999999998 0.8240203125000001 0.2296546875 0.8240203125000001 0.23517656250000002 0.8198796875 0.2379375 0.8198796875 0.2406984375 0.8178093750000001 0.24345937499999998 0.8178093750000001 0.2545046875 0.8095265625
1 0.467890625 0.8013953125000001 0.464875 0.8009953124999999 0.45228124999999997 0.8035249999999999 0.45015312500000004 0.8043234375000001 0.4507140625 0.8042234374999999 0.45316718749999996 0.8081843750000001 0.46026249999999996 0.8065859375000001 0.4671796875 0.806053125 0.46930937500000003 0.8056546875 0.467890625 0.8013953125000001
6 0.6668125 1 0.7545234375 0.8029203125000001 0.7462375 0.7683671875 0.75611875 0.759375 0.56875 0.759375 0.56875 1 0.6668125 1
13 0.6737453125 0.8311921874999999 0.6737453125 0.7934953124999999 0.6613203125 0.7620828125 0.6619890625 0.759375 0.56875 0.759375 0.56875 0.9450953125 0.5691531249999999 0.9458500000000001 0.576403125 0.9442796875000001 0.592971875 0.8971578125 0.6312875 0.8421875 0.6737453125 0.8311921874999999
13 0.6585687499999999 1 0.6592484375 0.9976796875 0.696528125 0.9379953125 0.71516875 0.8940171875 0.70999375 0.8798828125 0.6851390625 0.8704578125 0.6768531249999999 0.8610328125000001 0.6644265625 0.8359046875 0.6333578125 0.8421875 0.6209328125 0.8673171875 0.59815 0.8893078125 0.5846859375 0.9285703125 0.5826140625 0.963125 0.56875 0.9815265625 0.56875 1 0.6585687499999999 1