6 0 0.56875 0.4796875 0.56875 0.4796875 0.16114843750000002 0.44147187499999996 0.1621828125 0.26244375 0.1758640625 0.163796875 0.21553593750000002 0.189371875 0.3591734375 0.13091250000000001 0.331815625 0.021303125 0.3468609375 0.021303125 0.4932359375 0 0.5445656249999999 0 0.56875
16 0.2711828125 0.5186828125 0.2628265625 0.56875 0.4796875 0.56875 0.4796875 0.5510796874999999 0.4535703125 0.5315218749999999 0.42239375 0.5245171875 0.3818625 0.5315218749999999 0.2945671875 0.5105109375 0.2711828125 0.5186828125
17 0.16985625 0.42179374999999997 0.0825609375 0.42179374999999997 0.08723906249999999 0.47198906249999995 0.11373906250000002 0.5011703125 0.1340015625 0.500003125 0.19791875 0.4894984375 0.31015468749999997 0.48716406250000005 0.342890625 0.46031562499999995 0.3241859375 0.41595624999999997 0.29145 0.40778437500000003 0.16985625 0.42179374999999997
17 0.196359375 0.376265625 0.15738749999999999 0.3540875 0.10750156250000001 0.35875625 0.051384375 0.3494203125 0.031120312500000004 0.43229843749999997 0.031120312500000004 0.46265 0.0467078125 0.46498437499999995 0.074765625 0.450975 0.0825609375 0.419459375 0.15426875 0.41478906249999997 0.196359375 0.38794062500000004 0.196359375 0.376265625
17 0 0.56875 0.2528375 0.56875 0.2711828125 0.5326890625 0.2462421875 0.5163484375 0.2415640625 0.491834375 0.11373906250000002 0.505840625 0.0825609375 0.47315625 0.05294375 0.48132656249999994 0 0.5460125 0 0.56875
17 0.2213 0.2175109375 0.199478125 0.2478609375 0.18700468750000002 0.28287968750000003 0.196359375 0.3038921875 0.2181828125 0.31089687499999996 0.238446875 0.302725 0.35536249999999997 0.3062265625 0.3460078125 0.28287968750000003 0.30703593749999997 0.25369687500000004 0.28521406250000003 0.25369687500000004 0.26183125 0.2361875 0.26183125 0.2035015625 0.28833125000000004 0.18132187500000002 0.313271875 0.18365625000000002 0.305478125 0.1964984375 0.31950781250000004 0.20466875 0.394334375 0.2256796875 0.41148125 0.238521875 0.4021265625 0.2455265625 0.42862968749999997 0.2630359375 0.44421718749999994 0.2513609375 0.44265781249999997 0.26887343750000003 0.46915781250000005 0.2840484375 0.4796875 0.2849078125 0.4796875 0.180153125 0.47539375 0.18132187500000002 0.4796875 0.17596406250000002 0.4796875 0.16965 0.419275 0.16965 0.369390625 0.1906609375 0.3008 0.1766515625 0.2696234375 0.18132187500000002 0.2587140625 0.198834375 0.2213 0.2175109375
12 0.4796875 0.44771406249999995 0.4796875 0.325721875 0.3787453125 0.321403125 0.3615984375 0.39027500000000004 0.3460078125 0.40661718750000003 0.419275 0.45214375 0.445775 0.45797968750000007 0.4796875 0.44771406249999995
6 0.53571875 0 0.5347265625000001 0.007646875 0.558071875 0.0099828125 0.5647421875 0.0006374999999999999 0.566409375 0.0064781249999999995 0.5747484375 0.0099828125 0.58975625 0.0088140625 0.584753125 0.0169921875 0.5147140625 0.014656250000000001 0.4980390625 0.0240015625 0.48469843749999997 0.01231875 0.4796875 0.011442187500000001 0.4796875 0.10337343750000001 0.62644375 0.10226874999999999 0.748178125 0.1011 0.79820625 0.096428125 0.8082109375 0.08941875 0.8248875 0.0870828125 0.829890625 0.07656874999999999 0.8132140625 0.0648875 0.81655 0.0485328125 0.8032078125 0.027504687500000003 0.81655 0.0088140625 0.8147515625 0 0.798075 0 0.7998734375 0.0088140625 0.7815296875 0.0240015625 0.7681890625000001 0.026337500000000003 0.7515125 0.038018750000000004 0.739840625 0.027504687500000003 0.7331703125 0.00180625 0.7305921875 0 0.5990046875 0 0.5914234375 0.005309375 0.5883921875 0 0.53571875 0
6 0.8482328125 0.54734375 0.8665765625 0.5321578125 0.856571875 0.4714125 0.8499015625 0.46206718750000003 0.8315578125 0.45622656250000004 0.8182171874999999 0.4445453125 0.784865625 0.4328625 0.7798625 0.43403125 0.7948703125 0.44921718750000006 0.7631859375000001 0.4363671875 0.7715234375 0.4328625 0.76151875 0.4328625 0.7498453125 0.4433765625 0.7498453125 0.4573953125 0.7448421875 0.45856250000000004 0.7114906249999999 0.4305265625 0.7031531249999999 0.43169531250000004 0.7048203125 0.43520000000000003 0.7131578125 0.4363671875 0.7048203125 0.44921718750000006 0.6981499999999999 0.43987187499999997 0.6881437499999999 0.43987187499999997 0.6764718750000001 0.45272187500000005 0.6681328125 0.45622656250000004 0.631446875 0.43987187499999997 0.6081000000000001 0.4375359375 0.5614078124999999 0.46323593750000003 0.5564046874999999 0.45505781250000005 0.5697453125 0.42468593749999994 0.54473125 0.4048265625 0.5347265625000001 0.402490625 0.5280546875 0.4048265625 0.48469843749999997 0.4001546875 0.4796875 0.400446875 0.4796875 0.5547890625 0.5013734375000001 0.5379984375 0.50804375 0.5379984375 0.521384375 0.54968125 0.5480671874999999 0.5636984375 0.5672953125 0.56875 0.5989703125 0.56875 0.6614625000000001 0.5636984375 0.694815625 0.54968125 0.7214968749999999 0.5520171875 0.7415078125 0.5613625 0.76151875 0.5613625 0.8482328125 0.54734375
13 0.7064874999999999 0.518140625 0.7031531249999999 0.5041218749999999 0.6831421875 0.4807578125 0.6764718750000001 0.45973125000000004 0.6181062500000001 0.43520000000000003 0.6014296875 0.43987187499999997 0.566409375 0.45973125000000004 0.5197171875000001 0.51113125 0.5097125 0.529821875 0.5097125 0.541503125 0.5480671874999999 0.5636984375 0.5648921875 0.56875 0.6006609375 0.56875 0.6714687500000001 0.5613625 0.6814734375 0.5520171875 0.6964828125 0.5485125 0.6864765625 0.541503125 0.6864765625 0.53449375 0.7064874999999999 0.518140625
13 0.6764718750000001 0.46206718750000003 0.6831421875 0.478421875 0.7064874999999999 0.5087937499999999 0.7031531249999999 0.53683125 0.7098234375 0.5485125 0.738171875 0.5613625 0.7631859375000001 0.56019375 0.8415625 0.54968125 0.8665765625 0.53449375 0.8599062500000001 0.4760859375 0.8448984375 0.45856250000000004 0.8215515625 0.4445453125 0.7815296875 0.42819062499999994 0.7681890625000001 0.42819062499999994 0.75318125 0.4363671875 0.748178125 0.46089843750000004 0.729834375 0.441040625 0.7148265625 0.4305265625 0.7014859375 0.42819062499999994 0.6764718750000001 0.44805 0.6764718750000001 0.46206718750000003
13 0.566409375 0.41767656249999996 0.5347265625000001 0.402490625 0.4796875 0.40034843750000004 0.4796875 0.556590625 0.5063765625000001 0.53449375 0.5163828125000001 0.518140625 0.5163828125000001 0.5087937499999999 0.539728125 0.4877671875 0.5697453125 0.43403125 0.566409375 0.41767656249999996
21 0.5697453125 0.0391875 0.576415625 0.0602140625 0.58975625 0.06255 0.6131031250000001 0.05086875 0.6197734374999999 0.0391875 0.6197734374999999 0.0298421875 0.594759375 0.0216640625 0.58141875 0.0240015625 0.5697453125 0.0391875
16 0.5163828125000001 0.05554218749999999 0.513046875 0.036851562500000004 0.5063765625000001 0.0298421875 0.4796875 0.0111453125 0.4796875 0.0862984375 0.486365625 0.0905875 0.494703125 0.1011 0.5330578125 0.10226874999999999 0.5430640624999999 0.0999328125 0.549734375 0.0789046875 0.5163828125000001 0.05554218749999999
13 0.7098234375 0.0789046875 0.7098234375 0.069559375 0.694815625 0.0520375 0.6614625000000001 0.0403546875 0.648121875 0.0403546875 0.6014296875 0.05670937499999999 0.563075 0.09525937500000001 0.5647421875 0.1011 0.6898125 0.0999328125 0.7131578125 0.0975953125 0.7164937499999999 0.0859140625 0.7098234375 0.0789046875
13 0.798475 0 0.7998734375 0.0088140625 0.7898671875 0.015823437500000002 0.7898671875 0.020496875 0.784865625 0.0240015625 0.7715234375 0.0240015625 0.7465109375 0.046196875 0.7465109375 0.05086875 0.7681890625000001 0.061382812499999995 0.774859375 0.0683921875 0.8032078125 0.06722343750000001 0.81655 0.057878125 0.81655 0.046196875 0.8032078125 0.027504687500000003 0.8032078125 0.0228328125 0.81655 0.0111515625 0.8149578125 0 0.798475 0
13 0.618428125 0 0.6164375 0.0111515625 0.6381171875 0.0403546875 0.6781390625 0.038018750000000004 0.6981499999999999 0.0403546875 0.7048203125 0.045028125 0.7064874999999999 0.036851562500000004 0.7148265625 0.0356828125 0.72483125 0.0426921875 0.7365046875 0.043859375 0.743175 0.032178125 0.73333125 0 0.618428125 0
13 0.7181609375 0.045028125 0.7064874999999999 0.0532046875 0.7064874999999999 0.0648875 0.7164937499999999 0.083578125 0.7281671875 0.0917546875 0.7448421875 0.0870828125 0.766521875 0.0905875 0.7798625 0.0789046875 0.7731921875000001 0.0648875 0.7415078125 0.049701562500000004 0.7181609375 0.045028125
13 0.5330578125 0.036851562500000004 0.5247203125000001 0.038018750000000004 0.513046875 0.046196875 0.513046875 0.05554218749999999 0.5430640624999999 0.07656874999999999 0.5430640624999999 0.083578125 0.549734375 0.08825 0.55306875 0.0789046875 0.5614078124999999 0.0777375 0.5730796875 0.069559375 0.566409375 0.0602140625 0.5463984375 0.0485328125 0.549734375 0.036851562500000004 0.5797515625 0.0228328125 0.568078125 0.0169921875 0.5514015624999999 0.014656250000000001 0.5113796875000001 0.014656250000000001 0.5030421875 0.020496875 0.5030421875 0.02516875 0.5147140625 0.033346875 0.5330578125 0.036851562500000004
13 0.563075 0 0.563075 0.0088140625 0.568078125 0.014656250000000001 0.5830859375 0.015823437500000002 0.5914234375 0.014656250000000001 0.6014296875 0.005309375 0.611434375 0.0029734375 0.6141359375000001 0 0.563075 0
6 0.195228125 1 0.2001765625 0.9962890625 0.20640312500000002 0.9962890625 0.209515625 0.993953125 0.212628125 0.993953125 0.2157421875 0.99161875 0.2188546875 0.99161875 0.22196875 0.9892843750000001 0.22819375000000003 0.9892843750000001 0.23130781250000002 0.9869484375 0.2344203125 0.9869484375 0.237534375 0.9846140625 0.240646875 0.9846140625 0.2437609375 0.9822796874999999 0.2468734375 0.9822796874999999 0.24998593750000003 0.97994375 0.2531 0.97994375 0.2562125 0.9776093749999999 0.25932656249999997 0.9776093749999999 0.26243906250000004 0.9752750000000001 0.2655515625 0.9752750000000001 0.271778125 0.9706046875000001 0.2748921875 0.9706046875000001 0.2780046875 0.9682703125 0.28111875 0.9682703125 0.282675 0.9671031250000001 0.282675 0.9647671875 0.28578749999999997 0.9624328125 0.28578749999999997 0.9577625 0.28734375 0.9565953125 0.2935703125 0.961265625 0.299796875 0.961265625 0.302909375 0.95893125 0.3060234375 0.95893125 0.3091359375 0.9565953125 0.3153625 0.9565953125 0.3247015625 0.9495906250000001 0.327815625 0.9495906250000001 0.33404218750000003 0.944921875 0.3371546875 0.944921875 0.3527203125 0.933246875 0.35583437500000004 0.933246875 0.377625 0.9169031249999999 0.3807390625 0.9169031249999999 0.386965625 0.9122328124999999 0.390078125 0.9122328124999999 0.40875781250000004 0.8982234375000001 0.41187031249999995 0.8982234375000001 0.418096875 0.8935546875 0.421209375 0.8935546875 0.436775 0.8818796875 0.4398890625 0.8818796875 0.452340625 0.8725406250000001 0.45545468749999996 0.8725406250000001 0.4694640625 0.862034375 0.4694640625 0.8293453124999999 0.47880312500000005 0.822340625 0.47880312500000005 0.8200062499999999 0.4796875 0.81934375 0.4796875 0.8165046874999999 0.47724687499999996 0.8165046874999999 0.4694640625 0.8106671875 0.4694640625 0.8036625000000001 0.4725765625 0.8013281250000001 0.4725765625 0.7989921875 0.47569062500000003 0.7966578125 0.47569062500000003 0.7943234375 0.4694640625 0.789653125 0.4694640625 0.7873187500000001 0.4679078125 0.7861515625 0.46479375 0.7861515625 0.45701093750000005 0.7803140625 0.45701093750000005 0.777978125 0.450784375 0.773309375 0.45389843750000003 0.7709734375 0.45389843750000003 0.7686390624999999 0.46012343749999995 0.7639703124999999 0.46012343749999995 0.7593 0.45701093750000005 0.7569656250000001 0.45701093750000005 0.747625 0.45389843750000003 0.745290625 0.45389843750000003 0.74295625 0.447671875 0.7382859374999999 0.447671875 0.7359515625 0.4445578125 0.733615625 0.4445578125 0.728946875 0.447671875 0.7266125 0.447671875 0.7242765624999999 0.450784375 0.7219421875 0.450784375 0.7196078124999999 0.45389843750000003 0.717271875 0.45389843750000003 0.7149375 0.45701093750000005 0.712603125 0.45701093750000005 0.7102671875000001 0.44144531249999996 0.69859375 0.44144531249999996 0.6915890625000001 0.4383328125 0.6892546875 0.4383328125 0.684584375 0.43521875000000004 0.68225 0.43521875000000004 0.6729093749999999 0.44144531249999996 0.6682406249999999 0.44144531249999996 0.6659046875 0.4445578125 0.6635703125 0.4445578125 0.65423125 0.4383328125 0.6495609375 0.4383328125 0.6472265625 0.43210625 0.6425562499999999 0.43210625 0.640221875 0.42743593750000003 0.6367203124999999 0.4243234375 0.6367203124999999 0.422765625 0.6355515625 0.422765625 0.6332171875 0.41965312499999996 0.6308828125 0.41965312499999996 0.628546875 0.422765625 0.6262125000000001 0.422765625 0.6215421875 0.41965312499999996 0.6192078125 0.41965312499999996 0.612203125 0.416540625 0.60986875 0.416540625 0.607534375 0.41342656250000004 0.6051984375 0.41342656250000004 0.6028640625 0.3994171875 0.5923578125 0.390078125 0.5923578125 0.386965625 0.5900218749999999 0.38385156249999997 0.5900218749999999 0.3807390625 0.5876875 0.36517343750000003 0.5876875 0.35583437500000004 0.5806828125 0.3527203125 0.5806828125 0.3496078125 0.5783484375 0.34338125 0.5783484375 0.34026718749999996 0.5760125 0.3247015625 0.5760125 0.3200328125 0.5725109374999999 0.3200328125 0.56875 0 0.56875 0 1 0.195228125 1
17 0.080040625 1 0.0849890625 0.9962890625 0.088103125 0.9962890625 0.09899843750000001 0.9881171875 0.09899843750000001 0.9857812499999999 0.1005546875 0.9846140625 0.10366875 0.9846140625 0.1098953125 0.97994375 0.1130078125 0.97994375 0.1379125 0.961265625 0.1410265625 0.961265625 0.153478125 0.9519265625 0.15659218749999998 0.9519265625 0.15814843750000002 0.950759375 0.15814843750000002 0.9484234375 0.16593125 0.9425859375 0.1690453125 0.9425859375 0.1706015625 0.9414187500000001 0.1706015625 0.939084375 0.1721578125 0.9379171875000001 0.1752703125 0.9379171875000001 0.176828125 0.93675 0.176828125 0.9344140624999999 0.1861671875 0.9274093750000001 0.1861671875 0.925075 0.1908359375 0.9215734375 0.19395 0.9215734375 0.19550625 0.922740625 0.19550625 0.925075 0.1970625 0.9262421875 0.20328906249999998 0.9262421875 0.20640312500000002 0.9285781249999999 0.212628125 0.9285781249999999 0.22196875 0.9215734375 0.22508124999999998 0.9215734375 0.22819375000000003 0.9192375 0.2344203125 0.9192375 0.237534375 0.9169031249999999 0.240646875 0.9169031249999999 0.25465625 0.9063968750000001 0.25465625 0.9040609375 0.25776875 0.9017265625 0.25776875 0.8993921874999999 0.2608828125 0.89705625 0.2608828125 0.8877171875000001 0.25776875 0.8853828125 0.25776875 0.883046875 0.25465625 0.8807124999999999 0.25465625 0.878378125 0.239090625 0.8667031250000001 0.239090625 0.86436875 0.23286406249999997 0.8596984375 0.23286406249999997 0.8550296875000001 0.2297515625 0.85269375 0.2297515625 0.850359375 0.2266375 0.848025 0.2266375 0.8456890625 0.22352500000000003 0.8433546875 0.22352500000000003 0.8410203125000001 0.2204109375 0.8386859375 0.2204109375 0.8340156249999999 0.20640312500000002 0.8235093750000001 0.20328906249999998 0.8235093750000001 0.2001765625 0.8211734375 0.19395 0.8211734375 0.1908359375 0.8188390625 0.1877234375 0.8188390625 0.1846109375 0.8165046874999999 0.181496875 0.8165046874999999 0.17838437499999998 0.81416875 0.1752703125 0.81416875 0.1721578125 0.8118343749999999 0.16593125 0.8118343749999999 0.16281874999999998 0.8095000000000001 0.1597046875 0.8095000000000001 0.15659218749999998 0.8071640625000001 0.153478125 0.8071640625000001 0.150365625 0.8048296875000001 0.147253125 0.8048296875000001 0.1410265625 0.800159375 0.1379125 0.800159375 0.1348 0.797825 0.1316875 0.797825 0.1285734375 0.795490625 0.1254609375 0.795490625 0.12234687500000001 0.7931546875000001 0.119234375 0.7931546875000001 0.11612031249999999 0.7908203125 0.1130078125 0.7908203125 0.1098953125 0.7884859375 0.10678125000000001 0.7884859375 0.10366875 0.7861515625 0.1005546875 0.7861515625 0.0974421875 0.783815625 0.09432968750000001 0.783815625 0.091215625 0.78148125 0.088103125 0.78148125 0.0818765625 0.7768109375 0.0787625 0.7768109375 0.07565 0.7744765625000001 0.06942343749999999 0.7744765625000001 0.0663109375 0.7721421875 0.063196875 0.7721421875 0.060084375 0.76980625 0.056971875000000005 0.76980625 0.050745312499999994 0.7651375 0.04763125 0.7651375 0.041404687499999995 0.7604671875 0.038292187500000005 0.7604671875 0.032065625 0.7557968749999999 0.0258390625 0.7557968749999999 0.0196140625 0.7511281249999999 0.0165 0.7511281249999999 0.0133875 0.74879375 0.0102734375 0.74879375 0.007160937500000001 0.7464578125 0 0.7464578125 0 1 0.080040625 1
13 0.46479375 0.8024953125 0.4710203125 0.8024953125 0.47880312500000005 0.7966578125 0.47880312500000005 0.7943234375 0.4741328125 0.7908203125 0.4710203125 0.7908203125 0.46168125 0.783815625 0.45856718750000003 0.783815625 0.45701093750000005 0.7826484375 0.45701093750000005 0.7803140625 0.452340625 0.7768109375 0.449228125 0.7768109375 0.446115625 0.7744765625000001 0.4430015625 0.7744765625000001 0.44144531249999996 0.773309375 0.4430015625 0.7721421875 0.446115625 0.7721421875 0.452340625 0.767471875 0.45545468749999996 0.767471875 0.46012343749999995 0.7639703124999999 0.46012343749999995 0.7569656250000001 0.45701093750000005 0.7546296875 0.45701093750000005 0.745290625 0.447671875 0.7382859374999999 0.447671875 0.7359515625 0.4445578125 0.733615625 0.4445578125 0.7266125 0.450784375 0.7219421875 0.450784375 0.7196078124999999 0.45701093750000005 0.7149375 0.45701093750000005 0.7079328125 0.45545468749999996 0.706765625 0.452340625 0.706765625 0.44144531249999996 0.69859375 0.44144531249999996 0.6962578125000001 0.4383328125 0.6939234375 0.4383328125 0.684584375 0.43521875000000004 0.68225 0.43521875000000004 0.670575 0.447671875 0.6612359375 0.447671875 0.656565625 0.43521875000000004 0.6472265625 0.43521875000000004 0.6448921875 0.43210625 0.6425562499999999 0.43210625 0.640221875 0.43055000000000004 0.6390546875 0.42743593750000003 0.6390546875 0.41965312499999996 0.6332171875 0.41965312499999996 0.6192078125 0.416540625 0.6168734375 0.416540625 0.6145390625 0.41342656250000004 0.612203125 0.41342656250000004 0.607534375 0.40875781250000004 0.60403125 0.40564375 0.60403125 0.4040875 0.6051984375 0.4040875 0.612203125 0.40253125 0.6133703125000001 0.3978609375 0.60986875 0.3978609375 0.607534375 0.3947484375 0.6051984375 0.3947484375 0.6005296875 0.3807390625 0.5900218749999999 0.37451249999999997 0.5900218749999999 0.3714 0.5923578125 0.36517343750000003 0.5923578125 0.36050312500000004 0.5958593750000001 0.36050312500000004 0.6005296875 0.3636171875 0.6028640625 0.36205937499999996 0.60403125 0.358946875 0.60403125 0.3527203125 0.6087015625000001 0.3496078125 0.6087015625000001 0.34805 0.607534375 0.34805 0.6051984375 0.34649375 0.60403125 0.34338125 0.60403125 0.34026718749999996 0.601696875 0.33404218750000003 0.601696875 0.332484375 0.6028640625 0.332484375 0.6051984375 0.33559843749999996 0.607534375 0.33559843749999996 0.60986875 0.327815625 0.61570625 0.3247015625 0.6133703125000001 0.3091359375 0.6133703125000001 0.3060234375 0.61570625 0.302909375 0.61570625 0.301353125 0.6145390625 0.301353125 0.612203125 0.299796875 0.6110359375 0.296684375 0.6110359375 0.2920140625 0.6145390625 0.2920140625 0.6168734375 0.28423125 0.6227109375000001 0.2780046875 0.6227109375000001 0.2748921875 0.620375 0.271778125 0.620375 0.2655515625 0.61570625 0.25932656249999997 0.61570625 0.2562125 0.6133703125000001 0.2531 0.6133703125000001 0.24998593750000003 0.6110359375 0.2468734375 0.6110359375 0.24531718749999998 0.612203125 0.24531718749999998 0.6145390625 0.2484296875 0.6168734375 0.2484296875 0.623878125 0.24531718749999998 0.6262125000000001 0.24531718749999998 0.628546875 0.2484296875 0.6308828125 0.2484296875 0.6332171875 0.2468734375 0.634384375 0.22819375000000003 0.634384375 0.22352500000000003 0.6378874999999999 0.22352500000000003 0.6425562499999999 0.2204109375 0.6448921875 0.2204109375 0.651896875 0.22352500000000003 0.65423125 0.22352500000000003 0.656565625 0.2204109375 0.6589 0.2204109375 0.6612359375 0.2172984375 0.6635703125 0.2172984375 0.6682406249999999 0.209515625 0.6740781250000001 0.20640312500000002 0.6717421875 0.20328906249999998 0.6717421875 0.1986203125 0.6752453125 0.1986203125 0.6775796875 0.2001765625 0.6787468750000001 0.20328906249999998 0.6787468750000001 0.2048453125 0.6799140625 0.2048453125 0.6915890625000001 0.20328906249999998 0.69275625 0.2001765625 0.690421875 0.1986203125 0.6915890625000001 0.1986203125 0.7055984375000001 0.2001765625 0.706765625 0.20173281250000002 0.7055984375000001 0.20173281250000002 0.6962578125000001 0.20328906249999998 0.695090625 0.2048453125 0.6962578125000001 0.2048453125 0.7032625 0.2204109375 0.7149375 0.2204109375 0.7242765624999999 0.22508124999999998 0.7277796875 0.22819375000000003 0.7254437499999999 0.2297515625 0.7266125 0.2297515625 0.7359515625 0.22819375000000003 0.7371187499999999 0.22508124999999998 0.7371187499999999 0.22352500000000003 0.7382859374999999 0.22352500000000003 0.747625 0.22508124999999998 0.74879375 0.2266375 0.747625 0.2266375 0.745290625 0.23130781250000002 0.7417890625 0.235978125 0.745290625 0.235978125 0.747625 0.239090625 0.7499609375 0.239090625 0.7569656250000001 0.235978125 0.7593 0.235978125 0.7616343750000001 0.2297515625 0.7663046875 0.2297515625 0.7709734375 0.22352500000000003 0.77564375 0.22352500000000003 0.7803140625 0.2204109375 0.7826484375 0.2204109375 0.7966578125 0.2172984375 0.7989921875 0.2172984375 0.8013281250000001 0.2141859375 0.8036625000000001 0.2141859375 0.8106671875 0.2172984375 0.8130015625 0.2172984375 0.8293453124999999 0.22352500000000003 0.8340156249999999 0.22352500000000003 0.83635 0.2266375 0.8386859375 0.2266375 0.8433546875 0.2297515625 0.8456890625 0.2297515625 0.848025 0.23286406249999997 0.850359375 0.23286406249999997 0.8550296875000001 0.242203125 0.862034375 0.242203125 0.86436875 0.25776875 0.87604375 0.25776875 0.878378125 0.267109375 0.8853828125 0.267109375 0.9040609375 0.270221875 0.9063968750000001 0.270221875 0.9134015625 0.2733359375 0.9157359375 0.2733359375 0.9180703125 0.2764484375 0.9204046874999999 0.2764484375 0.925075 0.2795609375 0.9274093750000001 0.2795609375 0.9320796874999999 0.282675 0.9344140624999999 0.282675 0.9460890624999999 0.28578749999999997 0.9484234375 0.28578749999999997 0.9530937500000001 0.2889015625 0.9554281250000001 0.2889015625 0.9577625 0.2935703125 0.961265625 0.302909375 0.961265625 0.3044671875 0.9600984374999999 0.3060234375 0.95893125 0.3091359375 0.95893125 0.31225 0.9565953125 0.3153625 0.9565953125 0.3215890625 0.9519265625 0.3247015625 0.9519265625 0.330928125 0.94725625 0.33404218750000003 0.94725625 0.34649375 0.9379171875000001 0.3496078125 0.9379171875000001 0.3714 0.9215734375 0.37451249999999997 0.9215734375 0.386965625 0.9122328124999999 0.390078125 0.9122328124999999 0.3994171875 0.905228125 0.40253125 0.905228125 0.418096875 0.8935546875 0.421209375 0.8935546875 0.43055000000000004 0.8865500000000001 0.43366249999999995 0.8865500000000001 0.452340625 0.8725406250000001 0.45545468749999996 0.8725406250000001 0.4694640625 0.862034375 0.4694640625 0.8316812499999999 0.4725765625 0.8293453124999999 0.4725765625 0.8270109375000001 0.4796875 0.821678125 0.4796875 0.8160000000000001 0.47724687499999996 0.81416875 0.4741328125 0.81416875 0.4710203125 0.8118343749999999 0.4679078125 0.8118343749999999 0.46012343749999995 0.805996875 0.46479375 0.8024953125
13 0.0165 0.6670734375 0.01805625 0.6659046875 0.01805625 0.6612359375 0.0165 0.66006875 0.01183125 0.6635703125 0.0165 0.6670734375
17 0 0.7317484375000001 0.000934375 0.7324484375 0.0165 0.7324484375 0.0196140625 0.734784375 0.028953125000000003 0.734784375 0.030509375 0.733615625 0.036735937499999996 0.728946875 0.036735937499999996 0.7242765624999999 0.038292187500000005 0.723109375 0.041404687499999995 0.723109375 0.0429625 0.7219421875 0.0429625 0.7149375 0.04763125 0.7114359375 0.060084375 0.7114359375 0.063196875 0.7091000000000001 0.06942343749999999 0.7091000000000001 0.07720625 0.7032625 0.07720625 0.69859375 0.0803203125 0.6962578125000001 0.07720625 0.6939234375 0.0803203125 0.6915890625000001 0.0803203125 0.684584375 0.0834328125 0.68225 0.0834328125 0.6775796875 0.086546875 0.6752453125 0.086546875 0.670575 0.089659375 0.6682406249999999 0.089659375 0.6612359375 0.092771875 0.6589 0.092771875 0.65423125 0.09588593749999999 0.651896875 0.09588593749999999 0.6448921875 0.09899843750000001 0.6425562499999999 0.09899843750000001 0.6332171875 0.088103125 0.6250453125 0.0849890625 0.6250453125 0.0818765625 0.6227109375000001 0.0787625 0.6227109375000001 0.07565 0.620375 0.06942343749999999 0.620375 0.0663109375 0.618040625 0.063196875 0.618040625 0.060084375 0.61570625 0.053857812500000005 0.61570625 0.050745312499999994 0.6133703125000001 0.04763125 0.6133703125000001 0.04451875 0.6110359375 0.041404687499999995 0.6110359375 0.038292187500000005 0.6087015625000001 0.0351796875 0.6087015625000001 0.032065625 0.606365625 0.028953125000000003 0.606365625 0.0258390625 0.60403125 0.0227265625 0.60403125 0.0165 0.5993625 0.0133875 0.5993625 0.007160937500000001 0.5946921875 0.004046875 0.5946921875 0.000934375 0.5923578125 0 0.5923578125 0 0.7317484375000001
18 0.06942343749999999 0.573678125 0.0663109375 0.5760125 0.060084375 0.5760125 0.056971875000000005 0.5783484375 0.053857812500000005 0.5783484375 0.050745312499999994 0.5806828125 0.04763125 0.5806828125 0.04451875 0.5830171875 0.041404687499999995 0.5830171875 0.038292187500000005 0.5853531249999999 0.0351796875 0.5853531249999999 0.032065625 0.5876875 0.0258390625 0.5876875 0.0227265625 0.5900218749999999 0.0196140625 0.5900218749999999 0.01494375 0.593525 0.01494375 0.5958593750000001 0.028953125000000003 0.606365625 0.032065625 0.606365625 0.0351796875 0.6087015625000001 0.041404687499999995 0.6087015625000001 0.04763125 0.6133703125000001 0.050745312499999994 0.6133703125000001 0.053857812500000005 0.61570625 0.060084375 0.61570625 0.063196875 0.618040625 0.06942343749999999 0.618040625 0.0725375 0.620375 0.0787625 0.620375 0.0818765625 0.6227109375000001 0.0849890625 0.6227109375000001 0.091215625 0.6273796875000001 0.09432968750000001 0.6273796875000001 0.10211250000000001 0.6332171875 0.10211250000000001 0.6425562499999999 0.09899843750000001 0.6448921875 0.09899843750000001 0.6495609375 0.09588593749999999 0.651896875 0.09588593749999999 0.6612359375 0.092771875 0.6635703125 0.092771875 0.670575 0.089659375 0.6729093749999999 0.089659375 0.6752453125 0.086546875 0.6775796875 0.086546875 0.68225 0.0834328125 0.684584375 0.0834328125 0.6915890625000001 0.086546875 0.6939234375 0.086546875 0.700928125 0.0834328125 0.7032625 0.0834328125 0.7055984375000001 0.088103125 0.7091000000000001 0.0974421875 0.7091000000000001 0.09899843750000001 0.7102671875000001 0.09899843750000001 0.717271875 0.1005546875 0.7184390625 0.10678125000000001 0.7184390625 0.117678125 0.7266125 0.117678125 0.728946875 0.120790625 0.73128125 0.120790625 0.7382859374999999 0.117678125 0.7406203125 0.117678125 0.747625 0.1145640625 0.7499609375 0.1145640625 0.7546296875 0.11145156249999999 0.7569656250000001 0.11145156249999999 0.7616343750000001 0.1083375 0.7639703124999999 0.1083375 0.7663046875 0.10678125000000001 0.767471875 0.10366875 0.767471875 0.10211250000000001 0.7686390624999999 0.10211250000000001 0.7709734375 0.09899843750000001 0.773309375 0.09899843750000001 0.77564375 0.1098953125 0.783815625 0.1285734375 0.783815625 0.1301296875 0.7826484375 0.1410265625 0.7744765625000001 0.1441390625 0.7744765625000001 0.153478125 0.767471875 0.15659218749999998 0.767471875 0.1597046875 0.7651375 0.16281874999999998 0.7651375 0.1706015625 0.7593 0.1706015625 0.7569656250000001 0.17371406250000002 0.7546296875 0.17371406250000002 0.745290625 0.176828125 0.74295625 0.176828125 0.73128125 0.17994062500000002 0.728946875 0.17994062500000002 0.712603125 0.176828125 0.7102671875000001 0.176828125 0.7079328125 0.17994062500000002 0.7055984375000001 0.17994062500000002 0.69859375 0.176828125 0.6962578125000001 0.176828125 0.6939234375 0.17371406250000002 0.6915890625000001 0.17371406250000002 0.684584375 0.1706015625 0.68225 0.1706015625 0.6752453125 0.16748749999999998 0.6729093749999999 0.16748749999999998 0.670575 0.164375 0.6682406249999999 0.164375 0.6659046875 0.15814843750000002 0.6612359375 0.15814843750000002 0.6589 0.150365625 0.6530640625 0.1410265625 0.6530640625 0.1394703125 0.651896875 0.1441390625 0.64839375 0.147253125 0.64839375 0.15814843750000002 0.640221875 0.15814843750000002 0.6378874999999999 0.164375 0.6332171875 0.164375 0.6308828125 0.1721578125 0.6250453125 0.1752703125 0.6250453125 0.17994062500000002 0.6215421875 0.17994062500000002 0.6192078125 0.1846109375 0.61570625 0.1877234375 0.61570625 0.1892796875 0.6145390625 0.1892796875 0.612203125 0.1908359375 0.6110359375 0.19395 0.6110359375 0.1970625 0.6087015625000001 0.2001765625 0.6087015625000001 0.20328906249999998 0.606365625 0.20640312500000002 0.606365625 0.209515625 0.60403125 0.212628125 0.60403125 0.2157421875 0.601696875 0.22196875 0.601696875 0.22508124999999998 0.5993625 0.23130781250000002 0.5993625 0.2437609375 0.5900218749999999 0.2468734375 0.5900218749999999 0.24998593750000003 0.5876875 0.2531 0.5876875 0.2562125 0.5853531249999999 0.25932656249999997 0.5853531249999999 0.26243906250000004 0.5830171875 0.268665625 0.5830171875 0.271778125 0.5853531249999999 0.2780046875 0.5853531249999999 0.28111875 0.5876875 0.299796875 0.5876875 0.302909375 0.5853531249999999 0.3091359375 0.5853531249999999 0.31691875 0.579515625 0.31691875 0.5748453125 0.3200328125 0.5725109374999999 0.3200328125 0.56875 0.08533437499999999 0.56875 0.0849890625 0.5690078125 0.0818765625 0.5690078125 0.0787625 0.57134375 0.07565 0.57134375 0.0725375 0.573678125 0.06942343749999999 0.573678125
17 0.18305312499999998 0.74295625 0.17994062500000002 0.745290625 0.17994062500000002 0.77564375 0.176828125 0.777978125 0.176828125 0.7919875000000001 0.1846109375 0.797825 0.1877234375 0.797825 0.1908359375 0.800159375 0.2001765625 0.800159375 0.20328906249999998 0.8024953125 0.209515625 0.8024953125 0.21107187500000002 0.8013281250000001 0.21107187500000002 0.7989921875 0.2141859375 0.7966578125 0.2048453125 0.789653125 0.2048453125 0.747625 0.207959375 0.745290625 0.207959375 0.7359515625 0.20173281250000002 0.73128125 0.20173281250000002 0.728946875 0.1986203125 0.7266125 0.1986203125 0.7219421875 0.19395 0.7184390625 0.1846109375 0.7184390625 0.18305312499999998 0.7196078124999999 0.18305312499999998 0.74295625
6 1 0.605778125 0.99733125 0.6012171875 0.9201953125 0.56875 0.914821875 0.56875 0.7772484375000001 0.6179671875 0.6812546875 0.69755 0.5946234375 0.73524375 0.5559937500000001 0.8169171875 0.5513109375 0.94675625 0.5658109375 1 1 1 1 0.605778125