6 0.3380046875 0 0.308453125 0.0868046875 0.2675765625 0.080675 0.24941093749999999 0.1511625 0.20399531249999997 0.21858593750000002 0.1971828125 0.2614921875 0.1460890625 0.2538296875 0.1370078125 0.284475 0.06434218750000001 0.3396421875 0.0609359375 0.3564953125 0.13132968750000001 0.5403734375 0.107896875 0.609375 0.6808203125000001 0.609375 0.7035703125 0.5740859375 0.709375 0.5532 0.709375 0.5478671875 0.701303125 0.5342484375 0.709375 0.5156625 0.709375 0.0368359375 0.5911671875 0.0515609375 0.5786796875 0.043903125 0.5854890625 0.028576562500000003 0.575271875 0.002528125 0.572584375 0 0.44963437500000003 0 0.44810625000000004 0.0086578125 0.422446875 0 0.3380046875 0
17 0.5934375000000001 0.054626562499999996 0.5571046875000001 0.0484953125 0.4764921875 0.126646875 0.4992 0.17874375 0.501471875 0.20939375 0.5491578125000001 0.2921375 0.5786796875 0.4024671875 0.6036578125000001 0.42698437499999997 0.6524796875 0.35802812500000003 0.709375 0.3182125 0.709375 0.1635375 0.7081125 0.1572921875 0.6763234375 0.06841875 0.6638328125 0.0515609375 0.641125 0.0423703125 0.6116046875000001 0.0423703125 0.5934375000000001 0.054626562499999996
14 0.4401578125 0.5495687499999999 0.38906406250000003 0.505134375 0.2914203125 0.44690312499999996 0.240878125 0.609375 0.41268281250000005 0.609375 0.4401578125 0.5495687499999999
17 0.132465625 0.5388421875 0.156309375 0.5495687499999999 0.1971828125 0.5281171875 0.21080937500000002 0.48214687500000003 0.24486875000000002 0.4116578125 0.24941093749999999 0.38101250000000003 0.217621875 0.28907343750000003 0.20513125 0.27221875 0.186965625 0.259959375 0.14835937500000002 0.2538296875 0.139278125 0.287540625 0.12338125 0.29060625 0.06434218750000001 0.3396421875 0.0609359375 0.3564953125 0.08364374999999999 0.42391875 0.0949984375 0.43924375 0.11089374999999999 0.497471875 0.132465625 0.5388421875
17 0.2516828125 0.371821875 0.277796875 0.404 0.28688125000000003 0.407065625 0.2982328125 0.43158124999999997 0.3061828125 0.4300484375 0.34819062500000003 0.404 0.3584109375 0.39020781250000003 0.37203437500000003 0.310525 0.37203437500000003 0.27987812500000003 0.35386875 0.22471562500000003 0.3220765625 0.197134375 0.301640625 0.1603578125 0.2970984375 0.1297109375 0.28915156249999996 0.12511406249999998 0.2528171875 0.1496296875 0.2221609375 0.1879390625 0.20172500000000002 0.22471562500000003 0.1971828125 0.2584265625 0.21989062499999998 0.28907343750000003 0.23578749999999998 0.341175 0.2516828125 0.371821875
17 0.40836875 0.497471875 0.419721875 0.46069531250000006 0.4242640625 0.42391875 0.43107656250000004 0.4147234375 0.4378875 0.36262656249999997 0.46967968750000005 0.2737515625 0.4855734375 0.2461671875 0.4878453125 0.22164999999999999 0.4798984375 0.2139875 0.4367515625 0.21705312499999999 0.40155624999999995 0.252296875 0.3970140625 0.3043984375 0.37203437500000003 0.338109375 0.3584109375 0.4024671875 0.337975 0.42391875 0.38906406250000003 0.4928734375 0.40836875 0.497471875
17 0.5173656249999999 0.5587640625 0.48924218750000004 0.609375 0.6821953125 0.609375 0.689946875 0.59860625 0.709375 0.551990625 0.709375 0.54864375 0.6184171875 0.46529218749999995 0.5798140625 0.41625625 0.568459375 0.41319062500000003 0.5332609374999999 0.49440625000000005 0.508284375 0.5219875 0.5173656249999999 0.5587640625
17 0.3390640625 0 0.308453125 0.0837390625 0.31072500000000003 0.1021296875 0.31980624999999996 0.10826093750000002 0.31753437500000004 0.1756828125 0.330025 0.204796875 0.3550046875 0.2231828125 0.3902 0.22471562500000003 0.410640625 0.20939375 0.43107656250000004 0.1603578125 0.4333484375 0.126646875 0.426534375 0.10826093750000002 0.4242640625 0.0469671875 0.4447 0.01325625 0.4167484375 0 0.3390640625 0
17 0.4476046875 0 0.4492421875 0.01325625 0.43561875 0.0316421875 0.42880624999999994 0.050028125 0.4367515625 0.079146875 0.4549203125 0.079146875 0.493521875 0.0975328125 0.4992 0.096 0.5162296875 0.0883375 0.5321281250000001 0.063821875 0.5616453124999999 0.0423703125 0.5820828125 0.045434375 0.5854890625 0.0408375 0.5786796875 0.0071265625 0.57038125 0 0.4476046875 0
13 0.453784375 0.4300484375 0.4594625 0.4223859375 0.4912515625 0.41625625 0.5639171875 0.4101265625 0.571865625 0.39940312499999997 0.565053125 0.3473015625 0.5423453125 0.28600781249999996 0.5173656249999999 0.236975 0.5003359374999999 0.21705312499999999 0.4923875 0.21858593750000002 0.4855734375 0.2461671875 0.46967968750000005 0.2737515625 0.4651375 0.295203125 0.4401578125 0.3564953125 0.4333484375 0.40859375 0.44129375 0.4223859375 0.453784375 0.4300484375
12 0.4878453125 0.5281171875 0.4923875 0.5127921875 0.49011562499999994 0.4882765625 0.48330624999999994 0.47295156250000003 0.47308593749999994 0.46529218749999995 0.44810625000000004 0.46529218749999995 0.44129375 0.4683578125 0.43107656250000004 0.48214687500000003 0.426534375 0.497471875 0.42880624999999994 0.525053125 0.44583593749999995 0.544971875 0.4526484375 0.5480359375 0.4674078125 0.5465046874999999 0.477628125 0.54190625 0.4878453125 0.5281171875
0 1 0.1180328125 0.999784375 0.1180328125 0.9975140625 0.1210609375 0.9907015625 0.1210609375 0.98843125 0.12408749999999999 0.9543671874999999 0.12408749999999999 0.952096875 0.127115625 0.9498265625 0.127115625 0.9475546874999999 0.12408749999999999 0.931659375 0.12408749999999999 0.9293875 0.127115625 0.8271984375000001 0.127115625 0.8249281249999999 0.12408749999999999 0.8226578124999999 0.12408749999999999 0.8203859375 0.127115625 0.78859375 0.127115625 0.7863234375 0.13014375 0.709375 0.13014375 0.709375 0.44803906250000003 0.7159265625 0.44803906250000003 0.72728125 0.44501093750000004 0.7454468750000001 0.44501093750000004 0.7568015625 0.44501093750000004 0.7590734375 0.44198281250000004 0.78178125 0.44198281250000004 0.784053125 0.43895625000000005 0.804490625 0.43895625000000005 0.8067609375 0.43592812500000006 0.8158453124999999 0.43592812500000006 0.8181156250000001 0.43289999999999995 0.845365625 0.43289999999999995 0.8476375 0.42987343750000007 0.8680749999999999 0.42987343750000007 0.8703453124999999 0.42684531249999996 0.8817 0.42684531249999996 0.8839703125 0.42381718749999997 0.8885125 0.42381718749999997 0.8907828125 0.42684531249999996 0.8930546874999999 0.42684531249999996 0.895325 0.42381718749999997 0.9021375 0.42381718749999997 0.9044078125 0.420790625 0.9066796874999999 0.420790625 0.9100859375000001 0.4162484375 0.9100859375000001 0.41322187499999996 0.9134921874999999 0.4086796875 0.9157624999999999 0.4117078125 0.9180343750000001 0.4117078125 0.9225749999999999 0.4177625 0.958909375 0.4177625 0.9611796874999999 0.414734375 0.9770765625 0.414734375 0.9793468750000001 0.4117078125 0.9838890625 0.4117078125 0.9861593750000001 0.4086796875 0.99524375 0.4086796875 0.9975140625 0.4056515625 1 0.4056515625 1 0.1180328125
17 0.9327937500000001 0.33753125 0.9305234375 0.3345046875 0.9305234375 0.3314765625 0.928253125 0.32845 0.928253125 0.30422812499999996 0.9259812500000001 0.3012015625 0.9259812500000001 0.2951453125 0.9237109374999999 0.29211875 0.9237109374999999 0.289090625 0.928253125 0.2830359375 0.9271171875 0.28152187500000003 0.9248468750000001 0.28152187500000003 0.9225749999999999 0.27849375 0.9180343750000001 0.27849375 0.9157624999999999 0.2754671875 0.8794296875000001 0.2754671875 0.8771578124999999 0.2724390625 0.8635328124999999 0.2724390625 0.8612624999999999 0.2694109375 0.858990625 0.2694109375 0.855584375 0.273953125 0.855584375 0.27698125 0.85785625 0.2800078125 0.85785625 0.29211875 0.8601265625 0.2951453125 0.8601265625 0.30422812499999996 0.862396875 0.30725625 0.862396875 0.3163390625 0.8646687500000001 0.31936718750000004 0.8646687500000001 0.3314765625 0.8669390625 0.3345046875 0.8669390625 0.3435875 0.869209375 0.3466140625 0.869209375 0.3647796875 0.8669390625 0.3678078125 0.8669390625 0.3708359375 0.8646687500000001 0.3738625 0.8646687500000001 0.37689062500000003 0.8680749999999999 0.38143125 0.8975953125 0.38143125 0.8998671874999999 0.3784046875 0.9044078125 0.3784046875 0.9066796874999999 0.38143125 0.9134921874999999 0.38143125 0.9146281249999999 0.37991874999999997 0.9157624999999999 0.3784046875 0.9271171875 0.3784046875 0.9293875 0.3753765625 0.938471875 0.3753765625 0.941878125 0.3708359375 0.941878125 0.361753125 0.9396078125 0.358725 0.9396078125 0.35569687499999997 0.9373359375 0.3526703125 0.9373359375 0.3496421875 0.935065625 0.3466140625 0.935065625 0.3435875 0.9327937500000001 0.340559375 0.9327937500000001 0.33753125
17 0.73409375 0.43895625000000005 0.7363640625000001 0.43895625000000005 0.7375 0.4374421875 0.7375 0.4344140625 0.7397703124999999 0.4313859375 0.7397703124999999 0.42230468749999994 0.742040625 0.4192765625 0.742040625 0.41019375 0.7443125 0.40716562500000003 0.7443125 0.4041390625 0.7465828125 0.40111093750000004 0.7454468750000001 0.39959687499999996 0.7431765625 0.39959687499999996 0.738634375 0.3935421875 0.73409375 0.3935421875 0.731821875 0.3905140625 0.7227390625 0.3905140625 0.72046875 0.3874875 0.7181968750000001 0.3874875 0.7159265625 0.384459375 0.71365625 0.384459375 0.711384375 0.38143125 0.709375 0.38143125 0.709375 0.42987343750000007 0.711384375 0.42987343750000007 0.71365625 0.43289999999999995 0.7227390625 0.43289999999999995 0.725009375 0.43592812500000006 0.731821875 0.43592812500000006 0.73409375 0.43895625000000005
6 0.709375 1 0.709375 0.609375 0 0.609375 0 0.866125 0.0015328124999999999 0.866125 0.004559375 0.8683953125 0.0075875 0.8683953125 0.0106140625 0.8706671874999999 0.0318078125 0.8706671874999999 0.034835937500000004 0.8729374999999999 0.0469453125 0.8729374999999999 0.0499734375 0.8752078125 0.056028125 0.8752078125 0.066625 0.8831562500000001 0.066625 0.8854265625 0.0681390625 0.8865624999999999 0.071165625 0.8865624999999999 0.07419375 0.8888328124999999 0.0802484375 0.8888328124999999 0.0832765625 0.8911046875 0.0863046875 0.8911046875 0.08933125 0.893375 0.092359375 0.893375 0.0953875 0.8956453124999999 0.0984140625 0.8956453124999999 0.1014421875 0.8979171875 0.1498828125 0.8979171875 0.1529109375 0.8956453124999999 0.16199375 0.8956453124999999 0.1680484375 0.8911046875 0.1710765625 0.8911046875 0.180159375 0.8842921875 0.1816734375 0.8854265625 0.1816734375 0.9013234375 0.187728125 0.905865625 0.187728125 0.912678125 0.1816734375 0.91721875 0.1847 0.9194906250000001 0.1847 0.9217609375 0.1816734375 0.92403125 0.1831859375 0.9251671874999999 0.1892421875 0.9251671874999999 0.19226875000000002 0.9274374999999999 0.198325 0.9274374999999999 0.202865625 0.9308453125 0.202865625 0.9331156249999999 0.210434375 0.9387921875 0.21346250000000003 0.9387921875 0.21497656250000002 0.939928125 0.21497656250000002 0.9421984374999999 0.2164890625 0.9433343750000001 0.2225453125 0.9433343750000001 0.224059375 0.9444703125 0.224059375 0.946740625 0.2270859375 0.9490109375 0.2270859375 0.9512828125 0.21497656250000002 0.960365625 0.21497656250000002 0.9694499999999999 0.22103125 0.9739906250000001 0.22103125 0.9762625 0.2286 0.9819390625000001 0.231628125 0.9819390625000001 0.23465468750000001 0.984209375 0.2437375 0.984209375 0.24676562500000002 0.98648125 0.2588765625 0.98648125 0.261903125 0.984209375 0.2679578125 0.984209375 0.2709859375 0.9819390625000001 0.2740140625 0.9819390625000001 0.27704062500000004 0.9796687500000001 0.28309687499999997 0.9796687500000001 0.2967203125 0.9694499999999999 0.2967203125 0.967178125 0.2997484375 0.9649078125000001 0.2997484375 0.9626374999999999 0.3042890625 0.9592296875 0.3073171875 0.9592296875 0.3103453125 0.9615015625 0.349703125 0.9615015625 0.35273125 0.963771875 0.37089531249999996 0.963771875 0.37240937500000004 0.9649078125000001 0.37240937500000004 0.9739906250000001 0.3754375 0.9762625 0.3754375 0.9785328124999999 0.38452031249999996 0.9853453125 0.38452031249999996 0.9876156249999999 0.38603437500000004 0.9887515625000001 0.3890609375 0.9887515625000001 0.39208906250000003 0.991021875 0.39814375 0.991021875 0.401171875 0.99329375 0.4042 0.991021875 0.4132828125 0.991021875 0.416309375 0.9887515625000001 0.423878125 0.994428125 0.423878125 0.9967 0.42539218749999996 0.9978359375 0.43144687499999995 0.9978359375 0.434334375 1 0.709375 1
13 0.3103453125 0.9047296875 0.31337187499999997 0.902459375 0.3194265625 0.902459375 0.3224546875 0.9001875 0.3375921875 0.9001875 0.3451609375 0.8945109375 0.3451609375 0.8922390625000001 0.346675 0.8911046875 0.349703125 0.8911046875 0.3557578125 0.8865624999999999 0.3587859375 0.8865624999999999 0.364840625 0.8820203125000001 0.36786875 0.8820203125000001 0.37089531249999996 0.8797499999999999 0.3739234375 0.8797499999999999 0.3754375 0.8786140625 0.3754375 0.87634375 0.37846562499999997 0.8740734375000001 0.37846562499999997 0.8718015625 0.3814921875 0.86953125 0.3814921875 0.8672609375 0.38452031249999996 0.8649890625 0.38452031249999996 0.86271875 0.3875484375 0.860446875 0.3875484375 0.8581765625 0.390575 0.85590625 0.390575 0.833196875 0.3875484375 0.8309265625 0.3875484375 0.8036765625 0.38452031249999996 0.8014046875 0.38452031249999996 0.7991343750000001 0.38300625 0.7979984375 0.379978125 0.7979984375 0.3769515625 0.795728125 0.364840625 0.795728125 0.36181406250000003 0.7979984375 0.3557578125 0.7979984375 0.35273125 0.8002687500000001 0.3406203125 0.8002687500000001 0.328509375 0.809353125 0.3254828125 0.809353125 0.3194265625 0.8138953125 0.3164 0.8138953125 0.30883125 0.819571875 0.30883125 0.8218421875 0.302775 0.826384375 0.302775 0.8286546875 0.2997484375 0.8309265625 0.2997484375 0.833196875 0.2967203125 0.8354687500000001 0.2967203125 0.8377390625000001 0.2936921875 0.840009375 0.2936921875 0.8422812499999999 0.2876375 0.8468218750000001 0.2876375 0.84909375 0.28006875 0.8547703125 0.27704062500000004 0.8547703125 0.2679578125 0.8479578125 0.25282031250000003 0.8479578125 0.24979374999999998 0.8502281249999999 0.23768281249999998 0.8502281249999999 0.23465468750000001 0.8479578125 0.231628125 0.8479578125 0.2286 0.8456875 0.2270859375 0.8468218750000001 0.2270859375 0.84909375 0.202865625 0.8672609375 0.202865625 0.86953125 0.1847 0.8831562500000001 0.1847 0.8967812500000001 0.187728125 0.899053125 0.187728125 0.9013234375 0.19529687499999998 0.907 0.2043796875 0.907 0.210434375 0.9115421874999999 0.21346250000000003 0.9115421874999999 0.21951718750000002 0.916084375 0.2225453125 0.916084375 0.22557187500000003 0.9183546874999999 0.23768281249999998 0.9183546874999999 0.2407109375 0.920625 0.24979374999999998 0.920625 0.25130625 0.9194906250000001 0.25282031250000003 0.9183546874999999 0.2588765625 0.9183546874999999 0.261903125 0.916084375 0.2679578125 0.916084375 0.2709859375 0.9138125 0.27704062500000004 0.9138125 0.28006875 0.9115421874999999 0.2861234375 0.9115421874999999 0.28915156249999996 0.909271875 0.2921796875 0.909271875 0.29520625 0.907 0.3012625 0.907 0.3042890625 0.9047296875 0.3103453125 0.9047296875
13 0.2997484375 0.706028125 0.2921796875 0.7003515625000001 0.28915156249999996 0.7003515625000001 0.2861234375 0.702621875 0.28309687499999997 0.702621875 0.28006875 0.7003515625000001 0.2709859375 0.7003515625000001 0.2679578125 0.6980796875 0.261903125 0.6980796875 0.25584843749999997 0.6935390625 0.231628125 0.6935390625 0.2286 0.695809375 0.2225453125 0.695809375 0.21951718750000002 0.6980796875 0.210434375 0.6980796875 0.2074078125 0.7003515625000001 0.20135156250000003 0.7003515625000001 0.198325 0.702621875 0.19529687499999998 0.702621875 0.1907546875 0.706028125 0.1907546875 0.7173828125 0.1937828125 0.719653125 0.1937828125 0.7219249999999999 0.202865625 0.7287375 0.202865625 0.7310078125 0.2043796875 0.73214375 0.210434375 0.73214375 0.21497656250000002 0.73555 0.21497656250000002 0.7378203125 0.2164890625 0.73895625 0.23768281249999998 0.73895625 0.24525156250000002 0.7446328125 0.24525156250000002 0.7469046875 0.25282031250000003 0.75258125 0.254334375 0.7514453125 0.25584843749999997 0.7503109375 0.2588765625 0.7503109375 0.261903125 0.7480390625 0.2709859375 0.7480390625 0.2785546875 0.7423625 0.2785546875 0.7400921874999999 0.2815828125 0.7378203125 0.2815828125 0.7310078125 0.2846109375 0.7287375 0.2846109375 0.726465625 0.2967203125 0.7173828125 0.2967203125 0.712840625 0.2997484375 0.7105703125 0.2997484375 0.706028125
23 0.305803125 0.9490109375 0.298234375 0.9433343750000001 0.29520625 0.9433343750000001 0.2936921875 0.9421984374999999 0.2936921875 0.939928125 0.2921796875 0.9387921875 0.2679578125 0.9387921875 0.26493125 0.9410640625 0.261903125 0.9410640625 0.2588765625 0.9433343750000001 0.24979374999999998 0.9433343750000001 0.24676562500000002 0.9456046875 0.2407109375 0.9456046875 0.23768281249999998 0.9478765625 0.23465468750000001 0.9478765625 0.231628125 0.9501468750000001 0.2286 0.9501468750000001 0.21497656250000002 0.960365625 0.21497656250000002 0.9694499999999999 0.218003125 0.9717203124999999 0.218003125 0.9739906250000001 0.22557187500000003 0.9796687500000001 0.2286 0.9796687500000001 0.23465468750000001 0.984209375 0.2407109375 0.984209375 0.2437375 0.98648125 0.2588765625 0.98648125 0.2603890625 0.9853453125 0.261903125 0.984209375 0.2679578125 0.984209375 0.2740140625 0.9796687500000001 0.27704062500000004 0.9796687500000001 0.28309687499999997 0.9751265625000001 0.2861234375 0.9751265625000001 0.2967203125 0.967178125 0.2967203125 0.9649078125000001 0.2997484375 0.9626374999999999 0.2997484375 0.960365625 0.302775 0.9580953125 0.302775 0.9558234375 0.305803125 0.953553125 0.305803125 0.9490109375
19 0.46475 0.907 0.4617234375 0.909271875 0.4586953125 0.909271875 0.452640625 0.9138125 0.4465859375 0.9138125 0.44355781250000004 0.916084375 0.4193375 0.916084375 0.416309375 0.9138125 0.4072265625 0.9138125 0.4042 0.916084375 0.3890609375 0.916084375 0.38452031249999996 0.9194906250000001 0.38452031249999996 0.92403125 0.3814921875 0.9263031249999999 0.3814921875 0.9353859375000001 0.38300625 0.9365218750000001 0.416309375 0.9365218750000001 0.41782343749999995 0.9353859375000001 0.4193375 0.9342515625000001 0.43144687499999995 0.9342515625000001 0.43447500000000006 0.9319796874999999 0.44052968750000004 0.9319796874999999 0.44355781250000004 0.9297093750000001 0.4496125 0.9297093750000001 0.452640625 0.9319796874999999 0.4617234375 0.9319796874999999 0.46626406249999997 0.9285734375000001 0.46626406249999997 0.9149484375 0.46929218749999996 0.912678125 0.46929218749999996 0.9081359375 0.467778125 0.907 0.46475 0.907
13 0.423878125 0.9421984374999999 0.42690625000000004 0.939928125 0.42690625000000004 0.9376578125 0.42236406249999997 0.9342515625000001 0.416309375 0.9342515625000001 0.4132828125 0.9365218750000001 0.4042 0.9365218750000001 0.4026859375 0.9376578125 0.4026859375 0.939928125 0.3996578125 0.9421984374999999 0.3996578125 0.9444703125 0.3966296875 0.946740625 0.3966296875 0.9490109375 0.3890609375 0.9546890625 0.38300625 0.9546890625 0.37846562499999997 0.9580953125 0.3814921875 0.960365625 0.3814921875 0.9717203124999999 0.390575 0.9785328124999999 0.390575 0.9808031250000001 0.39208906250000003 0.9819390625000001 0.3951171875 0.9819390625000001 0.39814375 0.984209375 0.4072265625 0.984209375 0.40874062499999997 0.983075 0.4147953125 0.9785328124999999 0.4147953125 0.9762625 0.41782343749999995 0.9739906250000001 0.41782343749999995 0.9717203124999999 0.42085156250000005 0.9694499999999999 0.42085156250000005 0.967178125 0.423878125 0.9649078125000001 0.423878125 0.9626374999999999 0.42690625000000004 0.960365625 0.42690625000000004 0.9558234375 0.42993437500000004 0.953553125 0.42993437500000004 0.9490109375 0.423878125 0.9444703125 0.423878125 0.9421984374999999
12 0.47080625 0.9478765625 0.46475 0.9478765625 0.4617234375 0.9456046875 0.4586953125 0.9456046875 0.45566874999999996 0.9433343750000001 0.452640625 0.9433343750000001 0.4496125 0.9410640625 0.437503125 0.9410640625 0.43296093750000003 0.9444703125 0.43296093750000003 0.946740625 0.42993437500000004 0.9490109375 0.42993437500000004 0.953553125 0.42690625000000004 0.9558234375 0.42690625000000004 0.9580953125 0.423878125 0.960365625 0.423878125 0.9649078125000001 0.42085156250000005 0.967178125 0.42085156250000005 0.9694499999999999 0.41782343749999995 0.9717203124999999 0.41782343749999995 0.9785328124999999 0.42236406249999997 0.9819390625000001 0.4284203125 0.9819390625000001 0.43144687499999995 0.984209375 0.44355781250000004 0.984209375 0.445071875 0.983075 0.4465859375 0.9819390625000001 0.4496125 0.9819390625000001 0.452640625 0.9796687500000001 0.45566874999999996 0.9796687500000001 0.46626406249999997 0.9717203124999999 0.46626406249999997 0.9694499999999999 0.46929218749999996 0.967178125 0.46929218749999996 0.9649078125000001 0.47232031250000006 0.9626374999999999 0.47232031250000006 0.9558234375 0.47534687499999995 0.953553125 0.47232031250000006 0.9512828125 0.47232031250000006 0.9490109375 0.47080625 0.9478765625
13 0.23768281249999998 0.7639359375 0.23616874999999998 0.7650703125 0.23616874999999998 0.7673421874999999 0.23314218750000001 0.7696125 0.23314218750000001 0.771884375 0.22103125 0.7809671875 0.22103125 0.7832375 0.21497656250000002 0.7877796874999999 0.21497656250000002 0.79005 0.21194843749999998 0.7923218750000001 0.21194843749999998 0.7945921874999999 0.202865625 0.8014046875 0.202865625 0.8104890625 0.20589375 0.8127593750000001 0.20589375 0.8218421875 0.21194843749999998 0.826384375 0.21194843749999998 0.8286546875 0.21497656250000002 0.8309265625 0.21497656250000002 0.833196875 0.218003125 0.8354687500000001 0.218003125 0.8377390625000001 0.22103125 0.840009375 0.22103125 0.8422812499999999 0.22557187500000003 0.8456875 0.2286 0.8456875 0.231628125 0.8479578125 0.23465468750000001 0.8479578125 0.23768281249999998 0.8502281249999999 0.24676562500000002 0.8502281249999999 0.2482796875 0.84909375 0.2482796875 0.8445515625000001 0.24525156250000002 0.8422812499999999 0.24525156250000002 0.8354687500000001 0.2422234375 0.833196875 0.2422234375 0.8218421875 0.23919687500000003 0.819571875 0.23919687500000003 0.785509375 0.2422234375 0.7832375 0.2422234375 0.7764249999999999 0.2482796875 0.771884375 0.24525156250000002 0.7696125 0.24525156250000002 0.7650703125 0.2437375 0.7639359375 0.23768281249999998 0.7639359375
17 0.1165796875 0.7911859375 0.11355156250000001 0.788915625 0.11052500000000001 0.788915625 0.099928125 0.7968625 0.099928125 0.7991343750000001 0.0984140625 0.8002687500000001 0.08933125 0.8002687500000001 0.0878171875 0.8014046875 0.0878171875 0.8082171875 0.1014421875 0.8184359375 0.10447031250000001 0.8184359375 0.11355156250000001 0.8252484375 0.1317171875 0.8252484375 0.13323125 0.8241140625 0.13777343749999998 0.8207078125 0.1498828125 0.8207078125 0.15442499999999998 0.8173015625 0.15442499999999998 0.8150296875 0.15139687500000001 0.8127593750000001 0.15139687500000001 0.8014046875 0.1453421875 0.7968625 0.1453421875 0.7945921874999999 0.143828125 0.79345625 0.14079999999999998 0.79345625 0.1347453125 0.788915625 0.128690625 0.788915625 0.1256625 0.7911859375 0.1165796875 0.7911859375
13 0.40571250000000003 0.6310890625 0.40874062499999997 0.6333609375 0.40874062499999997 0.63563125 0.4132828125 0.6390374999999999 0.4284203125 0.6390374999999999 0.42993437500000004 0.6379015625 0.43144687499999995 0.6367671875 0.44052968750000004 0.6367671875 0.44355781250000004 0.6344953125 0.4465859375 0.6344953125 0.452640625 0.6299546874999999 0.467778125 0.6299546874999999 0.47080625 0.6276828125 0.48594375 0.6276828125 0.48745781250000003 0.6265484375 0.48745781250000003 0.6174640625000001 0.488971875 0.6163296875000001 0.504109375 0.6163296875000001 0.5071375 0.6140578125 0.5253015624999999 0.6140578125 0.5298437500000001 0.6106515625 0.528140625 0.609375 0.4316359375 0.609375 0.43144687499999995 0.6095171875000001 0.42236406249999997 0.6095171875000001 0.4193375 0.6117874999999999 0.416309375 0.6117874999999999 0.40571250000000003 0.6197359375 0.40571250000000003 0.6310890625
13 0.6252125000000001 0.6186 0.6282390625 0.6208703125 0.6312671875 0.6208703125 0.6342953125 0.6231421874999999 0.637321875 0.6231421874999999 0.643378125 0.6276828125 0.644890625 0.6265484375 0.6464046875 0.6254125 0.6494328125 0.6254125 0.6600296875 0.6174640625000001 0.6570015625 0.61519375 0.6570015625 0.6129234375 0.6539734375 0.6106515625 0.6539734375 0.609375 0.6098859375 0.609375 0.6100749999999999 0.6095171875000001 0.6131015625 0.6095171875000001 0.614615625 0.6106515625 0.614615625 0.6129234375 0.622184375 0.6186 0.6252125000000001 0.6186
13 0.670625 0.6889968750000001 0.6675984374999999 0.6889968750000001 0.66154375 0.6935390625 0.6585156249999999 0.6935390625 0.6554875 0.695809375 0.6524609375 0.695809375 0.643378125 0.702621875 0.64035 0.702621875 0.6327812500000001 0.7083 0.6327812500000001 0.712840625 0.6297531249999999 0.7151125 0.6297531249999999 0.719653125 0.6388359375 0.726465625 0.6388359375 0.7310078125 0.6464046875 0.7366859375 0.6494328125 0.7366859375 0.6524609375 0.73895625 0.670625 0.73895625 0.673653125 0.7412265625 0.6797078125 0.7412265625 0.68425 0.7446328125 0.68425 0.7469046875 0.694846875 0.7548515625000001 0.6978734375 0.7548515625000001 0.7009015625 0.7571234375 0.709375 0.7571234375 0.709375 0.6821843750000001 0.70695625 0.6821843750000001 0.7039296875 0.6844546874999999 0.6857640625 0.6844546874999999 0.6827359375000001 0.6867265625 0.673653125 0.6867265625 0.670625 0.6889968750000001
12 0.709375 1 0.709375 0.8706671874999999 0.70695625 0.8706671874999999 0.7039296875 0.8683953125 0.6978734375 0.8683953125 0.694846875 0.866125 0.688790625 0.866125 0.6857640625 0.863853125 0.6675984374999999 0.863853125 0.666084375 0.8649890625 0.666084375 0.8740734375000001 0.66154375 0.8774796874999999 0.6554875 0.8774796874999999 0.6524609375 0.8797499999999999 0.643378125 0.8797499999999999 0.6342953125 0.8865624999999999 0.6282390625 0.8865624999999999 0.6252125000000001 0.8888328124999999 0.61915625 0.8888328124999999 0.6161296875 0.8911046875 0.60401875 0.8911046875 0.6009921874999999 0.893375 0.5979640625 0.893375 0.5949359375000001 0.8911046875 0.58888125 0.8911046875 0.5767703125 0.8820203125000001 0.5631468749999999 0.8922390625000001 0.5631468749999999 0.91040625 0.570715625 0.916084375 0.5797984375 0.916084375 0.5828265625 0.9183546874999999 0.5858531250000001 0.9183546874999999 0.5873671875 0.9194906250000001 0.5873671875 0.9217609375 0.5858531250000001 0.922896875 0.5828265625 0.922896875 0.5797984375 0.9251671874999999 0.5767703125 0.9251671874999999 0.57374375 0.9274374999999999 0.5676875 0.9274374999999999 0.548009375 0.9421984374999999 0.548009375 0.9444703125 0.541953125 0.9490109375 0.541953125 0.9512828125 0.5389265625 0.953553125 0.5389265625 0.9626374999999999 0.5358984375 0.9649078125000001 0.5358984375 0.9853453125 0.5389265625 0.9876156249999999 0.5389265625 0.9898875 0.5464953125 0.9955640625 0.5495234375 0.9955640625 0.55255 0.9978359375 0.555578125 0.9978359375 0.5584640624999999 1 0.59205 1 0.5949359375000001 0.9978359375 0.597821875 1 0.709375 1
17 0.2482796875 0.7559875 0.2482796875 0.7491749999999999 0.24525156250000002 0.7469046875 0.24525156250000002 0.7446328125 0.23768281249999998 0.73895625 0.22557187500000003 0.73895625 0.224059375 0.7400921874999999 0.224059375 0.7537171875 0.2270859375 0.7559875 0.2270859375 0.7582578125 0.231628125 0.7616640625 0.2407109375 0.7616640625 0.2422234375 0.7605296874999999 0.2482796875 0.7559875
17 0.47232031250000006 0.8014046875 0.47232031250000006 0.8059468750000001 0.46626406249999997 0.8104890625 0.46626406249999997 0.8127593750000001 0.46929218749999996 0.8150296875 0.46929218749999996 0.833196875 0.47080625 0.8343328124999999 0.48291562499999996 0.8343328124999999 0.48594375 0.8366031250000001 0.49199843750000005 0.8366031250000001 0.4935125 0.8354687500000001 0.4935125 0.833196875 0.496540625 0.8309265625 0.496540625 0.8059468750000001 0.4935125 0.8036765625 0.4935125 0.7991343750000001 0.488971875 0.795728125 0.48291562499999996 0.795728125 0.4798890625 0.79345625 0.47080625 0.79345625 0.46929218749999996 0.7945921874999999 0.47080625 0.795728125 0.47686093749999997 0.795728125 0.47837500000000005 0.7968625 0.47232031250000006 0.8014046875