6 0.0046875 0.990625 0.99375 0.990625 0.99375 0.00625 0.0046875 0.00625 0.0046875 0.990625
16 0.5126953125 0.06092499999999999 0.5029296875 0.06092499999999999 0.4892578125 0.0747859375 0.4765625 0.10077499999999999 0.46875 0.1492875 0.4609375 0.159684375 0.451171875 0.18740625 0.453125 0.2255234375 0.466796875 0.2913625 0.490234375 0.36413125 0.517578125 0.42997031249999995 0.568359375 0.526996875 0.587890625 0.5755109375 0.6142578125 0.6153609375 0.6318359375 0.6326859375 0.6494140625 0.6396171875000001 0.6767578125 0.6396171875000001 0.6943359375 0.62575625 0.7109375 0.5928359375000001 0.71875 0.5547187499999999 0.72265625 0.502740625 0.7109375 0.4680890625 0.708984375 0.42997031249999995 0.705078125 0.416109375 0.689453125 0.3883890625 0.673828125 0.1700796875 0.6484375 0.1077046875 0.6123046875 0.0435984375 0.5888671875 0.0193421875 0.58203125 0.017609375 0.5712890625 0.0158765625 0.5556640625 0.026273437500000003 0.5361328125 0.0747859375 0.5244140625 0.0747859375 0.5126953125 0.06092499999999999
16 0.30078125 0.2497796875 0.3115234375 0.2619078125 0.3310546875 0.2688375 0.3388671875 0.2653734375 0.3486328125 0.27923437500000003 0.3857421875 0.296559375 0.392578125 0.2809671875 0.392578125 0.256709375 0.3876953125 0.24458125000000003 0.376953125 0.24284843750000001 0.3505859375 0.2411171875 0.3427734375 0.248046875 0.3369140625 0.2411171875 0.3271484375 0.2411171875 0.30078125 0.2497796875
16 0.220703125 0.4057140625 0.21875 0.42304062499999995 0.2060546875 0.431703125 0.1953125 0.45422812500000004 0.193359375 0.4854140625 0.19921875 0.5304625 0.2119140625 0.542590625 0.2236328125 0.5633828125 0.2333984375 0.5703125 0.2509765625 0.5703125 0.2626953125 0.5633828125 0.2939453125 0.5287296875 0.3291015625 0.4802171875 0.3388671875 0.459425 0.3486328125 0.45249531249999997 0.3544921875 0.438634375 0.3623046875 0.43516875 0.376953125 0.4091796875 0.38671875 0.36413125 0.38671875 0.319084375 0.3818359375 0.3104203125 0.283203125 0.26710625 0.2763671875 0.2653734375 0.267578125 0.2775015625 0.255859375 0.319084375 0.23828125 0.34680625 0.220703125 0.4057140625
16 0.3564453125 0.7089218749999999 0.341796875 0.738375 0.328125 0.7834234375 0.318359375 0.8423328124999999 0.3037109375 0.8717874999999999 0.2900390625 0.8856484375000001 0.287109375 0.8943109375 0.29296875 0.9185671875000001 0.3056640625 0.941090625 0.3095703125 0.941090625 0.3251953125 0.9099046875000001 0.3330078125 0.9029734375 0.3544921875 0.892578125 0.3916015625 0.8856484375000001 0.4189453125 0.8648562500000001 0.453125 0.8111453125000001 0.4560546875 0.7990171875 0.4912109375 0.7539687500000001 0.509765625 0.72105 0.51171875 0.7106546875 0.501953125 0.69679375 0.4921875 0.66560625 0.490234375 0.637884375 0.494140625 0.6101625 0.4892578125 0.6014999999999999 0.4599609375 0.6014999999999999 0.44921875 0.5963015625 0.4365234375 0.59456875 0.4111328125 0.6361515625 0.3857421875 0.6673390625 0.3798828125 0.6812 0.3564453125 0.7089218749999999
16 0.1357421875 0.549521875 0.126953125 0.56165 0.123046875 0.582440625 0.125 0.5997671875 0.1376953125 0.6084296874999999 0.1474609375 0.6084296874999999 0.171875 0.6725359375 0.1806640625 0.6846640625 0.2001953125 0.6950609375 0.2451171875 0.698525 0.2763671875 0.7297125 0.3115234375 0.7401078125 0.3330078125 0.7539687500000001 0.3671875 0.6933281250000001 0.3671875 0.6829328125 0.357421875 0.669071875 0.35546875 0.613628125 0.3505859375 0.6049640625 0.2646484375 0.5703125 0.2294921875 0.5703125 0.203125 0.5373921875 0.1962890625 0.5356609375 0.1630859375 0.5703125 0.1533203125 0.5703125 0.1396484375 0.549521875 0.1357421875 0.549521875
16 0.408203125 0.45422812500000004 0.408203125 0.4403671875 0.3896484375 0.438634375 0.3828125 0.447296875 0.38671875 0.478484375 0.3935546875 0.494078125 0.408203125 0.45422812500000004
16 0.380859375 0.42997031249999995 0.4111328125 0.4282390625 0.42578125 0.391853125 0.4375 0.33987500000000004 0.4111328125 0.3381421875 0.3916015625 0.35893437499999997 0.38671875 0.367596875 0.37890625 0.4057140625 0.380859375 0.42997031249999995
16 0.396484375 0.5131359375 0.41015625 0.5477890624999999 0.4365234375 0.5876390625 0.4638671875 0.6014999999999999 0.4892578125 0.6014999999999999 0.5048828125 0.5876390625 0.52734375 0.551253125 0.544921875 0.499275 0.544921875 0.4854140625 0.517578125 0.4334359375 0.4853515625 0.35546875 0.453125 0.343340625 0.4501953125 0.3416078125 0.44140625 0.3606671875 0.431640625 0.40225 0.40234375 0.4854140625 0.396484375 0.5131359375
16 0.4921875 0.6621406249999999 0.5 0.6898625 0.5087890625 0.70545625 0.5302734375 0.726246875 0.5556640625 0.7227828125 0.572265625 0.6933281250000001 0.587890625 0.6517453125 0.59765625 0.606696875 0.59765625 0.5963015625 0.5703125 0.533928125 0.55078125 0.499275 0.544921875 0.499275 0.5234375 0.56165 0.498046875 0.5997671875 0.4921875 0.6240234375 0.4921875 0.6621406249999999
16 0.6171875 0.741840625 0.60546875 0.7799578125 0.60546875 0.8076796875 0.61328125 0.82500625 0.623046875 0.8665890624999999 0.6298828125 0.8752515624999999 0.6513671875 0.8787171875 0.6572265625 0.8717874999999999 0.6689453125 0.8856484375000001 0.6806640625 0.8821828125 0.6953125 0.852728125 0.7109375 0.7903546875 0.728515625 0.7626328124999999 0.7421875 0.7037234375 0.744140625 0.6760015625 0.7353515625 0.6638734375 0.7216796875 0.6638734375 0.705078125 0.6482796875 0.7001953125 0.6465468750000001 0.6669921875 0.6673390625 0.6552734375 0.6846640625 0.6455078125 0.6846640625 0.6171875 0.741840625
16 0.9267578125 0.677734375 0.9248046875 0.6915953125 0.9130859375 0.67426875 0.9052734375 0.6708046875 0.892578125 0.686396875 0.8916015625 0.70545625 0.8779296875 0.7089218749999999 0.8671875 0.724515625 0.85546875 0.7557015625 0.853515625 0.7903546875 0.857421875 0.8076796875 0.8701171875 0.8302046875 0.8779296875 0.837134375 0.9052734375 0.837134375 0.9169921875 0.8198078125 0.9267578125 0.81634375 0.943359375 0.7834234375 0.95703125 0.74530625 0.955078125 0.7314453125 0.939453125 0.7071890625 0.9482421875 0.7089218749999999 0.9580078125 0.7297125 0.9638671875 0.7297125 0.974609375 0.69679375 0.97265625 0.658675 0.95703125 0.6482796875 0.9443359375 0.6500125 0.9375 0.6621406249999999 0.9677734375 0.701990625 0.9345703125 0.677734375 0.9267578125 0.677734375
16 0.51953125 0.797284375 0.533203125 0.7349109375 0.5322265625 0.726246875 0.517578125 0.717584375 0.5126953125 0.7158515624999999 0.474609375 0.7799578125 0.48046875 0.8076796875 0.4951171875 0.8232734374999999 0.51953125 0.797284375
20 0.763671875 0.2809671875 0.748046875 0.336409375 0.732421875 0.36413125 0.724609375 0.391853125 0.7109375 0.41957500000000003 0.708984375 0.447296875 0.716796875 0.48195 0.7294921875 0.5079390625 0.7470703125 0.5287296875 0.7646484375 0.5391250000000001 0.7919921875 0.5391250000000001 0.8115234375 0.5252640625 0.8203125 0.509671875 0.82421875 0.4888796875 0.82421875 0.46115781250000004 0.8359375 0.391853125 0.83984375 0.33294531250000003 0.857421875 0.28443125 0.873046875 0.201265625 0.8642578125 0.1856734375 0.83984375 0.16314843750000002 0.8193359375 0.1752765625 0.8115234375 0.18913750000000001 0.7890625 0.2116625 0.783203125 0.23591875 0.763671875 0.2809671875
13 0.83984375 0.0072140625 0.8251953125 0.00548125 0.82421875 0.01414375 0.8466796875 0.07132031250000001 0.84765625 0.0522625 0.83984375 0.0072140625
13 0.671875 0.15621875000000002 0.67578125 0.1908703125 0.6806640625 0.20299843750000002 0.7236328125 0.2064640625 0.7548828125 0.19606874999999999 0.8115234375 0.16488125 0.8330078125 0.1475546875 0.841796875 0.1319625 0.845703125 0.09384375 0.8125 0.0072140625 0.6181640625 0.00548125 0.615234375 0.0106796875 0.61328125 0.0384015625 0.654296875 0.1146359375 0.671875 0.15621875000000002
12 0.3134765625 0.19953437499999999 0.3271484375 0.19953437499999999 0.3486328125 0.18913750000000001 0.36328125 0.1735453125 0.361328125 0.15621875000000002 0.353515625 0.13889218750000001 0.3515625 0.10077499999999999 0.3388671875 0.0747859375 0.322265625 0.0557265625 0.3173828125 0.05399374999999999 0.3046875 0.079984375 0.296875 0.11810156249999999 0.298828125 0.177009375 0.3134765625 0.19953437499999999
13 0.7529296875 0.598034375 0.755859375 0.5859062500000001 0.74609375 0.533928125 0.7265625 0.509671875 0.72265625 0.5131359375 0.716796875 0.5720453125 0.7109375 0.5963015625 0.7138671875 0.6014999999999999 0.7529296875 0.598034375
13 0.6201171875 0.62575625 0.6064453125 0.6084296874999999 0.6005859375 0.6084296874999999 0.595703125 0.61709375 0.5859375 0.658675 0.5625 0.71411875 0.5673828125 0.7193171875 0.5888671875 0.7158515624999999 0.6142578125 0.6950609375 0.6904296875 0.653478125 0.7158203125 0.6326859375 0.7373046875 0.62575625 0.751953125 0.613628125 0.748046875 0.606696875 0.7080078125 0.6049640625 0.6904296875 0.6326859375 0.6708984375 0.6430828125 0.6357421875 0.6361515625 0.6201171875 0.62575625
13 0.892578125 0.3814578125 0.880859375 0.4126453125 0.873046875 0.47501875 0.8896484375 0.494078125 0.89453125 0.5131359375 0.9150390625 0.54605625 0.9912109375 0.5633828125 0.994140625 0.558184375 0.994140625 0.28443125 0.9755859375 0.2619078125 0.96484375 0.256709375 0.9482421875 0.2549765625 0.9326171875 0.2653734375 0.9140625 0.319084375 0.892578125 0.3502703125 0.892578125 0.3814578125
16 0.35546875 0.630953125 0.361328125 0.6448140625 0.357421875 0.6517453125 0.357421875 0.66560625 0.3623046875 0.677734375 0.3740234375 0.6846640625 0.439453125 0.5928359375000001 0.41796875 0.5651140625 0.4111328125 0.5633828125 0.3837890625 0.5772421875 0.3681640625 0.591103125 0.357421875 0.6101625 0.35546875 0.630953125
16 0.2958984375 0.5772421875 0.3251953125 0.59456875 0.3583984375 0.6049640625 0.3662109375 0.591103125 0.3818359375 0.5772421875 0.4072265625 0.566846875 0.4140625 0.558184375 0.3955078125 0.51486875 0.38671875 0.509671875 0.388671875 0.499275 0.3857421875 0.494078125 0.341796875 0.4680890625 0.3349609375 0.4698203125 0.3134765625 0.5044734375 0.263671875 0.5651140625 0.2666015625 0.5703125 0.2958984375 0.5772421875
16 0.8076171875 0.591103125 0.810546875 0.5859062500000001 0.8056640625 0.5772421875 0.796875 0.5755109375 0.7685546875 0.5772421875 0.7587890625 0.5841734375 0.7578125 0.5928359375000001 0.7900390625 0.59456875 0.8076171875 0.591103125
16 0.708984375 0.6482796875 0.7236328125 0.6638734375 0.7392578125 0.6638734375 0.7431640625 0.6708046875 0.7724609375 0.6604078125 0.7802734375 0.6604078125 0.7861328125 0.6673390625 0.8095703125 0.6673390625 0.82421875 0.6274890625 0.82421875 0.606696875 0.818359375 0.5997671875 0.7646484375 0.6049640625 0.7333984375 0.629221875 0.7138671875 0.6361515625 0.708984375 0.64135 0.708984375 0.6482796875