6 0.025346875 0 0 0.19828125000000002 0 0.9744828125 0.41113125000000006 0.9744828125 0.89870625 0.9489296875000001 0.9611203125 0.4606859375 0.9960281249999999 0 0.025346875 0
16 0.11416718749999999 0.73371875 0.12287656250000001 0.7643765625000001 0.1298625 0.7629171875 0.176334375 0.73371875 0.167703125 0.717659375 0.1314609375 0.697221875 0.114646875 0.6767828125 0.0977265625 0.7103609375 0.11416718749999999 0.73371875
16 0.6325937500000001 0.310346875 0.6384140625 0.2344328125 0.6246234375 0.197934375 0.59936875 0.197934375 0.572246875 0.212534375 0.5489046875 0.28115 0.5442828125 0.362903125 0.5490296875 0.3789625 0.563375 0.3731234375 0.5669625 0.3906421875 0.5739484375 0.3891828125 0.6130234375 0.3570640625 0.6325937500000001 0.310346875
16 0.3801375 0.4767765625 0.41943281250000003 0.412540625 0.409978125 0.387721875 0.39794843750000003 0.3906421875 0.35898906249999996 0.4446578125 0.35443281249999997 0.46509687499999997 0.35835625000000004 0.472396875 0.3801375 0.4767765625
16 0.66378125 0.552690625 0.6788734375 0.5410125 0.683428125 0.5205734375 0.678309375 0.507434375 0.661571875 0.50159375 0.64920625 0.514734375 0.6477906250000001 0.5410125 0.66378125 0.552690625
16 0.41188281250000003 0.0840625 0.40265781250000005 0.103040625 0.415884375 0.10596093749999999 0.4349 0.10158125 0.4592546875 0.0782234375 0.46736093749999996 0.068003125 0.46728437500000003 0.053404687500000006 0.44976093749999996 0.046104687500000005 0.41188281250000003 0.0840625
16 0.5380499999999999 0.7307984375000001 0.53125625 0.76875625 0.51549375 0.8008749999999999 0.5125078125 0.8242328125 0.519159375 0.8329921875 0.5633140625 0.8067140625 0.5677171875 0.7570781249999999 0.5540421875 0.742478125 0.5504140625 0.717659375 0.5380499999999999 0.7307984375000001
20 0.548434375 0.7103609375 0.55673125 0.7366390625 0.5656984375 0.742478125 0.60215 0.654884375 0.5849249999999999 0.6300656250000001 0.5658703125 0.6271453124999999 0.5420796875 0.6840828125 0.5506734375 0.6928421874999999 0.548434375 0.7103609375
16 0.12281249999999999 0.232971875 0.09905 0.22129374999999998 0.0917671875 0.240271875 0.094609375 0.26362968750000004 0.12315625 0.29866875 0.1334640625 0.26362968750000004 0.12281249999999999 0.232971875
16 0.0335625 0.2548703125 0.051534375 0.27385000000000004 0.060464062500000006 0.272390625 0.0840734375 0.2548703125 0.08474374999999999 0.2344328125 0.07020625 0.20377499999999998 0.0426359375 0.20669374999999998 0.0330359375 0.22859218750000002 0.0335625 0.2548703125
13 0.3023625 0 0.2972546875 0.008146875000000001 0.2550796875 0.041725 0.23073281250000002 0.14099843750000002 0.23816874999999998 0.15121875 0.249040625 0.1497578125 0.3786375 0.1161796875 0.43586562500000003 0.0636234375 0.4512921875 0.041725 0.45084375000000004 0.030046875 0.43674375000000004 0 0.3023625 0
13 0.2018984375 0.1993953125 0.20795625 0.2431921875 0.19765 0.2782296875 0.21636875 0.29136875 0.23695312500000001 0.289909375 0.2559296875 0.2782296875 0.2529359375 0.22567343750000002 0.23989218750000002 0.1833359375 0.21426249999999997 0.18625624999999998 0.2018984375 0.1993953125
13 0.3544890625 0.6242265625 0.36965781249999996 0.6271453124999999 0.3913625 0.6169265625 0.3898609375 0.552690625 0.3766640625 0.48115625 0.34550468749999996 0.46655625 0.315990625 0.46947656249999997 0.2874140625 0.5030546874999999 0.284428125 0.5264125 0.27135625 0.552690625 0.270015625 0.59356875 0.3017390625 0.6417453125 0.32777968749999997 0.6432046875 0.3544890625 0.6242265625
13 0.847675 0.9454046875 0.8791734375000001 0.9499531250000001 0.89870625 0.9489296875000001 0.93405625 0.672403125 0.885746875 0.647584375 0.8111015625 0.638825 0.75065625 0.67094375 0.742628125 0.6957609375 0.7474125 0.7191203125000001 0.8069843750000001 0.8913890625 0.847675 0.9454046875
14 0.8549796875 0.4855359375 0.87339375 0.440278125 0.8908781250000001 0.440278125 0.91915625 0.4242203125 0.9205734375000001 0.3979421875 0.902075 0.352684375 0.8857859375 0.35852343750000004 0.855640625 0.3891828125 0.8411515625 0.44173906250000006 0.825725 0.46363750000000004 0.8079062499999999 0.47385625 0.8150453125 0.50159375 0.8375718750000001 0.500134375 0.8549796875 0.4855359375
13 0.70600625 0.30596718749999996 0.688521875 0.30596718749999996 0.6676015625 0.317646875 0.63245 0.3570640625 0.6578203125 0.3789625 0.6888265625 0.36436406250000003 0.6920046875 0.377503125 0.686253125 0.3921015625 0.6665296875 0.4096203125 0.6898796875000001 0.4169203125 0.7209625 0.4169203125 0.7348578125 0.3994015625 0.7504765625 0.414 0.7635500000000001 0.387721875 0.8011312500000001 0.3672828125 0.7984796875 0.380421875 0.7711 0.41984062499999997 0.764525 0.4256796875 0.7637015625 0.4169203125 0.7547734375 0.4183796875 0.762246875 0.4358984375 0.744915625 0.46509687499999997 0.778353125 0.46947656249999997 0.78859375 0.4957546875 0.8356296875 0.500134375 0.85766875 0.47969531249999997 0.87145 0.440278125 0.9148984375 0.42713906250000006 0.9209468749999999 0.39502187499999997 0.93749375 0.36436406250000003 0.9456749999999999 0.36874375000000004 0.9530062499999999 0.43297968750000004 0.962821875 0.4382328125 0.9737328125 0.29423125 0.969390625 0.2972078125 0.9049078125 0.30012812499999997 0.7790734375 0.23589218750000002 0.7596453125 0.23589218750000002 0.7199390625000001 0.2957484375 0.7228203125 0.32640625 0.7092203125000001 0.32640625 0.70600625 0.30596718749999996
13 0.6545390624999999 0.1234796875 0.6125078125 0.110340625 0.5976359375 0.0899015625 0.5440640625000001 0.0986609375 0.51656875 0.1161796875 0.505478125 0.1497578125 0.4804515625 0.1935546875 0.49981093750000005 0.2548703125 0.508778125 0.26071093749999996 0.6059421875 0.1920953125 0.637103125 0.20669374999999998 0.6545390624999999 0.1234796875
13 0.4236734375 0.257790625 0.419940625 0.2869890625 0.4254328125 0.2972078125 0.4363046875 0.2957484375 0.49906562499999996 0.26071093749999996 0.48635624999999993 0.2081546875 0.47619375 0.196475 0.45604843749999996 0.1336984375 0.44245 0.1336984375 0.4184671875 0.15413749999999998 0.39784375 0.1482984375 0.3831640625 0.16435781249999998 0.37050312500000004 0.195015625 0.3514875 0.1993953125 0.37640625 0.20961406249999998 0.3859 0.24173125 0.4181796875 0.247571875 0.4236734375 0.257790625
13 0.5292656250000001 0.6855421875000001 0.53774375 0.672403125 0.532059375 0.6256859375 0.503925 0.595028125 0.46275468750000004 0.5979484375 0.452590625 0.58626875 0.4315953125 0.5833484375 0.40806250000000005 0.6154671875 0.37201249999999997 0.6315265625 0.41143124999999997 0.665103125 0.423459375 0.662184375 0.4624671875 0.69138125 0.49553125 0.69868125 0.5292656250000001 0.6855421875000001
16 0.312840625 0.6840828125 0.3258078125 0.7118203125 0.3709015625 0.7162 0.3880421875 0.6505046875 0.3584515625 0.638825 0.33708125 0.638825 0.3231484375 0.6490453125 0.3228515625 0.6665640625 0.312840625 0.6840828125
13 0.45690625 0.742478125 0.447528125 0.732259375 0.413009375 0.7439375 0.3764703125 0.7410187500000001 0.3488703125 0.812553125 0.38403125 0.8490515625 0.4206078125 0.8592703125 0.43681875000000003 0.8388312499999999 0.440925 0.8067140625 0.46796875 0.777515625 0.45690625 0.742478125
13 0.7591875 0 0.75920625 0.0037671875 0.7729203124999999 0.0256671875 0.831871875 0.005228125 0.8451734375 0.022746875 0.8805531249999999 0.0271265625 0.8898171874999999 0.015446874999999999 0.8917921874999999 0 0.7591875 0
13 0.556453125 0.9059875 0.55309375 0.932265625 0.5291109374999999 0.9527046875 0.5326609375 0.9681124999999999 0.5867953124999999 0.9652765625 0.6148484375 0.9278859374999999 0.6769765624999999 0.9205859375 0.6544390625000001 0.84613125 0.6358734375 0.862190625 0.630534375 0.88116875 0.5939953124999999 0.8782500000000001 0.567246875 0.889928125 0.556453125 0.9059875
16 0.7967546875 0.941025 0.794734375 0.9264265625 0.7670484375 0.907446875 0.6455578125 0.9308062500000001 0.6167906249999999 0.9278859374999999 0.5871484375 0.9652578125 0.790921875 0.9545781249999999 0.7967546875 0.941025
13 0.3483484375 0.1935546875 0.36926875 0.1818765625 0.3531625 0.1482984375 0.3263375 0.145378125 0.302728125 0.162896875 0.24336562499999997 0.17895624999999998 0.29178906250000003 0.22567343750000002 0.2790140625 0.2344328125 0.2605625 0.272390625 0.2761796875 0.2869890625 0.2755109375 0.307428125 0.3068140625 0.275309375 0.3483484375 0.1935546875
16 0.4207640625 0.2957484375 0.39845625 0.26509062499999997 0.3588546875 0.2709296875 0.3424140625 0.247571875 0.330384375 0.25049062499999997 0.3215328125 0.26655 0.3204890625 0.289909375 0.3396578125 0.31472656250000003 0.352471875 0.31326718750000004 0.38075156250000003 0.2972078125 0.40996875 0.3118078125 0.4207640625 0.2957484375
13 0.5185125 0.1161796875 0.5359203124999999 0.10158125 0.571634375 0.09574218749999999 0.587884375 0.082603125 0.5744671875 0.0431859375 0.474346875 0.06654375 0.45073749999999996 0.0840625 0.42029531249999996 0.1322390625 0.4296734375 0.1424578125 0.4486515625 0.1307796875 0.468565625 0.1497578125 0.4901171875 0.110340625 0.5185125 0.1161796875
13 0.46542500000000003 0.440278125 0.441740625 0.4431984375 0.41039843749999994 0.4680171875 0.40666562500000003 0.4972140625 0.42265625 0.50889375 0.428446875 0.50159375 0.445184375 0.507434375 0.46838281249999997 0.4855359375 0.4733109375 0.4621765625 0.46542500000000003 0.440278125
13 0.5133140625 0.38480156249999997 0.44465000000000005 0.40524062499999997 0.42227499999999996 0.4358984375 0.4180921875 0.45341718750000004 0.42392031250000006 0.45341718750000004 0.4541421875 0.43735937500000005 0.4779046875 0.44903750000000003 0.5235531250000001 0.41108124999999995 0.5242625000000001 0.3979421875 0.5133140625 0.38480156249999997
14 0.23493124999999998 0.8680296875 0.2231984375 0.8534312500000001 0.186459375 0.7380984374999999 0.16083125 0.7410187500000001 0.1395375 0.7556171875000001 0.025415624999999997 0.8505109375 0.0391 0.941025 0.048928125 0.9629234375 0.060546875 0.9556234375000001 0.0497515625 0.9716828124999999 0.11270312499999999 0.9731421875 0.2350078125 0.8826296875 0.23493124999999998 0.8680296875
3 0 0.7331078125 0.0026484375 0.732259375 0.022190625 0.7541578125 0.048115625 0.73371875 0.05669999999999999 0.6665640625 0.051207812500000005 0.65634375 0 0.6501187500000001 0 0.7331078125
13 0 0.491321875 0.008746875 0.48699531250000005 0.016364062500000002 0.457796875 0.080703125 0.50159375 0.0876890625 0.500134375 0.0806265625 0.48699531250000005 0.0899671875 0.48991562499999997 0.1042734375 0.4767765625 0.0845796875 0.4256796875 0.0709796875 0.4256796875 0.0600328125 0.412540625 0.0528546875 0.377503125 0.0391796875 0.362903125 0.036748437499999995 0.343925 0.018815625 0.3322453125 0.0112640625 0.30012812499999997 0 0.30012812499999997 0 0.491321875
16 0.5187859375 0.8359125000000001 0.5446046875 0.8694890624999999 0.5823015625 0.87095 0.5985125 0.8505109375 0.5984359375 0.8359125000000001 0.6053843750000001 0.827153125 0.5939859375000001 0.802334375 0.5435531250000001 0.8169328124999999 0.5187859375 0.8359125000000001
16 0.7535109375 0.177496875 0.7312140625 0.22275312500000002 0.7290125 0.247571875 0.7484390624999999 0.247571875 0.76001875 0.232971875 0.7755609375 0.232971875 0.8830500000000001 0.28115 0.8979890625 0.240271875 0.9009750000000001 0.21691406249999998 0.8947359374999999 0.212534375 0.7535109375 0.177496875