6 0 0 0 0.1204046875 0.08917968750000001 0.234590625 0.14075 0.3 0.559375 0.3 0.559375 0 0 0
17 0.671909375 0.29311875 0.6733921875 0.29200624999999997 0.6748765624999999 0.29089375 0.6808125 0.29089375 0.6852640625 0.2875546875 0.6852640625 0.28532812500000004 0.6778453125 0.2797625 0.6630046875 0.2797625 0.65706875 0.2842140625 0.6541015625 0.2842140625 0.6526171875 0.28532812500000004 0.6526171875 0.2875546875 0.6555859374999999 0.2897796875 0.6555859374999999 0.29200624999999997 0.65706875 0.29311875 0.671909375 0.29311875
13 0.74610625 0.2753109375 0.7431375 0.2753109375 0.7401703125 0.2775359375 0.734234375 0.2775359375 0.7312671875000001 0.2797625 0.7223625 0.2797625 0.7193953125 0.2819890625 0.70455625 0.2819890625 0.7001031249999999 0.28532812500000004 0.7001031249999999 0.2897796875 0.6941671875 0.2942328125 0.6941671875 0.29645781250000003 0.6912 0.298684375 0.6912 0.3 0.753525 0.3 0.753525 0.28532812500000004 0.75649375 0.2831015625 0.75649375 0.274196875 0.755009375 0.273084375 0.7490734375 0.273084375 0.74610625 0.2753109375
13 0.6496500000000001 0.28532812500000004 0.6496500000000001 0.2831015625 0.6437140625 0.27865 0.6437140625 0.2764234375 0.6407468749999999 0.274196875 0.6407468749999999 0.27197187500000003 0.6333265625 0.26640625 0.62590625 0.27197187500000003 0.62590625 0.274196875 0.6184875 0.2797625 0.6125515625 0.2797625 0.6095828125 0.2819890625 0.606615625 0.2819890625 0.5932593749999999 0.29200624999999997 0.5932593749999999 0.3 0.62590625 0.3 0.62590625 0.29645781250000003 0.630359375 0.29311875 0.6481656250000001 0.29311875 0.6526171875 0.2897796875 0.6526171875 0.2875546875 0.6496500000000001 0.28532812500000004
13 0.6244234375 0.25527500000000003 0.6184875 0.25527500000000003 0.61551875 0.25305 0.6036484375 0.25305 0.6021640625 0.25416249999999996 0.6021640625 0.2586140625 0.606615625 0.261953125 0.6214546875 0.261953125 0.6244234375 0.2641796875 0.627390625 0.2641796875 0.6288750000000001 0.2630671875 0.6288750000000001 0.2586140625 0.6244234375 0.25527500000000003
13 0.7624296875 0.2497109375 0.765396875 0.2519359375 0.765396875 0.25416249999999996 0.76688125 0.25527500000000003 0.7935921875 0.25527500000000003 0.7950765625 0.25416249999999996 0.7980437499999999 0.2519359375 0.7980437499999999 0.2497109375 0.786171875 0.24080625000000003 0.786171875 0.2385796875 0.7817203125 0.235240625 0.7698484375 0.235240625 0.76688125 0.2374671875 0.7579765625 0.2374671875 0.75649375 0.2385796875 0.75649375 0.24080625000000003 0.7594609375 0.2430328125 0.7594609375 0.2452578125 0.7624296875 0.24748437499999998 0.7624296875 0.2497109375
6 0.559375 1 0.559375 0.3 0 0.3 0 1 0.559375 1
6 1 0.5968265625 0.9957078125000001 0.5939593750000001 0.9778921875 0.6073515625 0.9734375 0.62074375 0.9678703125 0.5827984374999999 0.9790046875 0.4890484375 0.976778125 0.44440468749999995 0.962303125 0.4109234375 0.91108125 0.37520937499999996 0.9099671875 0.3506546875 0.89206875 0.3 0.559375 0.3 0.559375 0.76410625 0.568121875 0.768065625 0.575915625 0.79261875 0.5736890625 0.8908343750000001 0.582596875 0.9042265625000001 0.5881640625 0.9466374999999999 0.62825 0.9689593750000001 0.6327046875 0.9600296875 0.64829375 0.9689593750000001 0.66165625 0.955565625 0.6705640625 0.9689593750000001 0.68949375 0.9667265625000001 0.71733125 0.9466374999999999 0.7663249999999999 0.9421734374999999 0.8153203124999999 0.9198515625000001 0.8353624999999999 0.924315625 0.8932656250000001 0.8975296875 1 0.8664078125 1 0.5968265625
13 1 0.7785453125 0.984571875 0.74574375 0.9578484375 0.71449375 0.9378046875000001 0.6966375 0.8620875 0.7011015625 0.8353624999999999 0.7323515625 0.824228125 0.768065625 0.7952765625 0.768065625 0.755190625 0.8171734374999999 0.713990625 0.9444046875 0.71733125 0.955565625 0.7228984374999999 0.9533343750000001 0.8220000000000001 0.9198515625000001 0.8398171874999999 0.924315625 0.8687671874999999 0.9064593750000001 1 0.8671953125 1 0.7785453125
13 0.6226828125 0.8238687499999999 0.63381875 0.8908343750000001 0.6750171875000001 0.9689593750000001 0.6872671875 0.9667265625000001 0.7084234375 0.9511015625000001 0.74516875 0.8327984374999999 0.7841421875 0.7725296875 0.8220000000000001 0.7591375 0.8353624999999999 0.7278875 0.8643140624999999 0.6966375 0.9400328124999999 0.6966375 0.9567343749999999 0.6542265625 0.976778125 0.5158343750000001 0.9790046875 0.4577984375 0.9723234375 0.4310125 0.95339375 0.40199375000000004 0.9199890625 0.37967343750000004 0.8709953125000001 0.37967343750000004 0.848725 0.3662796875 0.82868125 0.33949375000000004 0.7596437500000001 0.3350296875 0.737375 0.31270937499999996 0.7217859375 0.30824375000000004 0.559375 0.3299484375 0.559375 0.631046875 0.572575 0.6609234374999999 0.6126609375000001 0.6609234374999999 0.6293640625 0.6408343750000001 0.613775 0.752440625 0.613775 0.8015484374999999 0.6226828125 0.8238687499999999
13 0.6226828125 0.8640484374999999 0.6226828125 0.8372624999999999 0.60709375 0.7881546875 0.613775 0.7390484374999999 0.613775 0.6944046875 0.60709375 0.66761875 0.5748031250000001 0.6698515625 0.559375 0.6443046875 0.559375 0.76505 0.5658937500000001 0.768065625 0.5736890625 0.783690625 0.5781421875 0.814940625 0.5736890625 0.8908343750000001 0.5848234375 0.8952984374999999 0.6226828125 0.8640484374999999
13 0.5859375 0.9511015625000001 0.6260234375 0.9734234374999999 0.664996875 0.971190625 0.66276875 0.9533343750000001 0.6171156250000001 0.8752093750000001 0.603753125 0.8752093750000001 0.5781421875 0.908690625 0.5803703125 0.9444046875 0.5859375 0.9511015625000001