6 0.4365234375 0 0.4208984375 0.0309515625 0.3408203125 0.0967234375 0.33203125 0.1141328125 0.330078125 0.137346875 0.3134765625 0.1547578125 0.294921875 0.19538125 0.294921875 0.2456765625 0.3046875 0.284365625 0.302734375 0.2921046875 0.25 0.3849578125 0.251953125 0.4275171875 0.2646484375 0.45266406249999996 0.3466796875 0.4294515625 0.3955078125 0.4294515625 0.4033203125 0.4371890625 0.4052734375 0.4294515625 0.4267578125 0.4294515625 0.4482421875 0.41397500000000004 0.4560546875 0.4294515625 0.4736328125 0.42171250000000005 0.4912109375 0.42558281249999996 0.470703125 0.4391234375 0.470703125 0.4623375 0.4873046875 0.4913546875 0.5263671875 0.5223046874999999 0.5478515625 0.5223046874999999 0.55859375 0.5087640625 0.5625 0.47781250000000003 0.57421875 0.45459843749999995 0.5810546875 0.42558281249999996 0.5986328125 0.43332031249999997 0.6171875 0.4275171875 0.619140625 0.38882812499999997 0.615234375 0.3656140625 0.6201171875 0.3636796875 0.62890625 0.38882812499999997 0.6513671875 0.42558281249999996 0.6650390625 0.41784375 0.6943359375 0.42558281249999996 0.703125 0.4391234375 0.703125 0.48942031249999995 0.6953125 0.5203703125 0.703125 0.531978125 0.7177734375 0.5261750000000001 0.7216796875 0.49909218749999995 0.7333984375 0.5029609374999999 0.75390625 0.4932890625 0.755859375 0.4623375 0.751953125 0.45846875000000004 0.751953125 0.4391234375 0.7421875 0.400434375 0.763671875 0.3424 0.7236328125 0.27469375 0.7158203125 0.2514796875 0.7099609375 0.2514796875 0.701171875 0.23407031250000002 0.6953125 0.20311875000000001 0.7001953125 0.205053125 0.703125 0.19538125 0.689453125 0.17216718749999999 0.6845703125 0.127675 0.6435546875 0.07737812499999999 0.6162109375 0.069640625 0.5830078125 0.046426562500000004 0.5654296875 0.054165624999999995 0.5625 0.0367546875 0.5380859375 0 0.4365234375 0
13 0.275390625 0.4507296875 0.3193359375 0.43332031249999997 0.3935546875 0.4294515625 0.400390625 0.408171875 0.39453125 0.35400624999999997 0.3876953125 0.340465625 0.3447265625 0.324990625 0.3232421875 0.332728125 0.2822265625 0.321121875 0.25 0.3772203125 0.251953125 0.4313859375 0.2666015625 0.45266406249999996 0.275390625 0.4507296875
13 0.3056640625 0.2863 0.3291015625 0.2863 0.341796875 0.3191859375 0.3486328125 0.324990625 0.3662109375 0.3133828125 0.396484375 0.32305625 0.4423828125 0.2785625 0.45703125 0.2418078125 0.455078125 0.20698750000000002 0.4296875 0.1025265625 0.4150390625 0.0889859375 0.4091796875 0.073509375 0.3994140625 0.073509375 0.3603515625 0.1199375 0.3212890625 0.14701875 0.294921875 0.19538125 0.294921875 0.2456765625 0.3056640625 0.2863
13 0.4365234375 0 0.419921875 0.0367546875 0.41796875 0.0638375 0.41015625 0.071575 0.4296875 0.0986578125 0.4443359375 0.1508875 0.474609375 0.1566921875 0.4736328125 0.1663640625 0.4580078125 0.1702328125 0.451171875 0.1799046875 0.453125 0.19924999999999998 0.458984375 0.19924999999999998 0.4990234375 0.1586265625 0.5185546875 0.1624953125 0.5322265625 0.1547578125 0.5390625 0.06770625 0.5693359375 0.069640625 0.5703125 0.056100000000000004 0.5400390625 0 0.4365234375 0
13 0.5908203125 0.14315 0.6044921875 0.1199375 0.6357421875 0.1663640625 0.6513671875 0.1779703125 0.6650390625 0.1779703125 0.6767578125 0.197315625 0.6953125 0.19924999999999998 0.69921875 0.1837734375 0.69140625 0.17216718749999999 0.689453125 0.145084375 0.6767578125 0.1121984375 0.6396484375 0.073509375 0.6162109375 0.069640625 0.5830078125 0.0425578125 0.568359375 0.0444921875 0.5751953125 0.06577187500000001 0.5849609375 0.06577187500000001 0.58984375 0.07544375 0.5908203125 0.14315
13 0.5625 0.2456765625 0.552734375 0.272759375 0.5546875 0.2959734375 0.546875 0.2998421875 0.5390625 0.34626875 0.5517578125 0.340465625 0.5595703125 0.3559421875 0.5654296875 0.348203125 0.5732421875 0.3559421875 0.580078125 0.32305625 0.5888671875 0.321121875 0.599609375 0.3424 0.599609375 0.36174531249999997 0.611328125 0.3656140625 0.61328125 0.34626875 0.607421875 0.33853125 0.6171875 0.3114484375 0.6767578125 0.2437421875 0.6767578125 0.2321359375 0.6611328125 0.212790625 0.6220703125 0.208921875 0.5869140625 0.22052968750000002 0.5771484375 0.2360046875 0.5693359375 0.212790625 0.5625 0.214725 0.5625 0.2456765625
13 0.53125 0.524240625 0.5537109375 0.5223046874999999 0.580078125 0.4313859375 0.578125 0.392696875 0.5693359375 0.3675484375 0.5322265625 0.352071875 0.5205078125 0.3559421875 0.515625 0.36174531249999997 0.5146484375 0.3830234375 0.47265625 0.44299218749999997 0.474609375 0.47394375 0.4892578125 0.4952234375 0.53125 0.524240625
13 0.6630859375 0.41784375 0.6708984375 0.40236875000000005 0.6904296875 0.3907625 0.701171875 0.4313859375 0.7119140625 0.40236875000000005 0.7353515625 0.41784375 0.74609375 0.38108906249999996 0.76171875 0.3578765625 0.763671875 0.3424 0.7451171875 0.3056453125 0.7021484375 0.24761093750000002 0.6728515625 0.24761093750000002 0.626953125 0.2998421875 0.619140625 0.34626875 0.6435546875 0.41397500000000004 0.6630859375 0.41784375
3 0.45703125 0.2263328125 0.47265625 0.276628125 0.4833984375 0.2901703125 0.501953125 0.2882359375 0.5107421875 0.2785625 0.5244140625 0.28243125 0.5380859375 0.26695625 0.556640625 0.2263328125 0.560546875 0.19924999999999998 0.5576171875 0.193446875 0.5419921875 0.197315625 0.5205078125 0.1663640625 0.4951171875 0.1624953125 0.4736328125 0.193446875 0.4599609375 0.20118437500000003 0.45703125 0.2263328125
3 0.599609375 0.40430312500000004 0.59375 0.4275171875 0.609375 0.4313859375 0.619140625 0.392696875 0.6064453125 0.37141718749999997 0.5966796875 0.37141718749999997 0.58984375 0.38108906249999996 0.599609375 0.40430312500000004
3 0.6181640625 0.1702328125 0.609375 0.19538125 0.6142578125 0.208921875 0.625 0.20698750000000002 0.6328125 0.1915125 0.6181640625 0.1702328125