6 0.1460375 0 0.06202656250000001 0.0467078125 0 0.018465625 0 0.55 0.609375 0.55 0.609375 0 0.1460375 0
6 0.609375 0 0.609375 0.4800546875 0.79148125 0.496534375 1 0.4577796875 1 0 0.609375 0
12 1 0.048759375 0.9080546875 0.031960937499999995 0.8473609375000001 0.09006875 0.86048125 0.18155625 0.8572015625 0.28788125 0.9047734374999999 0.299009375 1 0.2920625 1 0.048759375
6 0 0.7679875 0.057184374999999996 0.7846 0.08884375 0.7870640625 0.11654687500000001 0.7993812499999999 0.17195156250000002 0.8092359374999999 0.22735625 0.8240171875 0.2985921875 0.82648125 0.3005703125 0.8351031250000001 0.32629375 0.8437265625 0.373784375 0.848653125 0.4687640625 0.8683609375 0.492509375 0.8683609375 0.512296875 0.8732890624999999 0.5558296875 0.8732890624999999 0.5677015625 0.8782156249999999 0.5795734375 0.8732890624999999 0.5874890625 0.8782156249999999 0.591446875 0.8757515625 0.5894671875 0.879446875 0.5993609375 0.88560625 0.609375 0.8866453125 0.609375 0.55 0 0.55 0 0.7679875
21 0 0.7474968750000001 0.0334390625 0.7451828125 0.0532265625 0.7402562500000001 0.104675 0.7402562500000001 0.1244625 0.7353296874999999 0.17590937499999998 0.732865625 0.1917390625 0.7230109375 0.2234 0.7156203125 0.2214203125 0.7045343749999999 0.23329375 0.6996078125 0.23329375 0.689753125 0.2293359375 0.66758125 0.2234 0.673740625 0.21746249999999998 0.6725078124999999 0.2214203125 0.63801875 0.21350625 0.6257015625 0.1917390625 0.617078125 0.17590937499999998 0.6195421875 0.16007968749999998 0.6096874999999999 0.12841875 0.6096874999999999 0 0.62144375 0 0.7474968750000001
21 0.49053125 0.739025 0.492509375 0.747646875 0.5241687500000001 0.7501109375 0.5597859374999999 0.762428125 0.5855109374999999 0.7784421874999999 0.60331875 0.8018453125 0.609375 0.801503125 0.609375 0.596946875 0.6052984375 0.5986015625000001 0.5894671875 0.6133828125 0.5657234375 0.6552640625 0.522190625 0.7045343749999999 0.5103171875 0.711925 0.49053125 0.739025
21 0 0.6167578125000001 0.0057375 0.6146140625000001 0.057184374999999996 0.617078125 0.0928015625 0.6121515625 0.10863125 0.6072234375 0.1224828125 0.5986015625000001 0.1224828125 0.593675 0.037396875 0.5678078125 0.025525 0.5702703125 0 0.5691359375 0 0.6167578125000001
21 0.09478125 0.7882953125000001 0.104675 0.7944546875 0.2313140625 0.8240171875 0.264953125 0.8252484375 0.294634375 0.8092359374999999 0.33420937500000003 0.8067718749999999 0.3599328125 0.790759375 0.353996875 0.7846 0.3302515625 0.7796734375 0.2966125 0.761196875 0.2708890625 0.7230109375 0.21944218750000002 0.725475 0.1917390625 0.732865625 0.15612187500000002 0.7353296874999999 0.12841875 0.7427203125 0.10665312499999999 0.75626875 0.09478125 0.7784421874999999 0.09478125 0.7882953125000001
21 0.3183796875 0.6712765625 0.3005703125 0.6823625 0.2807828125 0.7094625 0.2807828125 0.7365609375 0.29265625 0.75380625 0.33420937500000003 0.7796734375 0.36191249999999997 0.7846 0.39159375 0.78336875 0.452934375 0.7575015625 0.4865734375 0.748878125 0.49053125 0.731634375 0.522190625 0.702071875 0.5182328125 0.6848265625 0.49646718749999996 0.6712765625 0.452934375 0.6934484375000001 0.44106249999999997 0.6959125 0.43116875 0.6922171875 0.44304062499999997 0.6774359375000001 0.462828125 0.6651171875 0.43710468750000003 0.658959375 0.34608125 0.661421875 0.3183796875 0.6712765625
21 0.4014875 0.8535796875000001 0.4687640625 0.8683609375 0.4885515625 0.8683609375 0.5083390624999999 0.8732890624999999 0.5498921875 0.87205625 0.5716593750000001 0.8683609375 0.593425 0.8572749999999999 0.6052984375 0.84003125 0.6052984375 0.8104671874999999 0.5855109374999999 0.7809046875 0.5558296875 0.762428125 0.5162546875 0.7501109375 0.4806375 0.7501109375 0.46480625 0.7550375 0.3500390625 0.8018453125 0.3005703125 0.8301765624999999 0.3005703125 0.8375671875 0.3104640625 0.8412625 0.4014875 0.8535796875000001
21 0.12841875 0.7427203125 0.10665312499999999 0.75626875 0.0987375 0.7661234375 0.09478125 0.7858328125 0.10863125 0.79691875 0.13237656250000002 0.7993812499999999 0.1521640625 0.8067718749999999 0.2570375 0.8277125 0.26693125 0.82648125 0.294634375 0.8117000000000001 0.31442187499999996 0.8117000000000001 0.33420937500000003 0.8067718749999999 0.37180625 0.7882953125000001 0.36586875 0.7846 0.3302515625 0.7796734375 0.3005703125 0.7636609375 0.2807828125 0.7414875000000001 0.274846875 0.7230109375 0.2313140625 0.725475 0.21152656250000001 0.7230109375 0.18778125 0.732865625 0.12841875 0.7427203125
16 0.1244625 0.6121515625 0.16007968749999998 0.6096874999999999 0.17195156250000002 0.617078125 0.19965468749999998 0.617078125 0.205590625 0.6207734375 0.2095484375 0.6257015625 0.205590625 0.6281640625 0.2095484375 0.630628125 0.2095484375 0.7143890625 0.2234 0.7205484375 0.245165625 0.719315625 0.2708890625 0.7131578125 0.2807828125 0.7069984375 0.2966125 0.6823625 0.32629375 0.66635 0.35795468750000003 0.658959375 0.40544375 0.658959375 0.43710468750000003 0.65403125 0.46085000000000004 0.644178125 0.512296875 0.631859375 0.6072765625 0.5924421875 0.609375 0.5908296875 0.609375 0.55 0.296653125 0.55 0.28671875 0.5505625000000001 0.19965468749999998 0.580125 0.1798671875 0.5825890625000001 0.1125890625 0.6072234375 0.1244625 0.6121515625
15 0.56374375 0.6269328125 0.5894671875 0.615846875 0.593425 0.6084562499999999 0.58353125 0.6072234375 0.5597859374999999 0.617078125 0.452934375 0.673740625 0.43116875 0.6922171875 0.433146875 0.6959125 0.44304062499999997 0.69468125 0.4568921875 0.690984375 0.5241687500000001 0.65403125 0.56374375 0.6269328125
6 1 0.55 0.861334375 0.55 0.8923187499999999 0.6204031249999999 0.8861578124999999 0.6334671875 0.8023109375 0.55 0.637 0.55 0.609375 0.5655921875 0.609375 1 1 1 1 0.55
13 0.8467390625 0.7305015625 0.8676812500000001 0.6763874999999999 0.83195625 0.6483921875 0.8147109374999999 0.6185359375 0.7974625 0.6036109374999999 0.7703609375 0.599878125 0.72355 0.614803125 0.6902921875 0.6427984375 0.6656515625 0.695046875 0.6582625 0.7286359375 0.6865953124999999 0.72676875 0.72355 0.7491656250000001 0.732175 0.7472984375 0.7679 0.7305015625 0.8467390625 0.7305015625
13 0.7245812500000001 1 0.7075375 0.907784375 0.72355 0.8947203125 0.7531156250000001 0.8947203125 0.7999265624999999 0.8462 0.873840625 0.8014171875 0.8824624999999999 0.7846203125 0.863984375 0.7491656250000001 0.8467390625 0.734234375 0.7925375 0.7305015625 0.728478125 0.7528984375000001 0.6718109375 0.7305015625 0.609375 0.7655328124999999 0.609375 1 0.7245812500000001 1
13 1 0.8738421875 0.9871718749999999 0.8573984375 0.9551421875000001 0.853665625 0.903403125 0.8051453125 0.878765625 0.8014171875 0.839346875 0.83500625 0.7999265624999999 0.8499328125 0.737103125 0.9115171875 0.7481875 0.9432390625 0.7999265624999999 0.898453125 0.8196390625 0.898453125 0.8602890625 0.937640625 0.86249375 1 1 1 1 0.9718921875 0.998259375 0.9674968749999999 1 0.9604671874999999 1 0.8738421875
13 0.862753125 1 0.862753125 0.9488390624999999 0.817175 0.898453125 0.7802171875 0.9171156249999999 0.738334375 0.9619031250000001 0.727246875 0.9786953125 0.72641875 1 0.862753125 1
13 0.6853640624999999 0.650259375 0.7161609375 0.6185359375 0.7900734375 0.599878125 0.8147109374999999 0.614803125 0.8294921875 0.644665625 0.8590562500000001 0.6707890625 0.872609375 0.6614578125 0.8799984375 0.6316015625 0.8023906249999999 0.5513578125 0.799828125 0.55 0.6573828125000001 0.55 0.652103125 0.555090625 0.609375 0.5703203125 0.609375 0.7525734374999999 0.6151453124999999 0.7417 0.652103125 0.719309375 0.6853640624999999 0.650259375