13 0 0.4890625 0.459375 0.4890625 0.459375 0.1086234375 0.38258125 0.21997031250000001 0.38726875 0.274609375 0.3419625 0.3103359375 0.30603125000000003 0.247290625 0.2779125 0.11489843749999999 0.24041875 0.0854796875 0.24041875 0.1254078125 0.21385937500000002 0.1191015625 0.22167187500000002 0.09808750000000001 0.20292500000000002 0.062360937500000005 0.060759375000000004 0.079171875 0.00764375 0.03924375 0 0.0457890625 0 0.4890625
6 0.278915625 0 0.248828125 0.044828125 0.24647187499999998 0.0733359375 0.26649687499999997 0.1097640625 0.235871875 0.1002640625 0.214665625 0.1224375 0.2134875 0.079671875 0.1934625 0.0654203125 0.054462500000000004 0.0780875 0 0.05368125 0 0.4890625 0.459375 0.4890625 0.459375 0.0963765625 0.372334375 0 0.278915625 0
0 0.58985625 0.4158390625 0.7723656250000001 0.43956718749999996 0.7917171875 0.42838281250000004 0.8457171875 0.32899687499999997 0.8521468750000001 0.2440828125 0.7492875 0.2016265625 0.5589984375 0.2363640625 0.58985625 0.4158390625
0 0.7305875000000001 0.332540625 0.7352921875 0.3360671875 0.736859375 0.3348921875 0.7399953125 0.332540625 0.7399953125 0.3278359375 0.738428125 0.32666093749999997 0.73215625 0.32666093749999997 0.7305875000000001 0.3278359375 0.7305875000000001 0.332540625
16 0.774490625 0.33724375 0.7776265625 0.3348921875 0.7776265625 0.3090203125 0.774490625 0.30666875 0.774490625 0.30431718750000003 0.7713546874999999 0.301965625 0.7713546874999999 0.2996140625 0.7650828125 0.294909375 0.7650828125 0.2925578125 0.761946875 0.29020625 0.761946875 0.28550156250000003 0.7588109375000001 0.28315 0.7588109375000001 0.2807984375 0.755675 0.278446875 0.755675 0.2737421875 0.7525390625 0.271390625 0.7525390625 0.2666875 0.7478359375 0.263159375 0.7290203125 0.263159375 0.72118125 0.2690390625 0.72118125 0.271390625 0.7180453124999999 0.2737421875 0.7180453124999999 0.28315 0.69609375 0.2996140625 0.69609375 0.301965625 0.6929578125 0.30431718750000003 0.6929578125 0.30666875 0.689821875 0.3090203125 0.689821875 0.313725 0.6866859375 0.3160765625 0.6866859375 0.33724375 0.689821875 0.3395953125 0.689821875 0.3466515625 0.6929578125 0.34900312499999997 0.6929578125 0.3607625 0.69609375 0.3631140625 0.69609375 0.3701703125 0.6992296875 0.372521875 0.6992296875 0.37722500000000003 0.702365625 0.379578125 0.702365625 0.3819296875 0.7102046875 0.387809375 0.7133406250000001 0.387809375 0.7164765625 0.3901609375 0.7478359375 0.3901609375 0.749403125 0.3889859375 0.7509718750000001 0.387809375 0.75410625 0.387809375 0.7572421874999999 0.3854578125 0.760378125 0.3854578125 0.761946875 0.38428125 0.761946875 0.3819296875 0.7650828125 0.379578125 0.7650828125 0.37722500000000003 0.7682187500000001 0.3748734375 0.7682187500000001 0.365465625 0.7713546874999999 0.3631140625 0.7713546874999999 0.35370625 0.774490625 0.3513546875 0.774490625 0.33724375
6 0.459375 1 0.459375 0.733765625 0.412328125 0.6705125 0.45238125 0.5659796874999999 0.4406 0.489953125 0.4399375 0.4890625 0.3721046875 0.4890625 0.37345625 0.5042093750000001 0.345184375 0.5042093750000001 0.30984375000000003 0.5390546875 0.21560625 0.5232140625 0.20382812499999997 0.54221875 0.19793750000000002 0.496290625 0.1930578125 0.4890625 0.029971875 0.4890625 0.00828125 0.520046875 0 0.5266578125 0 1 0.459375 1
3 0.459375 1 0.459375 0.9138390624999999 0.45709375 0.895415625 0.44766874999999995 0.88274375 0.44766874999999995 0.8669078125 0.40761875 0.8035546874999999 0.39230312500000003 0.792465625 0.352253125 0.8273109375000001 0.332228125 0.8542359375 0.32280312499999997 0.87324375 0.32280312499999997 0.895415625 0.32751562500000003 0.9080875 0.360496875 0.9492640625 0.365209375 0.9777765625000001 0.3711 0.98569375 0.394659375 0.9951968750000001 0.3997625 1 0.459375 1
3 0.073071875 0.974609375 0.061290625 0.9841093750000001 0.07425000000000001 0.98569375 0.086028125 0.9793609375000001 0.10723125 0.98569375 0.14375 0.9841093750000001 0.14610625 0.9682734375000001 0.151996875 0.957184375 0.1779125 0.9540171875000001 0.20147187500000002 0.9445171875 0.209715625 0.936596875 0.20147187500000002 0.9286765625 0.184978125 0.922340625 0.16613125 0.9255078125 0.149640625 0.90016875 0.1284375 0.881159375 0.12136875 0.881159375 0.11665624999999999 0.8874953124999999 0.097809375 0.897 0.08720625 0.9112562499999999 0.080140625 0.9270921875000001 0.073071875 0.974609375
13 0.239165625 0.5232140625 0.21325 0.5232140625 0.20029375 0.55330625 0.20029375 0.5754796875 0.226209375 0.654671875 0.226209375 0.6800125 0.207359375 0.695853125 0.20500625 0.7148578125 0.2768625 0.7481171875 0.293353125 0.8304796874999999 0.34165 0.8320624999999999 0.37463437499999996 0.7908828125 0.3958375 0.692684375 0.45238125 0.572315625 0.44239375000000003 0.4890625 0.373971875 0.4890625 0.37463437499999996 0.489953125 0.372278125 0.534303125 0.354609375 0.558059375 0.31691250000000004 0.5707312499999999 0.300421875 0.5390546875 0.239165625 0.5232140625
17 0 0.8643828125 0.00828125 0.8621546875 0.01770625 0.8431515624999999 0.05304687500000001 0.8431515624999999 0.08367187499999999 0.820975 0.093096875 0.8241421875 0.123725 0.7861296875 0.13903749999999998 0.79405 0.14492812500000002 0.820975 0.16848749999999998 0.8273109375000001 0.19793750000000002 0.8130546875 0.19793750000000002 0.7655421875 0.1885125 0.746534375 0.221496875 0.6610078125000001 0.207359375 0.5944875 0.14492812500000002 0.554890625 0.10958749999999999 0.5042093750000001 0.0879953125 0.4890625 0.029134375 0.4890625 0.016528124999999998 0.5089578125 0 0.5525140625 0 0.8643828125
6 1 0.4890625 0.459375 0.4890625 0.459375 1 1 1 1 0.4890625