6 0 0 0 0.5796875 0.56875 0.5796875 0.56875 0 0 0
6 0.56875 0 0.56875 0.5354078125 0.5905765625 0.5796875 1 0.5796875 1 0 0.56875 0
6 0.53165 1 0.56875 0.8995703125000001 0.56875 0.5796875 0.1433203125 0.5796875 0.075953125 0.7086578125 0.056415625000000004 0.7577578125 0.39350625 1 0.53165 1
22 0.4541640625 1 0.46877812499999993 0.9595156250000001 0.399578125 0.8618234375 0.3496125 0.9315890625 0.343090625 0.9552703125 0.3993625 1 0.4541640625 1
22 0.321909375 0.6473203125 0.3727484375 0.7025406249999999 0.48854687500000005 0.594228125 0.47919062500000004 0.5796875 0.352571875 0.5796875 0.321909375 0.6473203125
14 0.47959375 0.5796875 0.3516734375 0.5796875 0.338665625 0.6481234375 0.35976875 0.683578125 0.37838906250000004 0.689178125 0.48514999999999997 0.6219984375000001 0.4826671875 0.584678125 0.47959375 0.5796875
3 0.4131484375 0.834728125 0.4057015625 0.860853125 0.4379765625 0.8795125 0.5497015625 0.8197984375 0.5621171875 0.7600859375 0.5546671875 0.7451578125 0.55715 0.719034375 0.52115 0.6201328125 0.47894218750000006 0.6275984375 0.4143890625 0.6611875 0.37590625 0.700371875 0.42680468749999995 0.8030062499999999 0.4814265625 0.7432921875 0.496321875 0.7432921875 0.5074953125 0.7638171875 0.5012875 0.814203125 0.43673593750000006 0.8477921875 0.4218390625 0.825396875 0.4131484375 0.834728125
3 0.4561125 1 0.4702515625 0.96908125 0.40197656249999997 0.8664515625 0.3610109375 0.9280312500000001 0.3535609375 0.96908125 0.392828125 1 0.4561125 1
3 0.2728703125 0.683578125 0.2741125 0.7078375 0.2641828125 0.719034375 0.275353125 0.7358265625 0.298940625 0.7414265624999999 0.2728703125 0.683578125
3 0.21328437500000003 0.6089390625 0.18349218750000001 0.60520625 0.1636296875 0.6164 0.14749218749999998 0.644390625 0.14749218749999998 0.689178125 0.1723171875 0.7787468750000001 0.223215625 0.8403265624999999 0.279078125 0.8459265625000001 0.30390625 0.81606875 0.302665625 0.758221875 0.28776875 0.788078125 0.233146875 0.7731484375 0.239353125 0.8086046874999999 0.21825 0.814203125 0.1797671875 0.7600859375 0.18225 0.73769375 0.1623875 0.6966421875 0.1623875 0.6779796874999999 0.185975 0.6275984375 0.21328437500000003 0.6201328125 0.2356296875 0.6350625 0.24307812499999998 0.653721875 0.25425 0.6481234375 0.21328437500000003 0.6089390625
9 0.2492859375 0.6257312500000001 0.26790625 0.61266875 0.2741125 0.603340625 0.2741125 0.595875 0.27659531249999997 0.5921421875 0.27659531249999997 0.5796875 0.214525 0.5796875 0.214525 0.5996078125000001 0.22073281250000001 0.61266875 0.2306625 0.6201328125 0.2356296875 0.6201328125 0.24307812499999998 0.6275984375 0.2492859375 0.6257312500000001
12 0.35604375 0.6369296875 0.35604375 0.644390625 0.3622515625 0.6499890625 0.36721875000000004 0.6499890625 0.3696984375 0.6462578125 0.3721828125 0.6462578125 0.374665625 0.6499890625 0.394528125 0.6499890625 0.39576875 0.6481234375 0.4057015625 0.644390625 0.4057015625 0.6406578125 0.408184375 0.6369296875 0.408184375 0.6145343750000001 0.40445937499999995 0.6089390625 0.394528125 0.6089390625 0.3858390625 0.5809453125 0.383328125 0.5796875 0.36937031249999996 0.5796875 0.358528125 0.5996078125000001 0.358528125 0.607071875 0.35604375 0.6108015625000001 0.35604375 0.6294640625000001 0.3535609375 0.633196875 0.35604375 0.6369296875
6 1 0.5796875 0.6024828125 0.5796875 0.58216875 0.647209375 0.584653125 0.7104796875 0.60203125 0.7599953125 0.6281015625 0.7971328125 0.6429984375 0.8081343750000001 0.68520625 0.8081343750000001 0.702584375 0.8604015625000001 0.8490703125 0.8851609375 0.8664484375000001 0.87140625 0.8689328125 0.8824093749999999 0.883828125 0.8879109375 0.9384484375 0.8851609375 0.9632781250000001 0.9099187499999999 1 0.9049859375 1 0.5796875
22 1 0.5796875 0.6685828125 0.5796875 0.666584375 0.6527093749999999 0.6963796875 0.8507734375 0.754725 0.8686562500000001 0.847828125 0.8782828125 0.8602421874999999 0.8617781250000001 0.8701734374999999 0.7957562499999999 0.91610625 0.747615625 0.953346875 0.7256078125000001 0.9657609375 0.69535 1 0.677840625 1 0.5796875