6 0 0 0 0.528421875 0.01653125 0.5152640625 0.031321875 0.47916406250000004 0.048578125 0.4942046875 0.0658328125 0.4942046875 0.071996875 0.486684375 0.071996875 0.47465156249999996 0.080625 0.464121875 0.10650781250000001 0.44757499999999995 0.1212984375 0.4205 0.1952515625 0.3332578125 0.1977171875 0.3121984375 0.18785625 0.2881328125 0.1915546875 0.28362031249999997 0.22360000000000002 0.2806109375 0.23469375 0.2670734375 0.2396234375 0.25203125000000004 0.237159375 0.20690624999999999 0.2753671875 0.1963765625 0.279065625 0.19186406250000002 0.2692046875 0.18283906249999998 0.2704375 0.1783265625 0.2581125 0.1783265625 0.2581125 0.18434375 0.2309953125 0.19336875 0.219903125 0.17983125 0.2174375 0.167796875 0.238390625 0.1512515625 0.2482515625 0.1301921875 0.261809375 0.12267187500000001 0.266740625 0.10762968749999999 0.28153125 0.095596875 0.285228125 0.082059375 0.31234375000000003 0.070025 0.31727500000000003 0.054984374999999995 0.3296 0.054984374999999995 0.3296875 0.0548765625 0.3296875 0.0332265625 0.3234375 0.0294125 0.320971875 0.011362500000000001 0.32174843750000004 0 0 0
3 0.08185624999999999 0.3121984375 0.0732296875 0.3287453125 0.02269375 0.3483 0.0350203125 0.3904171875 0.0325546875 0.477659375 0.0461125 0.4942046875 0.06706562499999999 0.4927015625 0.071996875 0.477659375 0.09295 0.45208750000000003 0.10527500000000001 0.4490796875 0.1212984375 0.4205 0.1977171875 0.33025000000000004 0.1977171875 0.309190625 0.190321875 0.29114062500000004 0.1767640625 0.2715859375 0.15950781249999998 0.25654374999999996 0.1471828125 0.25353593750000003 0.12253125000000001 0.2715859375 0.10527500000000001 0.277603125 0.084321875 0.29414843749999997 0.08185624999999999 0.3121984375
3 0.1188328125 0.21593125 0.1188328125 0.2399984375 0.1126703125 0.24751875 0.095415625 0.25353593750000003 0.0892515625 0.264065625 0.1003453125 0.277603125 0.10527500000000001 0.277603125 0.1397875 0.25353593750000003 0.1570421875 0.25353593750000003 0.1866234375 0.2806109375 0.2149734375 0.282115625 0.22360000000000002 0.2806109375 0.2396234375 0.255040625 0.2396234375 0.22495625000000002 0.2363 0.20702343750000002 0.199959375 0.213996875 0.19890000000000002 0.20477343750000002 0.22953125000000002 0.195225 0.2272984375 0.18885625 0.19401875 0.14824375 0.18169375000000001 0.14222656250000001 0.154578125 0.145234375 0.1336234375 0.17983125 0.113903125 0.1948734375 0.1188328125 0.21593125
3 0.232778125 0 0.267971875 0.04295 0.285228125 0.0579921875 0.3098796875 0.073034375 0.3135765625 0.07152968750000001 0.3234375 0.0143703125 0.3195125 0 0.232778125 0
7 0 0.3478734375 0.0091359375 0.34077812500000004 0.0239265625 0.34077812500000004 0.031321875 0.331753125 0.0411828125 0.3377703125 0.0461125 0.33476249999999996 0.0473453125 0.321225 0.07692656249999999 0.29114062500000004 0.08678749999999999 0.27008125 0.08678749999999999 0.26105625 0.095415625 0.250528125 0.1028109375 0.250528125 0.11636874999999999 0.2399984375 0.1188328125 0.22194843749999998 0.1114375 0.1948734375 0.1003453125 0.18133593750000002 0.0880203125 0.18133593750000002 0.0682984375 0.1993859375 0.01653125 0.20239375 0 0.2104640625 0 0.3478734375
15 0.2753671875 0.18434375 0.2655078125 0.18434375 0.2630421875 0.1873515625 0.255646875 0.1873515625 0.25318125 0.1903609375 0.2309953125 0.19336875 0.2211359375 0.1993859375 0.19895000000000002 0.20239375 0.196484375 0.2054015625 0.1915546875 0.2054015625 0.185390625 0.2099140625 0.1866234375 0.2144265625 0.207578125 0.21292343749999998 0.21867031250000002 0.21141875 0.2211359375 0.2084109375 0.22853125 0.2084109375 0.2309953125 0.2054015625 0.243321875 0.2054015625 0.2457859375 0.20239375 0.2581125 0.20239375 0.2605765625 0.1993859375 0.267971875 0.1993859375 0.2704375 0.1963765625 0.2753671875 0.1963765625 0.279065625 0.19186406250000002 0.279065625 0.18885625 0.2753671875 0.18434375
6 0.3296875 0 0.3296875 0.6890625 1 0.6890625 1 0 0.3296875 0
0 1 0.6890625 0.3296875 0.6890625 0.3296875 1 1 1 1 0.6890625
17 0.49811562499999995 0.9298046875000001 0.5065828125 0.9378203125000001 0.511903125 0.9362734375 0.5140109374999999 0.9331109375000001 0.508265625 0.92808125 0.5027109375000001 0.92549375 0.4979234375 0.9275062500000001 0.49811562499999995 0.9298046875000001
17 0.5726125 0.8163203125 0.55614375 0.7997921875 0.5505890625000001 0.7959125 0.5264593750000001 0.8039609375 0.5147765625 0.810859375 0.5122875 0.8131578125000001 0.5163515624999999 0.8231875000000001 0.5256921875 0.8217812500000001 0.5375656249999999 0.8306921875000001 0.5490578125 0.8276734375 0.5726125 0.8163203125
1 0.3719109375 0.7281796875000001 0.3693015625 0.72695625 0.3657140625 0.7276906249999999 0.366203125 0.7296484375000001 0.3730515625 0.7366234375 0.3777796875 0.7406609375000001 0.377128125 0.740415625 0.3797375 0.74200625 0.3823453125 0.740415625 0.382671875 0.7389484375 0.3719109375 0.7281796875000001
16 0.45095 0.84090625 0.45751406250000004 0.84090625 0.46571875 0.8347546875 0.46571875 0.83229375 0.46900000000000003 0.8298328125 0.46900000000000003 0.8249109375 0.46571875 0.8224500000000001 0.46571875 0.8199890625 0.4542328125 0.8113765624999999 0.43454218750000007 0.8113765624999999 0.4312609375 0.8138375 0.427978125 0.8138375 0.424696875 0.8162984375000001 0.421415625 0.8162984375000001 0.4181328125 0.8187578125 0.4148515625 0.8187578125 0.4115703125 0.8212187500000001 0.4082890625 0.8212187500000001 0.40500625 0.8236796875 0.401725 0.8236796875 0.39844375 0.8261406250000001 0.3951609375 0.8261406250000001 0.3918796875 0.8286015624999999 0.3885984375 0.8286015624999999 0.38203437500000004 0.8335234375 0.37875312499999997 0.8335234375 0.3705484375 0.8396750000000001 0.3705484375 0.8421359374999999 0.3672671875 0.844596875 0.3672671875 0.8470578124999999 0.36234375 0.85075 0.3590625 0.85075 0.354140625 0.854440625 0.354140625 0.8593624999999999 0.360703125 0.8642843750000001 0.360703125 0.8667453125 0.36562656250000003 0.8704359374999999 0.3689078125 0.8704359374999999 0.3705484375 0.8692062500000001 0.375471875 0.8655140625 0.3951609375 0.8655140625 0.39844375 0.8630531250000001 0.4082890625 0.8630531250000001 0.4115703125 0.8655140625 0.4164921875 0.8618234375 0.4164921875 0.8593624999999999 0.4181328125 0.8581312499999999 0.421415625 0.8581312499999999 0.427978125 0.8532093749999999 0.4312609375 0.8532093749999999 0.43454218750000007 0.85075 0.43782343749999997 0.85075 0.45095 0.84090625
1 0.704578125 0.8312406250000001 0.7009953125 0.8307656250000001 0.6860265625 0.833771875 0.683496875 0.834721875 0.6841640625000001 0.8346015625 0.6870796875 0.839309375 0.6955140625 0.8374109375 0.7037359375000001 0.836778125 0.706265625 0.836303125 0.704578125 0.8312406250000001
1 0.8487828125 0.99270625 0.8538421875 0.9944453125000001 0.8570046874999999 0.9897 0.8527890625 0.98716875 0.8420359375 0.982896875 0.835053125 0.9868859375 0.8487828125 0.99270625
17 0.9223687500000001 1 0.916953125 0.9959390625 0.9136703125000001 0.9959390625 0.9103890625 0.993478125 0.9071078124999999 0.993478125 0.903825 0.9910171875 0.8972625000000001 0.9910171875 0.8939812500000001 0.98855625 0.8742906250000001 0.98855625 0.8693671875 0.992246875 0.8693671875 1 0.9223687500000001 1