6 0.4653953125 0.380125 0.4531890625 0.380125 0.438540625 0.37074375000000004 0.4263328125 0.37074375000000004 0.4068015625 0.3613625 0.399478125 0.3613625 0.383609375 0.3848140625 0.3909328125 0.40045000000000003 0.3884921875 0.41921093750000005 0.3982578125 0.4254640625 0.3970359375 0.43640937500000004 0.37384375 0.40357656249999996 0.3787265625 0.3941953125 0.376284375 0.37856093749999997 0.36651875 0.356671875 0.3579734375 0.3488546875 0.340884375 0.3488546875 0.2481109375 0.4051390625 0.24078593750000002 0.4051390625 0.23224218749999997 0.3816875 0.22125468750000002 0.3676171875 0.21393125 0.3676171875 0.1992828125 0.37074375000000004 0.1333640625 0.4082671875 0.1272609375 0.41608437499999995 0.1272609375 0.43171875000000004 0.1345859375 0.456734375 0.1467921875 0.478621875 0.1467921875 0.488003125 0.13580625 0.49582031249999997 0.1272609375 0.51301875 0.1272609375 0.5349078125 0.13668906249999999 0.55 0.5933578125000001 0.55 0.5886875 0.538034375 0.516665625 0.4457890625 0.4959140625 0.42859218749999994 0.493471875 0.40670312500000005 0.4849265625 0.39263125 0.4653953125 0.380125
14 0.399478125 0.3613625 0.38605 0.37856093749999997 0.3909328125 0.40357656249999996 0.3884921875 0.4254640625 0.4397609375 0.5161453125000001 0.458071875 0.539596875 0.4751609375 0.5458515625 0.47759062500000005 0.55 0.593065625 0.55 0.5935703125 0.5474140625 0.5886875 0.538034375 0.5117828125 0.4395359375 0.497134375 0.43328125 0.4531890625 0.376996875 0.399478125 0.3613625
20 0.3225734375 0.43171875000000004 0.317690625 0.44109999999999994 0.317690625 0.456734375 0.3225734375 0.47236874999999995 0.3543125 0.519271875 0.36390781250000004 0.55 0.40113125 0.55 0.4263328125 0.5302171875 0.4324375 0.5067640625000001 0.3750640625 0.4051390625 0.37018125 0.4020125 0.3482078125 0.4051390625 0.3225734375 0.43171875000000004
14 0.243228125 0.43015468749999997 0.2249171875 0.4504796875 0.220034375 0.4629875 0.2298 0.48487656250000005 0.23102031250000002 0.498946875 0.243228125 0.5020749999999999 0.2603171875 0.5239625 0.288465625 0.55 0.361478125 0.55 0.3543125 0.5255265625 0.3042625 0.45204374999999997 0.2871734375 0.4395359375 0.262759375 0.44266249999999996 0.2481109375 0.43015468749999997 0.243228125 0.43015468749999997
21 0.2090484375 0.3676171875 0.1992828125 0.37074375000000004 0.129703125 0.41295624999999997 0.1272609375 0.42859218749999994 0.1345859375 0.456734375 0.1480125 0.47705937499999995 0.159 0.478621875 0.20294531249999997 0.41921093750000005 0.2151515625 0.39106874999999997 0.21393125 0.37074375000000004 0.2090484375 0.3676171875
21 0.2896140625 0.4395359375 0.3067046875 0.45204374999999997 0.3103671875 0.4504796875 0.3164703125 0.44891718750000004 0.3225734375 0.43171875000000004 0.343325 0.4082671875 0.3579734375 0.4020125 0.3787265625 0.40357656249999996 0.376284375 0.375434375 0.36285625 0.3488546875 0.3579734375 0.345728125 0.3384421875 0.3488546875 0.24200781249999997 0.4098296875 0.2444484375 0.42859218749999994 0.255434375 0.4395359375 0.2652 0.44266249999999996 0.2896140625 0.4395359375
6 0.66875 0 0.66875 0.55 1 0.55 1 0 0.66875 0
6 0.66875 1 0.66875 0.55 0 0.55 0 1 0.66875 1
22 0.66875 1 0.66875 0.7727609375 0.668134375 0.7706296874999999 0.43986093750000005 0.6424562500000001 0.3226734375 0.608278125 0 0.613096875 0 1 0.66875 1
22 0.66875 0.55 0.5687578125 0.55 0.5460625 0.6168218750000001 0.55826875 0.6973890625 0.6473796875 0.7376734375 0.66875 0.759040625 0.66875 0.55
6 1 0.55 0.66875 0.55 0.66875 0.8864750000000001 0.8896171875000001 0.828196875 1 0.7910546875 1 0.55
7 0.769115625 0.55715 0.7642328125 0.5636609375 0.7617906249999999 0.5636609375 0.7605703125 0.5652890625 0.7605703125 0.5685453125000001 0.7569078124999999 0.5734281250000001 0.7544671875 0.5734281250000001 0.7422593749999999 0.58970625 0.7398171875 0.58970625 0.734934375 0.59621875 0.7324921875 0.59621875 0.7300515625 0.5994734375 0.727609375 0.5994734375 0.7263890625 0.6011015625 0.7263890625 0.614125 0.7288296875 0.6173796874999999 0.7288296875 0.6304031250000001 0.731271875 0.6336578125 0.731271875 0.64668125 0.7337140625 0.6499375 0.7337140625 0.6759828125 0.7361546875 0.6792374999999999 0.7361546875 0.68249375 0.7398171875 0.6873765625 0.7410375 0.68575 0.7422593749999999 0.684121875 0.7495828125 0.684121875 0.7520249999999999 0.680865625 0.7569078124999999 0.680865625 0.75935 0.6776109375 0.7617906249999999 0.6776109375 0.765453125 0.6727265625000001 0.765453125 0.6694703125 0.7678953125 0.666215625 0.7678953125 0.662959375 0.772778125 0.6564484375 0.772778125 0.6531921875 0.7752203125 0.6499375 0.7752203125 0.64668125 0.7776609375 0.6434249999999999 0.7776609375 0.6401703125 0.780103125 0.6369140625 0.780103125 0.6336578125 0.7849859375 0.627146875 0.7849859375 0.6238921875 0.787428125 0.6206359375 0.787428125 0.6173796874999999 0.78986875 0.614125 0.78986875 0.6076125 0.7923109375 0.6043578125 0.7923109375 0.6011015625 0.7947515625 0.5978453125 0.7947515625 0.594590625 0.79719375 0.591334375 0.79719375 0.5880796875 0.799634375 0.5848234375 0.799634375 0.5815671874999999 0.8020765624999999 0.5783125 0.8020765624999999 0.57505625 0.8069593749999999 0.5685453125000001 0.8069593749999999 0.562034375 0.8094015625000001 0.558778125 0.8094015625000001 0.5555218749999999 0.8118421874999999 0.5522671875 0.8118421874999999 0.55 0.7891265625 0.55 0.7886484375 0.5506390624999999 0.783765625 0.5506390624999999 0.7813234375 0.5538937500000001 0.776440625 0.5538937500000001 0.7739984375 0.55715 0.769115625 0.55715
7 0.8679984375 0.57505625 0.8679984375 0.5783125 0.86555625 0.5815671874999999 0.86555625 0.5848234375 0.863115625 0.5880796875 0.863115625 0.591334375 0.8606734375 0.594590625 0.8606734375 0.5978453125 0.85823125 0.6011015625 0.85823125 0.6076125 0.855790625 0.6108687500000001 0.855790625 0.614125 0.8509078125 0.6206359375 0.8509078125 0.627146875 0.848465625 0.6304031250000001 0.848465625 0.6336578125 0.846025 0.6369140625 0.846025 0.6401703125 0.8435828125 0.6434249999999999 0.8435828125 0.6597046875 0.844803125 0.66133125 0.8496859375 0.66133125 0.8521281249999999 0.6645875 0.8545703124999999 0.6645875 0.855790625 0.662959375 0.8570109374999999 0.66133125 0.8594531249999999 0.66133125 0.8618937499999999 0.6580765625 0.8643359374999999 0.6580765625 0.8716609375000001 0.648309375 0.8741015624999999 0.648309375 0.8765437500000001 0.645053125 0.8789843749999999 0.645053125 0.8814265625000001 0.648309375 0.8863093750000001 0.648309375 0.8887515625000001 0.645053125 0.8911921875000001 0.645053125 0.8936343750000001 0.6417984375 0.8985171875000001 0.6417984375 0.900959375 0.6385421874999999 0.9131671875 0.6385421874999999 0.9156078125 0.6352859375000001 0.91805 0.6352859375000001 0.920490625 0.63203125 0.9229328125 0.63203125 0.9253750000000001 0.628775 0.9302578125000001 0.628775 0.9326984375 0.62551875 0.9400234375000001 0.62551875 0.942465625 0.6222640625 0.9473484375 0.6222640625 0.9497890625000001 0.6190078125 0.9571140625 0.6190078125 0.95955625 0.6157515625000001 0.9644390625 0.6157515625000001 0.9668796875 0.6124968749999999 0.9717640624999999 0.6124968749999999 0.9766468749999999 0.6059859375000001 0.9815296874999999 0.6059859375000001 0.9876328125 0.5978453125 0.9876328125 0.594590625 0.990075 0.591334375 0.990075 0.562034375 0.9876328125 0.558778125 0.9876328125 0.55 0.8753234375 0.55 0.8753234375 0.5522671875 0.87288125 0.5555218749999999 0.87288125 0.558778125 0.8704390625 0.562034375 0.8704390625 0.5718 0.8679984375 0.57505625