6 0 0 0 0.5296875 0.2970828125 0.5296875 0.32844531250000003 0.5128 0.3510234375 0.48629375 0.3510234375 0.4548828125 0.376546875 0.439175 0.40010625 0.3881296875 0.3863625 0.3704609375 0.4197390625 0.32923125 0.39814375 0.27818437500000004 0.40207031249999997 0.244809375 0.388325 0.20946875 0.41581250000000003 0.1623515625 0.4118859375 0.119159375 0.34120625000000004 0.06811249999999999 0.34316874999999997 0.040625 0.306 0 0 0
16 0.20279375000000002 0.463715625 0.0967765625 0.4990578125 0.0633921875 0.5296875 0.29643437499999997 0.5296875 0.32451875 0.5167265624999999 0.3510234375 0.48629375 0.3510234375 0.45291875 0.3166671875 0.41659687500000003 0.2989953125 0.412671875 0.20279375000000002 0.463715625
16 0 0.5267999999999999 0.0375390625 0.5296875 0.062162499999999996 0.5296875 0.180215625 0.4077625 0.1978859375 0.3783125 0.195921875 0.31941406250000004 0.1654921875 0.31254218749999996 0.1497859375 0.28309375000000003 0.128190625 0.28702031250000004 0.0977578125 0.31745 0.1134640625 0.3370828125 0.09579375 0.4431015625 0.022171875 0.4519375 0.0035203125 0.4764796875 0 0.5021265625 0 0.5267999999999999
14 0.1134640625 0.276221875 0.03395 0.2575703125 0.0290421875 0.28407499999999997 0.0368953125 0.305671875 0.0918671875 0.31745 0.1134640625 0.276221875
14 0.00309375 0 0 0.012996875 0 0.086246875 0.0172625 0.0995265625 0.023153125 0.233028125 0.0977578125 0.2467734375 0.134078125 0.2340109375 0.1586203125 0.2075046875 0.225371875 0.028846875 0.22825781250000002 0 0.00309375 0
6 1 0.029434375000000002 0.9697359375 0.0365859375 0.9224656250000001 0.0749125 0.9007999999999999 0.0601703125 0.890953125 0.0365859375 0.875196875 0.0601703125 0.827928125 0.04543125 0.8111875 0.0704890625 0.8082328125 0.1014453125 0.7767203125 0.0336390625 0.7550546875 0.030690625 0.740284375 0.0439578125 0.7373296875 0.09849843750000001 0.701878125 0.11618593749999999 0.67824375 0.169253125 0.6378671875 0.17662031250000002 0.6457453125 0.244428125 0.6871078125000001 0.31812968750000004 0.691046875 0.36825 0.7008921875 0.371196875 0.6949859375 0.3800421875 0.698925 0.40657343749999997 0.7166484375 0.45374375 0.7688421875 0.5171296875 0.782628125 0.5023875 0.8300468750000001 0.5296875 0.8729046874999999 0.5296875 0.8791359375000001 0.5230265625 0.8790812499999999 0.5296875 0.9330093749999999 0.5296875 0.9342843750000001 0.4964921875 1 0.505859375 1 0.029434375000000002
14 0.9047390625 0.42279062500000003 0.9136031250000001 0.3829890625 0.9234515625 0.3741453125 0.9155734375 0.30633750000000004 0.8574703124999999 0.1839921875 0.782628125 0.14566718750000002 0.7471765625 0.1014453125 0.7156640624999999 0.10439375 0.6871078125000001 0.138296875 0.6792296875 0.1884125 0.7205874999999999 0.2945453125 0.722559375 0.341715625 0.7708109375000001 0.42868593749999995 0.7964156250000001 0.449321875 0.819065625 0.450796875 0.9047390625 0.42279062500000003
14 0.7836140625 0.041007812500000004 0.766871875 0.02774375 0.7432375 0.0365859375 0.738315625 0.0940734375 0.7767203125 0.139771875 0.8111875 0.1500890625 0.8033093750000001 0.079334375 0.7836140625 0.041007812500000004
14 1 0.13387500000000002 0.9736750000000001 0.13387500000000002 0.9392078125 0.1854671875 0.9313296875000001 0.256221875 0.943146875 0.2945453125 0.9608718749999999 0.30339062499999997 1 0.2845640625 1 0.13387500000000002
13 1 0.0290375 0.9697359375 0.0365859375 0.9185265625 0.0749125 0.8929218750000001 0.0365859375 0.883075 0.0365859375 0.875196875 0.0601703125 0.8574703124999999 0.04543125 0.8239890624999999 0.04543125 0.8052796875 0.079334375 0.8151265625 0.1500890625 0.8827265625 0.20601093750000002 0.9323124999999999 0.198734375 0.9520078125 0.1574609375 0.9854921875 0.1279796875 1 0.1294265625 1 0.0290375
9 1 0.4439453125 0.98943125 0.452271875 0.9677640625 0.452271875 0.93526875 0.4861734375 0.940190625 0.5023875 1 0.5088765625 1 0.4439453125
9 1 0.363346875 0.9835203124999999 0.360878125 0.958903125 0.388884375 0.9549640625 0.42131562499999997 0.9697359375 0.449321875 0.992384375 0.44784687500000003 1 0.4364484375 1 0.363346875
6 0.4732578125 0.9554796874999999 0.4796875 0.9553875 0.4796875 0.5296875 0.2623109375 0.5296875 0.22465312499999998 0.6029093750000001 0.147528125 0.5888078125 0.13440000000000002 0.750446875 0.2623953125 0.890390625 0.4732578125 0.9554796874999999
3 0.295834375 0.7029156249999999 0.3095796875 0.69253125 0.32823437499999997 0.696425 0.2987796875 0.7769140625000001 0.301725 0.788596875 0.31056093749999997 0.7898953125 0.32823437499999997 0.7457578125000001 0.32823437499999997 0.732775 0.3400171875 0.7068109375 0.3567078125 0.6951265624999999 0.3714375 0.675653125 0.3734 0.62891875 0.3704546875 0.6146390625 0.3655453125 0.6159359375 0.36358125 0.631515625 0.3518 0.6496906250000001 0.3498359375 0.6600765625 0.3439453125 0.662671875 0.3390359375 0.6769515625 0.33609062500000003 0.6730578125 0.33609062500000003 0.6574796875 0.3537640625 0.613340625 0.36358125 0.6055515625 0.3655453125 0.5847796875 0.3882734375 0.5296875 0.36424687499999997 0.5296875 0.32430781249999996 0.6418999999999999 0.316453125 0.6574796875 0.2977984375 0.6717593749999999 0.2928875 0.68344375 0.290925 0.696425 0.295834375 0.7029156249999999
3 0.2712875 0.66526875 0.26539687500000003 0.6600765625 0.26146875 0.644496875 0.2693234375 0.613340625 0.28797968749999997 0.591271875 0.312525 0.5821828124999999 0.31448906249999997 0.56660625 0.32234375000000004 0.5484296875 0.338053125 0.53025625 0.3383109375 0.5296875 0.27060625 0.5296875 0.255578125 0.5743953125 0.2496875 0.6029546875 0.25361406249999996 0.6548828125 0.2644140625 0.67435625 0.2712875 0.6730578125 0.2712875 0.66526875
13 0.2487046875 0.786 0.2496875 0.797684375 0.255578125 0.8080703124999999 0.2496875 0.8236484374999999 0.25361406249999996 0.8366312499999999 0.25165000000000004 0.865190625 0.28797968749999997 0.88985625 0.318415625 0.8885578125 0.3233265625 0.8872609375 0.3301984375 0.8755765625 0.32234375000000004 0.8574015625 0.3233265625 0.8431218749999999 0.3665265625 0.8457171875 0.3714375 0.8418234375000001 0.3694734375 0.8288421874999999 0.3567078125 0.8145609374999999 0.337071875 0.80936875 0.29190625 0.7834046875 0.2644140625 0.780809375 0.25655937500000003 0.775615625 0.24477812499999999 0.7834046875 0.2418328125 0.7872984375 0.2437953125 0.7924921875 0.2487046875 0.786
6 0.7024109375 0.7782984374999999 0.697503125 0.7519671875 0.6788515625 0.747809375 0.6847421875 0.7062359375 0.652346875 0.721478125 0.6327140625000001 0.7519671875 0.6111171875 0.7519671875 0.567925 0.7131624999999999 0.530621875 0.70485 0.51884375 0.6715875 0.48350312500000003 0.6411 0.4796875 0.6475625 0.4796875 0.768753125 0.4943015625 0.7893859375 0.4796875 0.81689375 0.4796875 0.8571875 0.48448437499999997 0.8697640625 0.4796875 0.86545625 0.4796875 0.883828125 0.5433828125 0.886396875 0.6346765624999999 0.8794671875000001 0.6552921875 0.8004749999999999 0.664128125 0.790771875 0.6857234375 0.7990875 0.7024109375 0.7782984374999999
16 0.500190625 0.7810703125 0.5286593749999999 0.7852281249999999 0.5443640624999999 0.8101734374999999 0.5659609375 0.8212609375 0.5787234375 0.8448203124999999 0.5728328125 0.8559078124999999 0.574796875 0.8642203125 0.5708703125000001 0.8780812499999999 0.573815625 0.8822390625000001 0.592465625 0.880853125 0.620934375 0.8794671875000001 0.6336953125 0.8697640625 0.6395859374999999 0.8531359374999999 0.64155 0.8281906250000001 0.6611828125 0.7921578125 0.6552921875 0.76166875 0.6503828125 0.7547390625 0.6346765624999999 0.7519671875 0.61308125 0.7547390625 0.5639968750000001 0.7103937499999999 0.540440625 0.7131624999999999 0.5374953125 0.7284078125 0.5276765625000001 0.739496875 0.5276765625000001 0.7533531250000001 0.5090265625 0.7630546875 0.500190625 0.7810703125