6 0.404421875 1 0.373215625 0.9921875 0.29779062500000003 0.9902328125000001 0.2847875 0.99609375 0.2600796875 0.9853515625 0.27438281249999996 0.974609375 0.3758140625 0.982421875 0.373215625 0.9296875 0.42523125000000006 0.953125 0.43303125 0.9667984374999999 0.43303125 0.95703125 0.455140625 0.9521484375 0.45903906250000004 0.9375 0.48505000000000004 0.9296875 0.49415 0.9306640625 0.4811484375 0.9345703125 0.48764843750000003 0.9375 0.500653125 0.9277328125000001 0.5266609375 0.93359375 0.5318625 0.921875 0.6358937499999999 0.921875 0.6332921875 0.9140625 0.5955828125 0.9091796875 0.6358937499999999 0.9042984374999999 0.6632015625000001 0.8740234375 0.6606015625 0.8623046875 0.6957125 0.857421875 0.746428125 0.8095703125 0.746428125 0.7412093750000001 0.7230203125 0.6669921875 0.7698343750000001 0.6416015625 0.806246875 0.5673828125 0.7880421875 0.5576171875 0.7646328125 0.5185546875 0.7282234375 0.4970703125 0.7282234375 0.4541015625 0.6710046875 0.44629062499999994 0.75553125 0.4375 0.7971421875 0.421875 0.8504578125 0.3876953125 0.8946734375000001 0.3291015625 0.912878125 0.2744140625 0.9154796875000001 0.217775 0.8920718750000001 0.1513671875 0.8075468750000001 0.06640625 0.7815390625 0.0722671875 0.732125 0.064453125 0.7217203125 0.0722671875 0.6007828125 0.0009765625 0.417428125 0 0.4161265625 0.0146484375 0.4226296875 0.0078125 0.42653125000000003 0.0126953125 0.4135265625 0.032225 0.4083234375 0.0966796875 0.3940203125 0.10546875 0.397921875 0.0908203125 0.3667125 0.0244140625 0.36541250000000003 0 0.0182046875 0.0009765625 0.0390125 0.0068359375 0.0429125 0.0332015625 0.0546171875 0.0068359375 0.0559171875 0.06640625 0.0702203125 0.0478515625 0.0494140625 0.1201171875 0.0494140625 0.157225 0.07282187500000001 0.2021484375 0.05981875 0.2041015625 0.067621875 0.2080078125 0.0338109375 0.2373046875 0.031209375 0.7626953125 0.0416140625 0.7783203125 0.026007812499999998 0.8095703125 0.0338109375 0.8251953125 0.031209375 0.9443359375 0.0442125 0.9638671875 0.037712499999999996 1 0.404421875 1
13 0.0442125 0.2373046875 0.0364125 0.4111328125 0.0442125 0.4384765625 0.0637203125 0.458984375 0.11313437500000001 0.482421875 0.245775 0.5332015625000001 0.3862171875 0.5390625 0.47984687499999995 0.53515625 0.5344640625 0.521484375 0.5825781250000001 0.4833984375 0.59818125 0.4521484375 0.6007828125 0.3935546875 0.5799765625 0.3603515625 0.5266609375 0.314453125 0.38101562499999997 0.23046875 0.254878125 0.1943359375 0.1599484375 0.1972671875 0.068921875 0.234375 0.0442125 0.2373046875
13 0.2938890625 0.6435546875 0.29648906249999996 0.6708984375 0.2834875 0.7021484375 0.27438281249999996 0.6972671874999999 0.26788124999999996 0.7041015625 0.2600796875 0.7314453125 0.2444734375 0.8662093750000001 0.247075 0.8759765625 0.2717828125 0.888671875 0.3342015625 0.8847671874999999 0.36281093750000004 0.875 0.3758140625 0.91015625 0.41482656249999994 0.892578125 0.5084562499999999 0.919921875 0.577375 0.8544921875 0.6033828125 0.7666015625 0.59818125 0.6748046875 0.5877796875 0.6201171875 0.5721734374999999 0.5966796875 0.51105625 0.548828125 0.457740625 0.5400390625 0.373215625 0.548828125 0.319896875 0.5927749999999999 0.2938890625 0.6435546875
13 0.3485046875 0.1435546875 0.3537078125 0.2021484375 0.48505000000000004 0.28515625 0.5123578125 0.2744140625 0.59038125 0.1611328125 0.6241921875 0.1318359375 0.5890796875000001 0.1347671875 0.560471875 0.126953125 0.59298125 0.0986328125 0.576075 0.087890625 0.546165625 0.0849609375 0.43303125 0.0937484375 0.36281093750000004 0.125 0.3485046875 0.1435546875
13 0.5227593749999999 0.5419921875 0.538365625 0.5654296875 0.59038125 0.6064453125 0.605984375 0.6787093750000001 0.6410953125 0.6992171875000001 0.667103125 0.6992171875000001 0.7139171875 0.6640625 0.747728125 0.6582015625000001 0.7672328125 0.6435546875 0.8088468750000001 0.5712906249999999 0.7880421875 0.5615234375 0.7607328125 0.515625 0.6137875 0.4560546875 0.6033828125 0.4560546875 0.5825781250000001 0.49120937500000006 0.5227593749999999 0.5419921875
14 0.2925875 0.6328125 0.3120953125 0.6005859375 0.3172984375 0.5537093750000001 0.30559375 0.54296875 0.2808859375 0.5400390625 0.234071875 0.5419921875 0.215865625 0.6103515625 0.2925875 0.6328125
3 0.18725624999999999 0.9208984375 0.25617812500000003 0.9707015625000001 0.3784140625 0.982421875 0.358909375 0.8798828125 0.321196875 0.888671875 0.24057187500000002 0.8828125 0.18725624999999999 0.9208984375
16 0.0364125 0.8369140625 0.031209375 0.9423828125 0.0494140625 0.9658203125 0.0949296875 0.9921875 0.1274375 0.9697250000000001 0.1378421875 0.9248046875 0.12223906250000001 0.8740234375 0.09623125 0.8466796875 0.088428125 0.8154296875 0.068921875 0.81640625 0.058518749999999994 0.833984375 0.0364125 0.8369140625
7 0.6124875000000001 0.90234375 0.6332921875 0.90234375 0.6527984375 0.8876953125 0.6553984374999999 0.8623046875 0.6410953125 0.8457015625000001 0.5955828125 0.8271484375 0.5799765625 0.8388671875 0.5643734375 0.8798828125 0.6124875000000001 0.90234375
13 0.0442125 0.6298828125 0.0442125 0.6513671875 0.0624203125 0.6884765625 0.052015624999999996 0.7236328125 0.0572171875 0.7666015625 0.08582656250000001 0.7978515625 0.1014296875 0.8486328125 0.12483906250000001 0.8740234375 0.135240625 0.9150390625 0.1677515625 0.919921875 0.237971875 0.8828125 0.2444734375 0.8681640625 0.23927187499999997 0.8486328125 0.149546875 0.8027328125000001 0.135240625 0.7841796875 0.156046875 0.6923828125 0.148246875 0.6220703125 0.156046875 0.5732406250000001 0.14564531249999998 0.5615234375 0.1287390625 0.5625 0.0624203125 0.6025390625 0.0442125 0.6298828125
13 0.6436968750000001 0.701171875 0.6124875000000001 0.6875 0.6033828125 0.6962906249999999 0.6085859375 0.7509765625 0.59038125 0.8173828125 0.67230625 0.861328125 0.704815625 0.8505859375 0.7490281249999999 0.8017593749999999 0.746428125 0.7431640625 0.7230203125 0.6689453125 0.711315625 0.66796875 0.664503125 0.701171875 0.6436968750000001 0.701171875
7 0.6775078125 0.3242171875 0.708715625 0.318359375 0.7308234375 0.2958984375 0.711315625 0.27734375 0.6710046875 0.2626953125 0.5825781250000001 0.282225 0.6228906249999999 0.318359375 0.6775078125 0.3242171875
13 0.0702203125 0.053709375000000004 0.052015624999999996 0.1279296875 0.052015624999999996 0.1494140625 0.081925 0.2187484375 0.10403124999999999 0.2080078125 0.1001296875 0.181640625 0.13394062499999998 0.1992171875 0.16255 0.1953125 0.1677515625 0.16015625 0.20416249999999997 0.19140625 0.248375 0.189453125 0.338103125 0.2099609375 0.34590624999999997 0.1728515625 0.3407046875 0.133790625 0.395321875 0.1025390625 0.3641109375 0.0009765625 0.10403124999999999 0.0009765625 0.0988296875 0.0205078125 0.0702203125 0.053709375000000004