6 0.23271250000000002 0 0 0.0978984375 0 0.51875 0.024175 0.51875 0.6296875 0.2134234375 0.6296875 0 0.23271250000000002 0
13 0.46362031249999996 0.1736828125 0.46362031249999996 0.16760312500000002 0.47490468750000003 0.14024375 0.4726484375 0.1311234375 0.4579765625 0.1144015625 0.4534625 0.1144015625 0.43089062499999997 0.099203125 0.3992921875 0.099203125 0.39477656250000004 0.10224375000000001 0.391390625 0.1554421875 0.40380312500000004 0.1600015625 0.4331484375 0.1812796875 0.45007656249999994 0.179759375 0.46023437500000003 0.17824062499999999 0.46362031249999996 0.1736828125
13 0.5698296875 0 0.556165625 0.046001562499999996 0.5629375 0.1037640625 0.487321875 0.1265625 0.46813593750000004 0.16152187499999998 0.4455640625 0.2284015625 0.4455640625 0.30136093750000004 0.45459062499999997 0.3074375 0.6296875 0.2055171875 0.6296875 0 0.5698296875 0
13 0.39409218749999997 0 0.3733328125 0.0338453125 0.3710765625 0.07944218750000001 0.39477656250000004 0.099203125 0.4331484375 0.099203125 0.4794203125 0.1311234375 0.49860625000000003 0.11744218749999999 0.5584234375 0.09768281250000001 0.556165625 0.07944218750000001 0.550521875 0.07184531250000001 0.526821875 0.0581640625 0.5177953125 0.0277640625 0.521915625 0 0.39409218749999997 0
12 0.116009375 0.091603125 0.120525 0.1037640625 0.1227828125 0.1250421875 0.1284265625 0.12960312499999999 0.137453125 0.1265625 0.14309687499999998 0.1311234375 0.127296875 0.1554421875 0.127296875 0.16760312500000002 0.137453125 0.17824062499999999 0.14761249999999998 0.1767203125 0.164540625 0.1660828125 0.1713125 0.1660828125 0.1735703125 0.1691234375 0.181471875 0.1645625 0.181471875 0.1037640625 0.1792140625 0.09464375 0.1746984375 0.0885625 0.1746984375 0.073365625 0.1792140625 0.06424375 0.1792140625 0.055123437500000004 0.1735703125 0.047521875000000005 0.160025 0.0444859375 0.1577703125 0.0414453125 0.1464828125 0.0414453125 0.12955468750000002 0.06424375 0.116009375 0.091603125
6 0.6296875 0 0.6296875 0.51875 1 0.51875 1 0 0.6296875 0
6 0.6296875 1 0.6296875 0.51875 0 0.51875 0 1 0.6296875 1
12 0.619515625 1 0.6296875 0.989521875 0.6296875 0.6929093749999999 0.600103125 0.654953125 0.53010625 0.63285625 0.4668828125 0.6411421875000001 0.4194640625 0.6687640625 0.3946265625 0.6991484375 0.3765625 0.6908609375 0.356240625 0.6908609375 0.3404359375 0.6991484375 0.32801718750000003 0.7198640625 0.32801718750000003 0.7447234375 0.3370484375 0.764059375 0.3528546875 0.7806328125 0.343821875 0.8303515625 0.3460796875 0.880071875 0.3573703125 0.924265625 0.3776921875 0.9684609375000001 0.40347343750000003 1 0.619515625 1
16 0.628328125 0.6646203125000001 0.6296875 0.657965625 0.6296875 0.60621875 0.612521875 0.545846875 0.6108171875 0.51875 0.5138421875 0.51875 0.531234375 0.603853125 0.531234375 0.62595 0.543653125 0.6356171875000001 0.5978453125 0.652190625 0.6192953125 0.6701453125 0.628328125 0.6646203125000001
6 1 0.51875 0.6296875 0.51875 0.6296875 0.962453125 0.8446140625 0.9602171875 0.9879453125 0.9780749999999999 1 0.9758609375 1 0.51875
13 0.8186546874999999 0.736028125 0.774640625 0.718175 0.7486828125 0.6804796875 0.7554546875 0.6606375 0.719340625 0.620959375 0.7396546875000001 0.5296953125 0.7445703124999999 0.51875 0.6296875 0.51875 0.6296875 0.9580921874999999 0.8299421875 0.9622015625 0.8457421875 0.9502953125 0.8502578125 0.9185546875 0.8231703125 0.8788750000000001 0.8186546874999999 0.736028125
16 1 0.6977156250000001 0.9777906249999999 0.7261124999999999 0.932646875 0.8213374999999999 0.8784734375 0.8213374999999999 0.8446140625 0.7935640625 0.8276859375000001 0.811421875 0.8231703125 0.8749062500000001 0.8502578125 0.8987171875 0.8581578125 0.9602171875 0.887503125 0.976090625 0.9879453125 0.9780749999999999 1 0.9759249999999999 1 0.6977156250000001
18 0.876215625 0.8134062500000001 0.9315171875000001 0.811421875 0.956346875 0.7519015625 0.956346875 0.6844484375000001 0.9078171875000001 0.62294375 0.7881859375 0.5237437500000001 0.78575 0.51875 0.7483078125 0.51875 0.7215953125000001 0.605090625 0.7215953125000001 0.6249281250000001 0.7554546875 0.6963484375 0.7678671875 0.718175 0.7881859375 0.7221437500000001 0.876215625 0.8134062500000001