6 0 0.4449875 0.0534625 0.44955 0.1583296875 0.4342484375 0.17195 0.4383296875 0.29996875 0.389365625 0.3390625 0.3450265625 0.3390625 0.140528125 0.33809999999999996 0.14047343750000002 0.3340171875 0.168015625 0.2945203125 0.1914765625 0.2754546875 0.1690359375 0.2441296875 0.16393437500000002 0.2223390625 0.139453125 0.22915000000000002 0.11803125 0.20191093750000003 0.11803125 0.16922500000000001 0.13027187499999998 0.1365390625 0.12007187500000001 0.0929578125 0.0527484375 0.0766140625 0.0547890625 0.060273437500000006 0.0751890625 0.01124375 0.09763125 0 0.0934203125 0 0.4449875
16 0.3163109375 0.30368125 0.3390625 0.31034843749999996 0.3390625 0.14038124999999999 0.3340171875 0.1414921875 0.3312921875 0.168015625 0.29043593749999996 0.20677656249999998 0.27409218750000003 0.27001875000000003 0.27409218750000003 0.27818125 0.3163109375 0.30368125
21 0.16922500000000001 0.3954875 0.21552968749999998 0.41180625 0.2359578125 0.41078593750000003 0.29860625 0.353665625 0.31495 0.3149015625 0.3095 0.29858125 0.27000625 0.27716093750000004 0.2250625 0.2945015625 0.15424374999999999 0.372025 0.16922500000000001 0.3954875
7 0 0.1393375 0.048014062499999996 0.17821562500000002 0.048014062499999996 0.1945359375 0.0752546875 0.20473593750000002 0.1133875 0.15781406250000002 0.1106625 0.149653125 0.0657203125 0.13435312500000002 0 0.0944421875 0 0.1393375
16 0.1787578125 0.3312234375 0.22778749999999998 0.282259375 0.2168921875 0.251659375 0.18556875 0.22615625 0.1460734375 0.23941875 0.1324546875 0.26798125 0.140625 0.3149015625 0.1665 0.33224375 0.1787578125 0.3312234375
17 0.1951 0.2271765625 0.23051093749999998 0.2741 0.255025 0.276140625 0.27136875 0.26798125 0.27136875 0.23941875 0.29588125 0.19249531250000002 0.27000625 0.1669953125 0.21280625 0.1669953125 0.20055 0.17209375 0.1951 0.2271765625
12 0.00988125 0.0986515625 0.0657203125 0.13435312500000002 0.11611093750000001 0.1476140625 0.1324546875 0.1251734375 0.12700625000000001 0.10273125000000001 0.10521406250000001 0.080290625 0.09976874999999999 0.05580937500000001 0.0793390625 0.0527484375 0.0629953125 0.0751890625 0.00988125 0.0986515625
6 0.8466906249999999 0.3057984375 0.8426 0.2757984375 0.7628265625 0.2703421875 0.73214375 0.248528125 0.683053125 0.26216249999999997 0.66873125 0.243071875 0.627821875 0.24034218749999997 0.6094140625 0.2157984375 0.574640625 0.21852343749999997 0.5705484375000001 0.248528125 0.5623671875 0.2321625 0.5235015625 0.2321625 0.49895781250000004 0.25125312499999997 0.44168124999999997 0.2103421875 0.42531875 0.22943281249999997 0.3394078125 0.243071875 0.3390625 0.24342031249999999 0.3390625 0.45 0.8994234375 0.45 0.9233968750000001 0.378071875 0.8927140625 0.3671625 0.9008968749999999 0.353528125 0.8855562499999999 0.3194375 0.8466906249999999 0.3057984375
6 0.3390625 1 0.3390625 0.45 0 0.45 0 1 0.3100984375 1 0.232209375 0.9635125 0.3305125 1 0.3390625 1
3 0.17999218749999998 0.768303125 0.1861375 0.784684375 0.20251562500000003 0.7764953125 0.24756406250000002 0.8338296875 0.3390625 0.8597078125 0.3390625 0.81718125 0.33766093750000004 0.8174468750000001 0.3089921875 0.801065625 0.25677812499999997 0.709603125 0.25677812499999997 0.6686515625 0.275209375 0.6277 0.2711125 0.5812859375 0.2946609375 0.5744640624999999 0.32127812499999997 0.5417 0.3390625 0.5417 0.3390625 0.45 0.14625 0.45 0.14620625 0.45023749999999996 0.08887500000000001 0.5812859375 0.095015625 0.6904953125 0.1226609375 0.7355437499999999 0.17999218749999998 0.768303125
3 0.316459375 1 0.26394687499999997 0.9730656249999999 0.25677812499999997 0.97443125 0.26292343749999997 0.982625 0.257803125 0.989446875 0.25063749999999996 0.97443125 0.2434671875 0.9703406250000001 0.24039843749999998 0.97443125 0.25472968749999997 0.9908125 0.2526859375 0.996275 0.255478125 1 0.316459375 1
15 0.13285625 1 0.064303125 0.8051625 0.055089062499999994 0.792878125 0.042803125 0.792878125 0.0397296875 0.8051625 0.049967187499999996 0.8379265625000001 0.10320625000000001 0.9771625 0.10962968749999999 1 0.13285625 1
6 1 0.45 0.506453125 0.45 0.4789609375 0.467090625 0.4534890625 0.49663593749999996 0.46164062499999997 0.527203125 0.468771875 0.524146875 0.47386718749999995 0.5312796875 0.4412625 0.55573125 0.4269984375 0.608715625 0.4066203125 0.622978125 0.3821671875 0.7106015625000001 0.38013125 0.75135625 0.3679046875 0.7819234374999999 0.35567812499999996 0.861396875 0.364846875 0.8685281249999999 0.369940625 0.863434375 0.3740171875 0.83694375 0.3974515625 0.811471875 0.40458437500000005 0.8247171874999999 0.38828125 0.8410187499999999 0.39337656249999997 0.854265625 0.43616875000000005 0.854265625 0.4371875 0.8430562500000001 0.4504328125 0.8400000000000001 0.4565453125 0.825734375 0.4677546875 0.8287921875 0.46979218749999996 0.8552828124999999 0.47590468750000003 0.8593578125000001 0.44839531250000003 0.8766796875 0.40865937499999994 0.9245671874999999 0.411715625 0.9418890624999999 0.42801718749999995 0.9255859375 0.4830375 0.9052078124999999 0.5136046875 0.8787171875 0.5523203125 0.89705625 0.611415625 0.9011328125 0.6205859375 0.9204921875000001 0.6241203125 1 0.6400609375 1 0.6368875 0.971434375 0.6368875 0.93679375 0.6419828125 0.9296609374999999 0.6664359375 0.9317 0.6766234375 0.954115625 0.6827375 0.9439249999999999 0.703115625 0.9418890624999999 0.7173796875 0.9194734375 0.7265484375 0.9510578125 0.7438703125 0.964303125 0.7723984374999999 0.9744921874999999 0.853909375 0.98264375 0.8722484375 0.964303125 0.8967031249999999 0.964303125 0.9639484375 0.9235484375 1 0.914534375 1 0.45