6 0 0 0 0.609375 0.45 0.609375 0.45 0.1055859375 0.42123437499999994 0.112909375 0.40777656249999994 0.1553453125 0.40984687500000005 0.166415625 0.40053124999999995 0.1645703125 0.390178125 0.1830203125 0.385003125 0.1479640625 0.3601578125 0.107375 0.3601578125 0.0704734375 0.3467 0.05386875 0.3322078125 0.05386875 0.32392656249999996 0.0649390625 0.31564375 0.05386875 0.30322187500000003 0.061248437499999996 0.2939046875 0.02619375 0.295975 0.007743750000000001 0.2920453125 0 0.264003125 0 0.2659546875 0.0243484375 0.24318125 0.0243484375 0.232828125 0.016968749999999998 0.22040625 0.0206578125 0.21499687500000003 0 0 0
13 0.40570625 0.457928125 0.3963890625 0.485603125 0.38396718750000003 0.485603125 0.350840625 0.4597734375 0.32806718749999997 0.430253125 0.3177140625 0.4339421875 0.28769374999999997 0.4874484375 0.28769374999999997 0.513278125 0.28355312499999996 0.5280390625 0.2804484375 0.5335734375000001 0.2783765625 0.52619375 0.2732015625 0.539109375 0.2732015625 0.5575593750000001 0.28483125 0.609375 0.3161234375 0.609375 0.31460937499999997 0.5796984375 0.325996875 0.5557140625 0.342559375 0.5520234375 0.345665625 0.5686296875 0.3332421875 0.594459375 0.3391015625 0.609375 0.4246890625 0.609375 0.4388328125 0.5612484375 0.440903125 0.51696875 0.42641093750000003 0.4874484375 0.4202 0.43209687499999994 0.40777656249999994 0.41733750000000003 0.40570625 0.457928125
17 0.261234375 0 0.2607796875 0.0040531249999999994 0.26492031250000003 0.02619375 0.275271875 0.0372640625 0.2908 0.0833890625 0.3042578125 0.08892343750000001 0.2980453125 0.007743750000000001 0.29452968749999997 0 0.261234375 0
13 0 0 0 0.3507546875 0.016471875 0.32139687499999997 0.05166875 0.22545625 0.0578796875 0.199625 0.0578796875 0.177484375 0.0661625 0.159034375 0.070303125 0.09999375 0.0599515625 0.08154375 0.06823281249999999 0.059403125 0.0723734375 0.022503125 0.082725 0.0040531249999999994 0.082725 0 0 0
3 0.1758921875 0.302946875 0.18106875 0.3158609375 0.20487812500000002 0.32508593750000003 0.25146250000000003 0.312171875 0.25663749999999996 0.302946875 0.26285 0.23283593749999998 0.25560312500000004 0.2199203125 0.18831562500000001 0.21807500000000002 0.1758921875 0.302946875
3 0.3798265625 0.3785921875 0.3487703125 0.3564515625 0.33841875 0.36014218750000004 0.32703125 0.3878171875 0.331171875 0.4357875 0.3798265625 0.48191249999999997 0.39535468749999997 0.48375781250000005 0.40570625 0.45423749999999996 0.40570625 0.42102812500000003 0.40156562500000004 0.4062671875 0.3798265625 0.3785921875
13 0.3767203125 0.159034375 0.37050937500000003 0.1368953125 0.36119375 0.12397968749999999 0.3487703125 0.1166 0.3363484375 0.1202890625 0.3291015625 0.1332046875 0.3291015625 0.199625 0.3332421875 0.2106953125 0.3332421875 0.23283593749999998 0.3446296875 0.25313125 0.3767203125 0.2844953125 0.3829328125 0.22914531249999998 0.3767203125 0.159034375
0 0.45 0 0.45 0.609375 1 0.609375 1 0 0.45 0
12 0.506828125 0.0123796875 0.5040671875 0.01445 0.5040671875 0.02273125 0.506828125 0.0248015625 0.506828125 0.02894375 0.5137296874999999 0.034118749999999996 0.516490625 0.034118749999999996 0.5192515625 0.0361890625 0.5330578125 0.0361890625 0.5344375 0.0351546875 0.53581875 0.034118749999999996 0.5385796875 0.034118749999999996 0.54548125 0.02894375 0.54548125 0.026873437500000003 0.5482421875 0.0248015625 0.5482421875 0.0123796875 0.5385796875 0.0051328125 0.53581875 0.0051328125 0.5330578125 0.0030625 0.5192515625 0.0030625 0.516490625 0.0051328125 0.5137296874999999 0.0051328125 0.506828125 0.010309374999999999 0.506828125 0.0123796875
6 0.45 1 0.45 0.609375 0 0.609375 0 1 0.45 1
16 0 0.7402 0.015482812500000002 0.7441359375000001 0.07479843750000001 0.7139593750000001 0.18301875 0.7202015625 0.192384375 0.6921078125 0.11954374999999999 0.6213453125 0.11478437500000001 0.609375 0 0.609375 0 0.7402
6 0.5662234374999999 1 0.5826718750000001 0.9902421875 0.5878484375 0.9736593750000001 0.585778125 0.9294375 0.5774953125 0.914696875 0.5774953125 0.8852156250000001 0.5712843750000001 0.8852156250000001 0.5733546875 0.8520484375 0.5692140625000001 0.7930859375 0.5588609375 0.737809375 0.5547203125 0.7304390625 0.5547203125 0.6935875 0.5433328125 0.6733203125 0.53815625 0.6714765625 0.53815625 0.64568125 0.5422984375000001 0.6383109375 0.5278046875 0.619884375 0.5294921875 0.609375 0.4880171875 0.609375 0.4863953125 0.70464375 0.49467812499999997 0.708328125 0.4926078125 0.7120140625 0.49881875000000003 0.7304390625 0.48743125000000004 0.73228125 0.4853609375 0.7396515625 0.471903125 0.7267546874999999 0.46879687499999995 0.6733203125 0.456375 0.6733203125 0.45223281249999997 0.651209375 0.45 0.6492218750000001 0.45 1 0.5662234374999999 1
6 1 0.756453125 0.9998671874999999 0.7562359375 0.997796875 0.737809375 0.9895156249999999 0.7304390625 0.9874453125 0.7156984375000001 0.98226875 0.7064859375 0.9667406250000001 0.70464375 0.9646703125 0.6751625 0.9501765625 0.6530515625 0.9501765625 0.6125140625000001 0.9491968749999999 0.609375 0.6170859375 0.609375 0.616834375 0.6125140625000001 0.6064812500000001 0.619884375 0.6085515625 0.630940625 0.5982000000000001 0.649365625 0.594059375 0.6677921875 0.5878484375 0.6677921875 0.585778125 0.785715625 0.58991875 0.815196875 0.5930234375000001 0.820725 0.5992359375 0.817040625 0.6054468749999999 0.8428359375 0.613728125 0.8428359375 0.6240812499999999 0.8538921875 0.6271859375 0.8704750000000001 0.6447859375 0.8981125000000001 0.6799828125 0.912853125 0.7338140625 0.9091687500000001 0.773153125 0.92759375 0.8083515625000001 0.9349640625 0.8166328125 0.9312796875 0.82284375 0.93865 0.855971875 0.93865 0.8725343750000001 0.92759375 0.8808171874999999 0.9423343750000001 0.9077328124999999 0.9423343750000001 0.9077328124999999 0.9349640625 0.918084375 0.9423343750000001 0.94810625 0.9404921875 0.9719171875000001 0.92759375 1 0.9244703124999999 1 0.756453125
17 0.5661078125000001 0.8870578124999999 0.5774953125 0.8667890625 0.5433328125 0.8428359375 0.5464390625 0.874159375 0.53298125 0.8907421875000001 0.522628125 0.8907421875000001 0.502959375 0.8631046874999999 0.5019234375 0.8391515625 0.48743125000000004 0.846521875 0.47604375 0.8667890625 0.483290625 0.8796875 0.5267703125 0.912853125 0.53815625 0.9110109375000001 0.5661078125000001 0.8870578124999999
13 0.56255 1 0.5826718750000001 0.9828718750000001 0.585778125 0.9699734375 0.5702484375 0.9644453125 0.5578265625000001 0.9497046875 0.5391921875000001 0.9533906249999999 0.529875 0.9662890624999999 0.536853125 1 0.56255 1
13 0.6002703125 0.7930859375 0.602340625 0.8188828125000001 0.6075171874999999 0.8280953125 0.6427140625 0.864946875 0.6509968749999999 0.864946875 0.6541015625 0.8704750000000001 0.6509968749999999 0.8907421875000001 0.6717015625 0.8833718749999999 0.6944765625 0.8870578124999999 0.7027578125 0.9017984374999999 0.735884375 0.9017984374999999 0.7400265625 0.8944281249999999 0.7483078125 0.9017984374999999 0.7514140625 0.8852156250000001 0.7441671875 0.8760031250000001 0.7690125 0.8723171875 0.7721171874999999 0.8778453125000001 0.76590625 0.8925859375 0.76590625 0.9036406250000001 0.7586593749999999 0.912853125 0.781434375 0.912853125 0.7866109375 0.9036406250000001 0.787646875 0.8907421875000001 0.8042093749999999 0.8870578124999999 0.8135265625000001 0.8925859375 0.8207734375 0.9202234375 0.8300906250000001 0.9220671875 0.8363015624999999 0.914696875 0.8404421875000001 0.8557343749999999 0.8466546875000001 0.8299375 0.852865625 0.7709765625 0.852865625 0.70464375 0.8425125 0.6677921875 0.8404421875000001 0.6419953125 0.833196875 0.621728125 0.8187031250000001 0.610671875 0.8062796875 0.6143578125 0.799034375 0.634625 0.7793640625 0.66595 0.7607296875 0.6585796875 0.7565890625 0.6475234375000001 0.73795625 0.6622640625 0.7296734375 0.6622640625 0.724496875 0.64568125 0.730709375 0.634625 0.7172515625 0.6290984374999999 0.7048281249999999 0.6327828125 0.7006875 0.610671875 0.697771875 0.609375 0.6194531249999999 0.609375 0.6189046874999999 0.6162 0.6147640625 0.630940625 0.6002703125 0.649365625 0.5919890624999999 0.6935875 0.5919890624999999 0.7599203125 0.6002703125 0.7930859375
18 0.9418953125 0.66410625 0.94810625 0.6530515625 0.9501765625 0.634625 0.9501765625 0.609375 0.861146875 0.609375 0.861146875 0.6235703125 0.8704640625 0.6438390625 0.8953093750000001 0.6585796875 0.909803125 0.65489375 0.9201546875 0.66595 0.9418953125 0.66410625
13 0.8828875 0.6475234375000001 0.876675 0.6475234375000001 0.8570062500000001 0.6899031250000001 0.8580421875 0.6954296875 0.9377546875 0.7009578125 0.9418953125 0.6972734375 0.9387890625 0.6917453124999999 0.9118734375 0.66595 0.8973796875 0.6622640625 0.8828875 0.6475234375000001
17 1 0.761253125 0.99055 0.747021875 0.9874453125 0.75255 0.9874453125 0.778346875 0.9915859375 0.785715625 0.985375 0.7930859375 0.9812328125 0.815196875 0.9791624999999999 0.91838125 0.9843390624999999 0.92759375 1 0.9259546875 1 0.761253125