6 0.1596796875 0 0.14210781249999999 0.123009375 0.094196875 0.11784375 0.0382453125 0.46851562500000005 0.05919375 0.7251562500000001 0.15593437500000001 0.7752671875 0.225446875 0.839534375 0.36674531250000003 0.8806875 0.4825921875 0.8709109375 0.5892515625 0.8416921875 0.5806328125 0.894359375 0.6763453125 0.924078125 0.7775453125 0.8992015625 0.8355546875 0.9251734375 0.9085546875 0.8955093749999999 0.942759375 0.8178515624999999 0.9415453125000001 0.81811875 0.9406375 0.8167484375 0.9692421875000001 0.8193546875 0.99408125 0.834721875 1 0.802859375 1 0.3137875 0.9728421875000001 0.2925421875 0.9524421875 0.2520171875 0.94095 0.1885953125 0.8268546875 0.1325625 0.75314375 0.172328125 0.6997890625000001 0.133815625 0.6669328125 0.1415671875 0.515009375 0.12630625 0.36642031249999996 0.11187812500000001 0.2292515625 0.1048875 0.2359625 0 0.1596796875 0
16 0.668121875 0.3845 0.655075 0.36241249999999997 0.619321875 0.359384375 0.60513125 0.33799999999999997 0.5709640625 0.31556562499999996 0.3476765625 0.279365625 0.32093125 0.30929843749999997 0.3116109375 0.370340625 0.3766234375 0.4005109375 0.55004375 0.439059375 0.613503125 0.42328593750000004 0.6576734375 0.4244625 0.668121875 0.3845
16 1 0.3558375 0.9761953125 0.3498671875 0.9659359375 0.3562078125 0.9692500000000001 0.3926890625 0.9580125 0.4314640625 0.979378125 0.4685125 0.98093125 0.5144562500000001 1 0.5369937499999999 1 0.3558375
3 0.8025921874999999 0.3231578125 0.8434421875 0.3096359375 0.9220140625000001 0.2124890625 0.8765546875 0.158503125 0.821703125 0.1388015625 0.798825 0.1479171875 0.74599375 0.2911359375 0.7593921875 0.31133125 0.8025921874999999 0.3231578125
3 0.336565625 0.415221875 0.29748593749999996 0.3974984375 0.206528125 0.3766640625 0.188728125 0.391015625 0.1908171875 0.42322812499999996 0.1646453125 0.531540625 0.1830390625 0.5519984375 0.181803125 0.5695140624999999 0.156890625 0.61674375 0.1738046875 0.6180140625 0.211125 0.6452 0.2295296875 0.643875 0.2746484375 0.67796875 0.36275625 0.44258749999999997 0.336565625 0.415221875
3 0.6597109375 0.2071046875 0.5188078125 0.1618578125 0.44273749999999995 0.158625 0.4039046875 0.1776015625 0.37601874999999996 0.208240625 0.375134375 0.2238640625 0.3923890625 0.24502656250000002 0.45564687499999995 0.2846609375 0.6045265625 0.324975 0.7089078125 0.3224359375 0.7416046875 0.3038984375 0.7419687500000001 0.280225 0.6597109375 0.2071046875
3 0.42453906249999995 0.7997421874999999 0.37353125 0.8027921875 0.3128734375 0.8252109375 0.2743171875 0.815540625 0.24049843750000002 0.7912109375 0.21324375 0.7913078125 0.239603125 0.8286203125 0.30295625 0.8514406250000001 0.42660468749999997 0.875525 0.49356718749999995 0.8626109375000001 0.5835046875 0.8237703125 0.64075625 0.781684375 0.6821453125 0.73264375 0.7021609375 0.6683453125 0.6927140625 0.632303125 0.67230625 0.6063875000000001 0.6390125 0.5901156249999999 0.5768609375 0.6151296875 0.5580953125 0.6401296875 0.5579031249999999 0.6737546875 0.5750625 0.7117281249999999 0.49062968749999997 0.78066875 0.4480359375 0.7818671875 0.42453906249999995 0.7997421874999999
21 1 0.6169078125 0.9123390625000001 0.633915625 0.8961796874999999 0.699184375 0.906340625 0.7096546874999999 0.9019421875000001 0.7442015625 0.9143812499999999 0.7532640625 1 0.741621875 1 0.6169078125
14 0.190690625 0.326146875 0.169228125 0.30590937500000004 0.055900000000000005 0.3240265625 0.035825 0.4388828125 0.04040625 0.4949890625 0.043809375 0.49231718750000003 0.06694375 0.49812031250000005 0.075696875 0.5161609375 0.12144375 0.5197140625000001 0.16904375 0.496990625 0.18590625 0.42793906249999997 0.177684375 0.39616562499999997 0.190690625 0.326146875
3 0.0608078125 0.49856249999999996 0.0427546875 0.49799531249999995 0.040775 0.499515625 0.0576578125 0.7063296875 0.153225 0.7614 0.2123703125 0.7851453125 0.23182968750000002 0.77814375 0.276746875 0.6884 0.19395625 0.6290109375 0.16487968749999998 0.5900265625000001 0.0902375 0.5356546875 0.0608078125 0.49856249999999996
17 0.42258125 0.50611875 0.37515156250000004 0.5387859374999999 0.373565625 0.5581953125 0.45340781249999995 0.5574250000000001 0.53801875 0.4766453125 0.475528125 0.48176874999999997 0.42258125 0.50611875
3 0.7770984375000001 0.8297453125 0.798625 0.898525 0.8163171874999999 0.92276875 0.884515625 0.8923390625 0.9034640625 0.8554984375 0.897490625 0.708425 0.8121328125 0.700878125 0.7725953125 0.7236421875 0.7643078125 0.822575 0.7770984375000001 0.8297453125
3 0.7710140625 0.2053125 0.7427984375000001 0.1942765625 0.685209375 0.216471875 0.6966796875 0.2361828125 0.7437265625 0.2707609375 0.7710140625 0.2053125
3 0.8870250000000001 0.2542171875 0.8465921875 0.3143875 0.8156515625 0.3234625 0.7428296875 0.3081671875 0.7356281250000001 0.336071875 0.7427234375 0.3467625 0.8321937500000001 0.37019531250000004 0.8610234374999999 0.3724765625 0.91283125 0.348828125 0.938446875 0.29781562500000003 0.9252296875000001 0.26578124999999997 0.8870250000000001 0.2542171875