6 0 0 0 0.4 0.33266249999999997 0.4 0.3882953125 0.30432031249999997 0.36158125 0.2656328125 0.21418750000000003 0.14818437499999998 0.21602968749999998 0.0984421875 0.175496875 0.025209375 0.1183828125 0.043171875 0.0925890625 0.041790625 0.0870609375 0.044553125 0.0229640625 0 0 0
14 0.153134375 0.4 0.3101625 0.4 0.31108125000000003 0.3820890625 0.2922234375 0.3149078125 0.28161562500000004 0.3025328125 0.21561406249999998 0.3025328125 0.1696484375 0.3679453125 0.153134375 0.4
14 0.083609375 0.178778125 0.09068125 0.178778125 0.1095390625 0.20706562499999998 0.1319328125 0.2088328125 0.173184375 0.1752421875 0.1873265625 0.17170625 0.2167921875 0.1310453125 0.21915 0.113365625 0.2073640625 0.07447187499999999 0.1778984375 0.0302734375 0.1566828125 0.0302734375 0.114253125 0.055025000000000004 0.0965734375 0.0780078125 0.08950312499999999 0.10629375 0.07300156249999999 0.1239734375 0.07771718749999999 0.13811562500000002 0.07300156249999999 0.1628671875 0.083609375 0.178778125
16 0.03764375 0.31844375 0.0400015625 0.3467296875 0.051490625 0.4 0.1490515625 0.4 0.150790625 0.39623125 0.1413609375 0.3007640625 0.11896718749999999 0.260103125 0.069465625 0.2388875 0.0423578125 0.2936921875 0.03764375 0.31844375
16 0 0.34469531249999996 0.0046421875000000005 0.35026562499999997 0.0329296875 0.32551562500000003 0.047071875 0.272478125 0.0411796875 0.2565671875 0.0176078125 0.231815625 0 0.2423796875 0 0.34469531249999996
14 0.24979374999999998 0.24772656249999997 0.2321140625 0.22120781250000002 0.1826125 0.178778125 0.173184375 0.178778125 0.1342890625 0.21236875 0.122503125 0.258334375 0.1401828125 0.28838906249999996 0.18025625 0.3272828125 0.1908625 0.3290515625 0.2179703125 0.298996875 0.24625781249999998 0.2954609375 0.24979374999999998 0.24772656249999997
14 0.3240453125 0.38385625 0.334653125 0.385625 0.3770828125 0.31137187499999996 0.3770828125 0.2936921875 0.3664765625 0.2742453125 0.33583124999999997 0.24595937499999998 0.2981171875 0.21413593749999998 0.2910453125 0.21767187500000001 0.259221875 0.26540625 0.25215 0.29015625 0.26747187499999997 0.3025328125 0.2886875 0.2742453125 0.30165156249999997 0.3078359375 0.2992953125 0.3467296875 0.304009375 0.3608734375 0.3240453125 0.38385625
16 0 0.1916390625 0.0046421875000000005 0.22297656250000003 0.04589375 0.260103125 0.054143750000000004 0.258334375 0.0517875 0.24772656249999997 0.062393750000000005 0.2353515625 0.1166109375 0.25303125 0.12721875 0.219440625 0.10010937499999999 0.20352968749999997 0.07535937499999999 0.1699390625 0.069465625 0.14695625 0.04589375 0.14695625 0.029393750000000003 0.164634375 0.0176078125 0.1610984375 0 0.19103125 0 0.1916390625
6 0.409375 0 0.409375 0.4 1 0.4 1 0 0.9888046875000001 0 0.9789890625 0.0310140625 0.9813421874999999 0.04361875 0.9707531250000001 0.041517187500000004 0.9589890625 0.06252656250000001 0.95310625 0.0226109375 0.93929375 0 0.409375 0
13 0.457815625 0 0.444871875 0.098240625 0.4378125 0.29572031249999997 0.4460484375 0.3146265625 0.470753125 0.3125265625 0.490753125 0.29782031249999996 0.5342828125 0.2200890625 0.5742828125 0.1108453125 0.5813421875 0.081434375 0.5813421875 0.056223437499999994 0.590753125 0.035215625 0.59321875 0 0.457815625 0
3 0.715459375 0.19908125000000002 0.7213421875 0.21378750000000002 0.7484 0.224290625 0.8013421875000001 0.209584375 0.8072250000000001 0.19908125000000002 0.8142828124999999 0.1192484375 0.8060484375 0.10454375 0.7295765624999999 0.1024421875 0.715459375 0.19908125000000002
3 0.900165625 0.26420625000000003 0.8872249999999999 0.29572031249999997 0.8919296875 0.35034062499999996 0.9442109375 0.4 0.9666078125 0.4 0.9766359375 0.37134999999999996 0.9766359375 0.333534375 0.9719296875 0.31672812499999997 0.9472250000000001 0.28521562500000003 0.9119296875 0.2600046875 0.900165625 0.26420625000000003
13 0.8928265625 0 0.8895765625 0.005803125 0.8895765625 0.081434375 0.8942828125 0.0940390625 0.8942828125 0.1192484375 0.9072250000000001 0.14235781249999999 0.9436953125 0.178071875 0.950753125 0.11504687499999999 0.9436953125 0.035215625 0.9366359375 0.0100046875 0.9294328125 0 0.8928265625 0
6 0.37334999999999996 0.610821875 0.409375 0.6047374999999999 0.409375 0.4 0.0089734375 0.4 0.07307812500000001 0.43285156249999995 0.11780312500000001 0.5283218749999999 0.18296718750000002 0.5742859375 0.2826296875 0.6072859375 0.37334999999999996 0.610821875
22 0.386125 0.6084671875 0.409375 0.6060828125 0.409375 0.4 0.0094125 0.4 0.0679671875 0.43285156249999995 0.112690625 0.5212484374999999 0.18041093749999998 0.571928125 0.2570734375 0.602571875 0.386125 0.6084671875
6 1 0.42331250000000004 0.85386875 0.4 0.409375 0.4 0.409375 0.9407062500000001 0.6129203125 0.9717109374999999 1 0.9311390625 1 0.42331250000000004