6 0.1436640625 0 0.10380937500000001 0.024084374999999998 0.171065625 0.16330781249999998 0.264475 0.22284375 0.2022015625 0.29062343749999997 0.0801453125 0.3364203125 0.007909375 0.388628125 0.06644531249999999 0.40969531249999996 0.10629999999999999 0.4738109375 0.153628125 0.5095328125 0.1972203125 0.576396875 0.2320921875 0.613034375 0.30308437499999996 0.5736484374999999 0.3653578125 0.5718171875 0.291875 0.6725703125 0.29062968749999996 0.7275265625 0.339203125 0.7595859375 0.43510312500000003 0.7348546875 0.4612578125 0.776071875 0.3952484375 0.8154578125 0.3653578125 0.875909375 0.41268593750000004 0.9354453125 0.5110765625 0.9326984375 0.5895421875 0.88506875 0.788815625 0.764165625 0.8625078125 0.6276703125 0.8211984375 0.3638984375 0.6991421875 0.1285015625 0.529759375 0.0854515625 0.40023125000000004 0.10102343750000001 0.30308437499999996 0.014924999999999999 0.1436640625 0
3 0.814040625 0.583984375 0.7967765625000001 0.5947265625 0.7914656250000001 0.6025390625 0.7967765625000001 0.6162109375 0.8220078125000001 0.62890625 0.8459109375 0.62890625 0.861846875 0.615234375 0.863175 0.5986328125 0.8578625000000001 0.5908203125 0.8485671874999999 0.583984375 0.8352875 0.580078125 0.814040625 0.583984375
3 0.739675 0.6015625 0.7263953125 0.6015625 0.705146875 0.609375 0.6971796875 0.609375 0.687884375 0.6181640625 0.687884375 0.6259765625 0.7011640625 0.6357421875 0.7197546874999999 0.6689453125 0.7290515625 0.673828125 0.7370187500000001 0.673828125 0.7502984374999999 0.671875 0.760921875 0.666015625 0.76225 0.6513671875 0.7542828125 0.6318359375 0.7569375 0.6123046875 0.7542828125 0.6083984375 0.739675 0.6015625
3 0.7449859375 0.533203125 0.7436578125 0.5244140625 0.7370187500000001 0.5234375 0.7356906249999999 0.5283203125 0.76225 0.5673828125 0.7516265625 0.5615234375 0.7370187500000001 0.54296875 0.7197546874999999 0.5791015625 0.7224109375000001 0.5888671875 0.74233125 0.595703125 0.758265625 0.595703125 0.76490625 0.5908203125 0.783496875 0.5615234375 0.7994328125 0.5498046875 0.8034171875 0.54296875 0.8047453125 0.5380859375 0.7821687500000001 0.525390625 0.760921875 0.521484375 0.7502984374999999 0.533203125 0.7449859375 0.533203125
3 0.6414046875 0.654296875 0.637421875 0.6650390625 0.6453890624999999 0.6728515625 0.6453890624999999 0.6806640625 0.637421875 0.7119140625 0.6467171875 0.716796875 0.6679640625000001 0.71875 0.6892125 0.712890625 0.7024921875000001 0.705078125 0.7038203125 0.6982421875 0.690540625 0.6865234375 0.679915625 0.6630859375 0.659996875 0.654296875 0.6414046875 0.654296875
3 0.377140625 0.5947265625 0.3864375 0.6015625 0.4156515625 0.6015625 0.4448671875 0.607421875 0.4661140625 0.591796875 0.4674421875 0.5869140625 0.4475234375 0.5625 0.38378125 0.57421875 0.377140625 0.5810546875 0.377140625 0.5947265625
3 0.45416249999999997 0.6005859375 0.4461953125 0.6181640625 0.4461953125 0.6357421875 0.45017968750000004 0.638671875 0.4634578125 0.640625 0.4647859375 0.6337890625 0.47142656250000003 0.630859375 0.503296875 0.6328125 0.504625 0.6201171875 0.4940015625 0.6025390625 0.48470625 0.595703125 0.47142656250000003 0.59375 0.45416249999999997 0.6005859375
3 0.19919375 0.1064453125 0.20185 0.1201171875 0.224425 0.13671875 0.2430171875 0.1328125 0.250984375 0.123046875 0.2523125 0.1123046875 0.24168906250000002 0.0947265625 0.2297375 0.087890625 0.21645781249999999 0.087890625 0.19919375 0.1064453125
3 0.1699796875 0.0615234375 0.1885703125 0.1025390625 0.197865625 0.10546875 0.2138015625 0.08984375 0.2151296875 0.0791015625 0.2071625 0.0673828125 0.1898984375 0.056640625 0.1739625 0.056640625 0.1699796875 0.0615234375
3 0.41166875 0.1708984375 0.4129953125 0.189453125 0.43424375 0.193359375 0.4448671875 0.201171875 0.45549062500000004 0.201171875 0.47142656250000003 0.19140625 0.4727546875 0.1884765625 0.44221093749999996 0.162109375 0.42096406249999996 0.16015625 0.41697968750000003 0.1630859375 0.41166875 0.1708984375
3 0.0942859375 0.43359375 0.1102203125 0.44140625 0.12350000000000001 0.439453125 0.1394359375 0.44140625 0.150059375 0.416015625 0.1341234375 0.408203125 0.0916296875 0.3984375 0.079678125 0.4130859375 0.082334375 0.4326171875 0.0942859375 0.43359375
16 0.3160546875 0.2783203125 0.32136718750000004 0.2880859375 0.331990625 0.2958984375 0.331990625 0.2998046875 0.32800625 0.30078125 0.30808749999999996 0.2783203125 0.2934796875 0.271484375 0.28285625 0.271484375 0.24567343749999998 0.2578125 0.23239375 0.2578125 0.22309687500000003 0.2626953125 0.2151296875 0.2802734375 0.22708124999999998 0.29296875 0.2802 0.30859375 0.298790625 0.322265625 0.3120703125 0.326171875 0.32535 0.326171875 0.33331875 0.322265625 0.349253125 0.322265625 0.354565625 0.326171875 0.36784531249999997 0.32421875 0.3691734375 0.3095703125 0.3532375 0.3056640625 0.33331875 0.279296875 0.32003906249999997 0.275390625 0.3160546875 0.2783203125
16 0.05444687499999999 0.37109375 0.046478124999999995 0.37109375 0.038510937499999995 0.37890625 0.029215625000000002 0.3818359375 0.0331984375 0.388671875 0.05444687499999999 0.388671875 0.07835 0.3984375 0.1155328125 0.396484375 0.1394359375 0.3984375 0.150059375 0.396484375 0.15802812500000002 0.388671875 0.15935468749999998 0.3740234375 0.1420921875 0.36328125 0.107565625 0.365234375 0.0730375 0.361328125 0.05444687499999999 0.37109375
16 0.324021875 0.6591796875 0.30543125 0.6748046875 0.302775 0.6982421875 0.2974640625 0.7001953125 0.2948078125 0.7060546875 0.2974640625 0.7138671875 0.309415625 0.716796875 0.3226953125 0.70703125 0.354565625 0.6953125 0.41432343749999995 0.6376953125 0.4183078125 0.626953125 0.4196359375 0.6142578125 0.4129953125 0.609375 0.3970609375 0.603515625 0.3731578125 0.60546875 0.324021875 0.6591796875
17 0.32667812500000004 0.0634765625 0.31339843749999996 0.0400390625 0.2974640625 0.0302734375 0.2921515625 0.0205078125 0.28285625 0.015625 0.2748875 0.017578125 0.24168906250000002 0.0419921875 0.24965625 0.0751953125 0.258953125 0.083984375 0.2695765625 0.0859375 0.27621562499999996 0.0908203125 0.273559375 0.1025390625 0.27754375 0.107421875 0.2855125 0.10546875 0.306759375 0.08984375 0.33066249999999997 0.087890625 0.33066249999999997 0.07421875 0.273559375 0.0576171875 0.27754375 0.0546875 0.3120703125 0.064453125 0.32667812500000004 0.0634765625
17 0.47939375 0.08203125 0.478065625 0.0908203125 0.486034375 0.1083984375 0.4634578125 0.119140625 0.452834375 0.119140625 0.44885156249999997 0.1162109375 0.43689999999999996 0.099609375 0.4249484375 0.1064453125 0.4196359375 0.1142578125 0.4196359375 0.1240234375 0.43291562499999997 0.1416015625 0.43291562499999997 0.1474609375 0.45416249999999997 0.1728515625 0.47939375 0.19140625 0.4873625 0.185546875 0.508609375 0.1953125 0.5272 0.2109375 0.5325124999999999 0.2109375 0.5444640625 0.1904296875 0.556415625 0.1796875 0.55774375 0.1708984375 0.5497765625000001 0.1611328125 0.5139218750000001 0.0859375 0.4900171875 0.080078125 0.47939375 0.08203125
17 0.39971718749999996 0.2578125 0.3890921875 0.26953125 0.36784531249999997 0.27734375 0.36386093750000004 0.2822265625 0.3718296875 0.2919921875 0.382453125 0.2978515625 0.3691734375 0.3095703125 0.3864375 0.333984375 0.3970609375 0.33203125 0.42096406249999996 0.31640625 0.458146875 0.302734375 0.45150625 0.2822265625 0.4315875 0.2578125 0.42096406249999996 0.2578125 0.405028125 0.263671875 0.39971718749999996 0.2578125
17 0.5550875 0.3056640625 0.55774375 0.3173828125 0.5657109375 0.3291015625 0.5710234375 0.3310546875 0.586959375 0.3583984375 0.586959375 0.3642578125 0.5962546875 0.373046875 0.6440609375 0.361328125 0.6785890625000001 0.345703125 0.6666359374999999 0.3134765625 0.6440609375 0.279296875 0.6175015625 0.287109375 0.6015671874999999 0.296875 0.5550875 0.3056640625
17 0.46213125 0.4677734375 0.46213125 0.4736328125 0.478065625 0.4990234375 0.49532968750000006 0.515625 0.5192328125000001 0.51953125 0.5431359375 0.53125 0.556415625 0.529296875 0.5617281249999999 0.53125 0.56305625 0.5283203125 0.531184375 0.4775390625 0.5139218750000001 0.45703125 0.48470625 0.458984375 0.46213125 0.4677734375
17 0.5218890625 0.673828125 0.504625 0.7041015625 0.4913453125 0.7412109375 0.4913453125 0.7724609375 0.49532968750000006 0.77734375 0.50728125 0.7783203125 0.504625 0.7880859375 0.508609375 0.791015625 0.5750078125 0.7890625 0.582975 0.79296875 0.6015671874999999 0.79296875 0.609534375 0.791015625 0.61351875 0.7880859375 0.6108625 0.7685546875 0.6188296875 0.7626953125 0.6188296875 0.7451171875 0.6108625 0.7314453125 0.6267984375 0.7177734375 0.63078125 0.703125 0.6254703125 0.6953125 0.5989109375 0.68359375 0.564384375 0.677734375 0.5431359375 0.669921875 0.5218890625 0.673828125
17 0.5511046875 0.7890625 0.5404796875 0.79296875 0.536496875 0.7958984375 0.536496875 0.8056640625 0.5418078125 0.8212890625 0.5418078125 0.8388671875 0.5484484375 0.84375 0.5723515625 0.841796875 0.5776625 0.845703125 0.5856312499999999 0.845703125 0.5856312499999999 0.849609375 0.5989109375 0.849609375 0.6015671874999999 0.845703125 0.6002390625 0.7958984375 0.5962546875 0.79296875 0.5856312499999999 0.794921875 0.5696953125 0.7890625 0.5511046875 0.7890625
17 0.45017968750000004 0.80859375 0.42893125000000004 0.81640625 0.41432343749999995 0.8251953125 0.4196359375 0.8291015625 0.4156515625 0.833984375 0.3930765625 0.8408203125 0.3930765625 0.8486328125 0.4315875 0.8984375 0.43557187500000005 0.8974609375 0.43822656249999997 0.8583984375 0.45017968750000004 0.84375 0.46877031249999995 0.841796875 0.486034375 0.8642578125 0.49532968750000006 0.8671875 0.49665781249999996 0.8583984375 0.48337812500000005 0.8369140625 0.478065625 0.8193359375 0.4661140625 0.806640625 0.45017968750000004 0.80859375
17 0.20981718749999997 0.5693359375 0.24567343749999998 0.59765625 0.250984375 0.59765625 0.2629359375 0.5830078125 0.2682484375 0.5634765625 0.28285625 0.556640625 0.281528125 0.5498046875 0.2655921875 0.5341796875 0.248328125 0.521484375 0.2430171875 0.521484375 0.20981718749999997 0.5693359375
17 0.2350484375 0.359375 0.233721875 0.3662109375 0.225753125 0.3720703125 0.225753125 0.3818359375 0.2363765625 0.3896484375 0.2363765625 0.3955078125 0.225753125 0.4013671875 0.22309687500000003 0.4072265625 0.2297375 0.4140625 0.2430171875 0.416015625 0.2642640625 0.404296875 0.2655921875 0.3974609375 0.2602796875 0.3935546875 0.257625 0.3818359375 0.2443453125 0.3642578125 0.2350484375 0.359375
17 0.2894953125 0.3330078125 0.281528125 0.3525390625 0.284184375 0.3642578125 0.2802 0.3671875 0.2642640625 0.365234375 0.25496875 0.3701171875 0.27621562499999996 0.3857421875 0.27621562499999996 0.3916015625 0.2868390625 0.4033203125 0.31472656250000003 0.421875 0.32136718750000004 0.4189453125 0.324021875 0.3935546875 0.331990625 0.3896484375 0.3426140625 0.3740234375 0.3399578125 0.3408203125 0.354565625 0.33984375 0.354565625 0.333984375 0.33331875 0.333984375 0.32003906249999997 0.328125 0.298790625 0.326171875 0.2894953125 0.3330078125
17 0.15802812500000002 0.39453125 0.15935468749999998 0.4052734375 0.1434203125 0.4345703125 0.1434203125 0.4560546875 0.13279687499999998 0.4716796875 0.17661875 0.4765625 0.1872421875 0.482421875 0.21114531250000002 0.478515625 0.2204421875 0.4716796875 0.225753125 0.4384765625 0.231065625 0.4306640625 0.2430171875 0.423828125 0.24036093749999998 0.41796875 0.23239375 0.416015625 0.2191140625 0.40625 0.1925546875 0.396484375 0.15802812500000002 0.39453125
3 0.5763359375 0.5087890625 0.582975 0.51953125 0.5935984375000001 0.51953125 0.6281265625 0.509765625 0.6520296875 0.51171875 0.654684375 0.509765625 0.6560125 0.4892578125 0.6493734375 0.48046875 0.582975 0.478515625 0.5736796875 0.4833984375 0.5763359375 0.5087890625
17 0.61351875 0.6123046875 0.6002390625 0.6318359375 0.5935984375000001 0.63671875 0.5776625 0.638671875 0.5736796875 0.6435546875 0.58031875 0.6484375 0.6228140625 0.6484375 0.63875 0.65234375 0.6493734375 0.64453125 0.6626531250000001 0.64453125 0.6719484375 0.6298828125 0.68655625 0.578125 0.6839000000000001 0.572265625 0.6679640625000001 0.572265625 0.6414046875 0.583984375 0.6241421875000001 0.6064453125 0.61351875 0.6123046875
17 0.5218890625 0.236328125 0.50728125 0.2490234375 0.5245453125 0.267578125 0.5325124999999999 0.267578125 0.5670390624999999 0.244140625 0.5657109375 0.2275390625 0.559071875 0.2265625 0.53516875 0.23828125 0.5272 0.234375 0.5218890625 0.236328125
17 0.4661140625 0.37109375 0.44885156249999997 0.3837890625 0.44885156249999997 0.3994140625 0.45549062500000004 0.400390625 0.47142656250000003 0.39453125 0.5192328125000001 0.37109375 0.5205609375 0.3662109375 0.51259375 0.3525390625 0.503296875 0.349609375 0.47673750000000004 0.37109375 0.4661140625 0.37109375
17 0.758265625 0.439453125 0.78748125 0.427734375 0.78748125 0.421875 0.760921875 0.423828125 0.7463140625 0.4287109375 0.7463140625 0.4345703125 0.758265625 0.439453125
17 0.4940015625 0.5791015625 0.505953125 0.59375 0.5192328125000001 0.58984375 0.5218890625 0.583984375 0.5218890625 0.56640625 0.511265625 0.568359375 0.503296875 0.56640625 0.4940015625 0.5732421875 0.4940015625 0.5791015625
17 0.14873125 0.3076171875 0.150059375 0.31640625 0.1447484375 0.31640625 0.1367796875 0.30859375 0.11818906250000001 0.30859375 0.1168609375 0.3173828125 0.12615625 0.33203125 0.1659953125 0.328125 0.18458593750000002 0.3046875 0.1859140625 0.2841796875 0.17927500000000002 0.27734375 0.1620109375 0.2919921875 0.15935468749999998 0.3056640625 0.14873125 0.3076171875
17 0.146075 0.3623046875 0.155371875 0.37109375 0.18193125000000002 0.369140625 0.1872421875 0.37109375 0.19521093750000001 0.36328125 0.20981718749999997 0.3564453125 0.2138015625 0.341796875 0.2138015625 0.328125 0.17661875 0.330078125 0.155371875 0.3359375 0.1513875 0.3388671875 0.146075 0.3623046875
17 0.15404374999999998 0.5576171875 0.1646671875 0.5498046875 0.1646671875 0.5400390625 0.1606828125 0.533203125 0.152715625 0.533203125 0.11420468749999999 0.5595703125 0.1168609375 0.5712890625 0.12615625 0.580078125 0.146075 0.5869140625 0.146075 0.5908203125 0.15935468749999998 0.6025390625 0.16333906250000002 0.615234375 0.18193125000000002 0.58984375 0.183259375 0.5751953125 0.1673234375 0.5693359375 0.1659953125 0.560546875 0.1606828125 0.5625 0.15404374999999998 0.5576171875
16 0.30410312500000003 0.5234375 0.28285625 0.52734375 0.2682484375 0.5361328125 0.2881671875 0.55859375 0.309415625 0.560546875 0.351909375 0.552734375 0.3864375 0.53515625 0.382453125 0.5185546875 0.3705015625 0.513671875 0.359878125 0.513671875 0.31472656250000003 0.525390625 0.30410312500000003 0.5234375
13 0.5245453125 0.404296875 0.508609375 0.404296875 0.49798593750000003 0.400390625 0.4740828125 0.404296875 0.4634578125 0.400390625 0.4475234375 0.40234375 0.43291562499999997 0.4111328125 0.4196359375 0.4287109375 0.4196359375 0.4541015625 0.41432343749999995 0.4755859375 0.4315875 0.474609375 0.44221093749999996 0.466796875 0.45549062500000004 0.466796875 0.4634578125 0.462890625 0.508609375 0.455078125 0.5139218750000001 0.455078125 0.5245453125 0.462890625 0.5325124999999999 0.4609375 0.5444640625 0.4541015625 0.5484484375 0.435546875 0.5484484375 0.431640625 0.5338406250000001 0.4326171875 0.5444640625 0.4228515625 0.5471203124999999 0.4150390625 0.5245453125 0.404296875