6 0.814453125 0.721184375 0.79296875 0.6583578125 0.853515625 0.5012953125 0.8505859375 0.4869 0.7880859375 0.439778125 0.7802749999999999 0.4136 0.7363296874999999 0.4201453125 0.73046875 0.38349687499999996 0.69140625 0.32590625 0.6757828124999999 0.2656984375 0.640625 0.270934375 0.607421875 0.1740796875 0.5937484375000001 0.16884375000000001 0.587890625 0.111253125 0.5537093750000001 0.0706765625 0.5488296874999999 0.179315625 0.560546875 0.1845484375 0.5517593749999999 0.1937125 0.5205078125 0.204184375 0.515625 0.1766984375 0.4755859375 0.1387390625 0.4111328125 0.1989484375 0.40234531249999994 0.2211984375 0.40820156250000006 0.23428749999999998 0.3974609375 0.2408296875 0.2705078125 0.22512500000000002 0.2167984375 0.3677921875 0.2187484375 0.417528125 0.25390625 0.4201453125 0.26953125 0.5772078125 0.3027328125 0.653125 0.294921875 0.6662125 0.3007828125 0.687153125 0.366209375 0.7879375 0.3896484375 0.7957921875 0.419921875 0.8389828125 0.455078125 0.9829578124999999 0.5771484375 0.9292953125000001 0.8037093750000001 0.743434375 0.814453125 0.721184375
17 0.474609375 0.3756453125 0.4765625 0.349465625 0.49609375 0.304965625 0.42675937499999994 0.2382125 0.3955078125 0.24344843749999998 0.3798828125 0.2329796875 0.3544921875 0.2329796875 0.3349609375 0.2408296875 0.3242171875 0.2552296875 0.296875 0.3311421875 0.2792984375 0.417528125 0.2919921875 0.4659546875 0.344725 0.5026046875 0.3867171875 0.561503125 0.40820156250000006 0.5405625 0.43359375 0.4463234375 0.474609375 0.3756453125
14 0.708984375 0.7499796875 0.6552749999999999 0.5785171874999999 0.5712906249999999 0.62825625 0.5273453124999999 0.6662125 0.587890625 0.797096875 0.60546875 0.8154234375 0.62109375 0.8782500000000001 0.6904296875 0.83505625 0.7207015625000001 0.8049515625 0.708984375 0.7499796875
17 0.8242171875000001 0.571975 0.833984375 0.5588859375 0.853515625 0.5012953125 0.8505859375 0.4869 0.7998062499999999 0.44501406250000003 0.7861328125 0.44239531249999997 0.7783218749999999 0.4136 0.7451171875 0.4188375 0.7294921875 0.429309375 0.7187484375000001 0.44370468750000003 0.69140625 0.5222359375 0.6953140624999999 0.5484125 0.724609375 0.608621875 0.7363296874999999 0.6478890625 0.771484375 0.6662125 0.7919921875 0.6570484375000001 0.810546875 0.6217125 0.8242171875000001 0.571975
17 0.6669921875 0.541871875 0.689453125 0.5143859375 0.703125 0.48820781249999995 0.7167984374999999 0.44370468750000003 0.7363296874999999 0.417528125 0.732421875 0.38873281249999997 0.7148453124999999 0.35731875 0.6884765625 0.324596875 0.6572250000000001 0.30365625 0.650390625 0.3075828125 0.646484375 0.3337609375 0.62890625 0.36517343750000003 0.6015625 0.38873281249999997 0.5859375 0.43585 0.5859375 0.46202812499999996 0.5976546875000001 0.5300906249999999 0.6064453125 0.541871875 0.642578125 0.564121875 0.6494140625 0.5654312499999999 0.6591781250000001 0.5444890625000001 0.6669921875 0.541871875
17 0.5976546875000001 0.5405625 0.5859375 0.48559062500000005 0.564453125 0.4567953125 0.560546875 0.4122921875 0.5302749999999999 0.3821875 0.49316250000000006 0.37956875 0.48632968749999994 0.3861140625 0.48828281249999994 0.40705625 0.501953125 0.43061875 0.5292984374999999 0.50653125 0.5351546875000001 0.5510312500000001 0.541015625 0.5588859375 0.544921875 0.5902984375 0.5546859375000001 0.6217125 0.5712906249999999 0.617784375 0.6152328125000001 0.5588859375 0.5976546875000001 0.5405625
17 0.4521484375 0.764378125 0.46972500000000006 0.7460515625 0.49120937500000006 0.743434375 0.49609375 0.7368921875 0.4609375 0.674065625 0.46874843750000006 0.642653125 0.44726718749999994 0.61909375 0.4169921875 0.549721875 0.40722500000000006 0.552340625 0.3740234375 0.594225 0.294921875 0.6662125 0.3125 0.7080968750000001 0.37890625 0.7997156249999999 0.4130859375 0.7827015625 0.4365234375 0.7617609375 0.4521484375 0.764378125
17 0.5400390625 0.9528546875 0.587890625 0.9148953125 0.56640625 0.8677781250000001 0.5742171875000001 0.831128125 0.5937484375000001 0.8180421875 0.580078125 0.7944828125 0.568359375 0.7552156250000001 0.5400390625 0.7067875 0.5107406250000001 0.7146390625000001 0.49120937500000006 0.7460515625 0.4560546875 0.766996875 0.42870937500000006 0.7722296875 0.392578125 0.797096875 0.43359375 0.8677781250000001 0.439453125 0.9279859374999999 0.455078125 0.9829578124999999 0.4619140625 0.9842671875000001 0.4814453125 0.965940625 0.5400390625 0.9528546875
17 0.6328140624999999 0.34685 0.630859375 0.28926093750000004 0.6386703125000001 0.284025 0.640625 0.268315625 0.6044921875 0.170153125 0.5830078125 0.1727703125 0.5595703125 0.19109375 0.5234375 0.2081109375 0.541015625 0.23690625 0.5390625 0.28926093750000004 0.5332015625000001 0.304965625 0.5351546875000001 0.3337609375 0.5527328125000001 0.3756453125 0.5703140624999999 0.38873281249999997 0.6005859375 0.38742343749999997 0.6220703125 0.37171875 0.6328140624999999 0.34685
17 0.5302749999999999 0.26439218750000004 0.537109375 0.2395203125 0.5312484375000001 0.223815625 0.51953125 0.2081109375 0.521484375 0.192403125 0.515625 0.1766984375 0.48925937499999994 0.14397500000000002 0.47167812500000006 0.1387390625 0.4580078125 0.14659375 0.439453125 0.17146250000000002 0.43066250000000006 0.19109375 0.4189453125 0.1937125 0.40820156250000006 0.202875 0.40234531249999994 0.2316703125 0.40527499999999994 0.235596875 0.4228515625 0.2329796875 0.44824062500000006 0.2513015625 0.4619140625 0.27224375 0.4765625 0.2787875 0.4814453125 0.280096875 0.5146484375 0.26439218750000004 0.5302749999999999 0.26439218750000004
13 0.2666015625 0.4188375 0.275390625 0.41490937499999997 0.291015625 0.3599375 0.2988296875 0.3154375 0.318359375 0.268315625 0.3222671875 0.24999375000000001 0.33203125 0.2395203125 0.3310546875 0.235596875 0.2939453125 0.22512500000000002 0.2705078125 0.22250625 0.265625 0.22643437500000002 0.234375 0.3311421875 0.2226546875 0.3442328125 0.2148453125 0.3677921875 0.2148453125 0.40967343749999996 0.2226546875 0.42276406250000004 0.2451171875 0.4240734375 0.2548828125 0.4109828125 0.2666015625 0.4188375
13 0.29296875 0.5143859375 0.287109375 0.493440625 0.271484375 0.4594125 0.2636703125 0.42276406250000004 0.2597671875 0.4122921875 0.2548828125 0.4083640625 0.251953125 0.42538125000000004 0.255859375 0.4463234375 0.2578140625 0.4908234375 0.271484375 0.5798265625 0.2792984375 0.598153125 0.2880859375 0.59684375 0.294921875 0.5850625 0.29296875 0.5143859375
13 0.5273453124999999 0.5012953125 0.505859375 0.448940625 0.501953125 0.43061875 0.48828281249999994 0.40705625 0.482421875 0.38349687499999996 0.4755859375 0.3821875 0.4609375 0.39920468750000004 0.439453125 0.44108749999999997 0.419921875 0.493440625 0.4140625 0.5379437499999999 0.4208984375 0.5471046875 0.4833984375 0.552340625 0.5107406250000001 0.5575765625 0.515625 0.564121875 0.5263671875 0.5575765625 0.5332015625000001 0.5457953125 0.5273453124999999 0.5012953125
12 0.537109375 0.6452703125 0.5390625 0.6217125 0.5351546875000001 0.608621875 0.5263671875 0.59684375 0.5205078125 0.594225 0.4990234375 0.594225 0.49023281250000006 0.6007671875 0.484375 0.6138578125 0.482421875 0.6347984375 0.48632968749999994 0.6478890625 0.4951171875 0.6596671875 0.50390625 0.66359375 0.5166015625 0.664903125 0.5224609375 0.662284375 0.537109375 0.6452703125