6 1 0 0.3847203125 0.001559375 0.3847203125 0.0363265625 0.3986109375 0.053325 0.36851406249999996 0.26425156250000004 0.397453125 0.2843390625 0.472696875 0.29515625 0.42870937500000006 0.29824687499999997 0.38587812499999996 0.32374375 0.38935 0.5192171875 0.402084375 0.5354421874999999 0.43796875 0.54935 0.41365937500000005 0.5717546875 0.4090296875 0.7448234375 0.418290625 0.785771875 0.4368125 0.801996875 0.3870359375 0.801996875 0.3661984375 0.8205406249999999 0.3502140625 0.9887515625000001 0.35926562500000003 1 1 1 1 0
12 0.3833625 0.9287109375 0.38482656249999997 0.923828125 0.4126265625 0.9189453125 0.3862890625 0.8916015625 0.38043593750000004 0.8740234375 0.39653125 0.865234375 0.41701718750000005 0.8671875 0.42725937500000005 0.8623046875 0.42725937500000005 0.8310546875 0.4579859375 0.814453125 0.5282203125 0.8203125 0.5428531249999999 0.826171875 0.5574859375 0.82421875 0.5765078124999999 0.8330078125 0.5735812499999999 0.9267578125 0.5589484375 0.9970703125 0.5765078124999999 0.9990234375 0.5794328125 0.9794921875 0.59991875 0.9638671875 0.6101609375 0.818359375 0.5955296875 0.810546875 0.41701718750000005 0.80078125 0.390678125 0.802734375 0.37165625 0.8115234375 0.362878125 0.8271484375 0.351171875 0.9794921875 0.35848749999999996 1 0.529684375 0.9990234375 0.484325 0.986328125 0.434575 0.955078125 0.4053109375 0.9453125 0.3833625 0.9287109375
12 0.6599109375000001 0.779296875 0.6555203125 0.7919921875 0.6423515625 0.796875 0.5604125 0.798828125 0.5516328125000001 0.794921875 0.5282203125 0.796875 0.466765625 0.791015625 0.441890625 0.7783203125 0.441890625 0.7705078125 0.453596875 0.7587890625 0.4331125 0.7451171875 0.43896562499999997 0.7314453125 0.4331125 0.7255859375 0.4360390625 0.7119140625 0.4243328125 0.6728515625 0.4360390625 0.6611328125 0.4243328125 0.6220703125 0.4243328125 0.5966796875 0.43896562499999997 0.5654296875 0.5282203125 0.556640625 0.5662640624999999 0.556640625 0.6101609375 0.564453125 0.645278125 0.560546875 0.6555203125 0.5654296875 0.6672265625 0.5947265625 0.6613734375 0.6103515625 0.6657640625 0.734375 0.6789328125 0.7255859375 0.6803953125 0.572265625 0.6569843750000001 0.552734375 0.633571875 0.546875 0.4550609375 0.548828125 0.42140625 0.5595703125 0.40970000000000006 0.5712890625 0.4126265625 0.7783203125 0.4316484375 0.796875 0.5135890625 0.806640625 0.6482046875 0.806640625 0.6789328125 0.7861328125 0.6745421875 0.779296875 0.6599109375000001 0.779296875
12 0.5604125 1 0.5633375 0.9765625 0.4331125 0.9501953125 0.484325 0.986328125 0.5282203125 1 0.5604125 1
16 0.3862890625 0.8935546875 0.42286875 0.92578125 0.44042812500000006 0.92578125 0.4565234375 0.9169921875 0.4579859375 0.908203125 0.42286875 0.87109375 0.3936046875 0.8671875 0.38043593750000004 0.8759765625 0.3862890625 0.8935546875
16 0.5574859375 0.94921875 0.504809375 0.939453125 0.4696921875 0.92578125 0.41409062499999993 0.927734375 0.38482656249999997 0.923828125 0.38043593750000004 0.9267578125 0.38482656249999997 0.931640625 0.452134375 0.953125 0.554559375 0.974609375 0.5648015625 0.9716796875 0.5662640624999999 0.955078125 0.5574859375 0.94921875
16 0.5223687499999999 0.919921875 0.5472421875 0.9072265625 0.5487062500000001 0.8984375 0.5018828125 0.876953125 0.490178125 0.87890625 0.4740828125 0.8916015625 0.48139843750000005 0.90234375 0.5223687499999999 0.919921875
16 0.5574859375 0.826171875 0.529684375 0.8408203125 0.5062734375 0.8642578125 0.5062734375 0.8740234375 0.516515625 0.8828125 0.537 0.884765625 0.5530953125 0.8759765625 0.5735812499999999 0.8564453125 0.5750437500000001 0.833984375 0.5662640624999999 0.826171875 0.5574859375 0.826171875
16 0.434575 0.8515625 0.5135890625 0.85546875 0.531146875 0.83203125 0.4872515625 0.83203125 0.466765625 0.82421875 0.434575 0.826171875 0.42725937500000005 0.8466796875 0.434575 0.8515625
16 0.44774375 0.8857421875 0.4579859375 0.892578125 0.4696921875 0.892578125 0.503346875 0.8759765625 0.5018828125 0.869140625 0.4872515625 0.86328125 0.46091249999999995 0.86328125 0.44774375 0.8701171875 0.44774375 0.8857421875
21 0.5633375 0.650390625 0.5399265625 0.64453125 0.529684375 0.6474609375 0.5091984375 0.7001953125 0.5135890625 0.708984375 0.5443171875 0.7119140625 0.5633375 0.650390625
21 0.5340734375 0.716796875 0.5062734375 0.7119140625 0.49456718750000006 0.7470703125 0.49895625 0.751953125 0.5135890625 0.755859375 0.52383125 0.7529296875 0.5340734375 0.716796875
21 0.48139843750000005 0.740234375 0.49749375 0.7373046875 0.5106625 0.693359375 0.490178125 0.689453125 0.479934375 0.6962890625 0.465303125 0.7314453125 0.4696921875 0.736328125 0.48139843750000005 0.740234375
21 0.45067031249999995 0.6884765625 0.4579859375 0.693359375 0.48139843750000005 0.693359375 0.49164062499999994 0.6884765625 0.490178125 0.6328125 0.484325 0.62890625 0.4579859375 0.62890625 0.453596875 0.6337890625 0.45067031249999995 0.6884765625
21 0.4433546875 0.61328125 0.45945 0.6103515625 0.4696921875 0.56640625 0.46091249999999995 0.5625 0.43896562499999997 0.5654296875 0.4243328125 0.5986328125 0.42872187500000003 0.609375 0.4433546875 0.61328125
21 0.44042812500000006 0.658203125 0.45067031249999995 0.6572265625 0.453596875 0.6318359375 0.465303125 0.6240234375 0.46383906250000007 0.615234375 0.434575 0.61328125 0.42725937500000005 0.6181640625 0.4331125 0.6494140625 0.44042812500000006 0.658203125
21 0.5077359375 0.5625 0.490178125 0.55859375 0.4740828125 0.5673828125 0.4740828125 0.5771484375 0.484325 0.5859375 0.5091984375 0.5849609375 0.5077359375 0.5625
21 0.5604125 0.583984375 0.582359375 0.5751953125 0.580896875 0.564453125 0.5750437500000001 0.55859375 0.516515625 0.55859375 0.5062734375 0.5654296875 0.5091984375 0.5830078125 0.5604125 0.583984375
21 0.49895625 0.62890625 0.5062734375 0.6240234375 0.504809375 0.609375 0.49895625 0.587890625 0.48139843750000005 0.5859375 0.47115625000000005 0.5908203125 0.4755453125 0.626953125 0.49895625 0.62890625
21 0.5326109375 0.5927734375 0.5355375 0.6044921875 0.6101609375 0.599609375 0.62625625 0.5908203125 0.62479375 0.583984375 0.6160140625 0.572265625 0.5984546875000001 0.572265625 0.5399265625 0.5859375 0.5326109375 0.5927734375
21 0.5355375 0.6083984375 0.5355375 0.6240234375 0.5487062500000001 0.630859375 0.6043078125 0.62890625 0.62479375 0.625 0.6350359375 0.6181640625 0.633571875 0.61328125 0.6218671875 0.59765625 0.5574859375 0.6015625 0.5355375 0.6083984375
20 0.503346875 0.5888671875 0.5077359375 0.6171875 0.5326109375 0.6162109375 0.5340734375 0.59765625 0.5282203125 0.5859375 0.503346875 0.5888671875
21 0.8179375 0.671875 0.8559812499999999 0.673828125 0.8735406250000001 0.6796875 0.886709375 0.6787109375 0.8881718749999999 0.658203125 0.8091578125 0.640625 0.7872109375 0.6494140625 0.7930625 0.6611328125 0.8179375 0.671875
21 0.8998781250000001 0.7109375 0.8589078125 0.69921875 0.8457390625000001 0.7021484375 0.8457390625000001 0.7138671875 0.8852453125 0.73046875 0.8984140625 0.7255859375 0.8998781250000001 0.7109375
21 0.9028046875 0.6875 0.850128125 0.673828125 0.836959375 0.6767578125 0.8472015624999999 0.697265625 0.8910984375 0.70703125 0.9013406249999999 0.7021484375 0.9028046875 0.6875
21 0.8969515625 0.6484375 0.8896359374999999 0.6533203125 0.8896359374999999 0.6650390625 0.8998781250000001 0.671875 0.9437749999999999 0.666015625 0.9540171875000001 0.6591796875 0.952553125 0.646484375 0.9467015625 0.642578125 0.926215625 0.642578125 0.8969515625 0.6484375
20 0.83110625 0.6103515625 0.844275 0.619140625 0.9437749999999999 0.619140625 0.9540171875000001 0.6083984375 0.952553125 0.583984375 0.937921875 0.572265625 0.844275 0.56640625 0.8281796874999999 0.5830078125 0.83110625 0.6103515625
21 0.913046875 0.7626953125 0.9232890625 0.78125 0.951090625 0.7744140625 0.9496265625 0.7578125 0.9349953125000001 0.75390625 0.913046875 0.7626953125
21 0.8706140625 0.76171875 0.8793921875 0.76171875 0.914509375 0.7421875 0.9101203124999999 0.7333984375 0.8969515625 0.7265625 0.8735406250000001 0.736328125 0.8574453125 0.7509765625 0.8706140625 0.76171875
21 0.9042671875 0.7548828125 0.9174359375 0.759765625 0.9437749999999999 0.75390625 0.951090625 0.7509765625 0.952553125 0.740234375 0.9437749999999999 0.73046875 0.9291421874999999 0.73046875 0.913046875 0.7373046875 0.9042671875 0.7548828125
20 0.823790625 0.771484375 0.8150109375 0.76953125 0.784284375 0.7802734375 0.7930625 0.8154296875 0.8003796875000001 0.8203125 0.8179375 0.822265625 0.82964375 0.818359375 0.836959375 0.8134765625 0.8354968749999999 0.802734375 0.83110625 0.7783203125 0.823790625 0.771484375
20 0.7477031249999999 0.802734375 0.7579453125 0.7958984375 0.7594093749999999 0.78515625 0.721365625 0.7578125 0.6994171875 0.7666015625 0.7052703124999999 0.7841796875 0.733071875 0.8046875 0.7477031249999999 0.802734375
20 0.7506296875 0.75390625 0.7433140625 0.7666015625 0.7594093749999999 0.78125 0.771115625 0.78125 0.8091578125 0.76953125 0.8194015625000001 0.7626953125 0.8179375 0.755859375 0.8003796875000001 0.748046875 0.774040625 0.748046875 0.7506296875 0.75390625
21 0.771115625 0.8125 0.7886734375 0.8125 0.7886734375 0.796875 0.785746875 0.7890625 0.7623359375 0.7890625 0.7579453125 0.7978515625 0.746240625 0.8037109375 0.771115625 0.8125
21 0.8018421874999999 0.7451171875 0.8150109375 0.751953125 0.8589078125 0.74609375 0.86915 0.7412109375 0.8676875000000001 0.732421875 0.8618343749999999 0.724609375 0.8150109375 0.728515625 0.8018421874999999 0.7353515625 0.8018421874999999 0.7451171875
20 0.7769671875 0.697265625 0.772578125 0.7216796875 0.7916000000000001 0.728515625 0.84135 0.7265625 0.844275 0.703125 0.8354968749999999 0.701171875 0.8150109375 0.70703125 0.8091578125 0.69921875 0.7769671875 0.697265625
21 0.952553125 0.708984375 0.90573125 0.697265625 0.8984140625 0.7080078125 0.9013406249999999 0.7236328125 0.9437749999999999 0.728515625 0.9540171875000001 0.7177734375 0.952553125 0.708984375
21 0.580896875 0.685546875 0.5604125 0.6875 0.5530953125 0.6923828125 0.5472421875 0.7119140625 0.529684375 0.7314453125 0.5340734375 0.748046875 0.5574859375 0.75 0.5648015625 0.7451171875 0.5706546875 0.7314453125 0.5969921874999999 0.7041015625 0.5955296875 0.693359375 0.580896875 0.685546875
21 0.5969921874999999 0.7177734375 0.6043078125 0.73828125 0.6291828125000001 0.7353515625 0.6277203124999999 0.6953125 0.59991875 0.6962890625 0.5969921874999999 0.7177734375
21 0.6540578125 0.7734375 0.5604125 0.7734375 0.556021875 0.7958984375 0.5604125 0.798828125 0.6423515625 0.796875 0.6555203125 0.7919921875 0.6540578125 0.7734375
21 0.4550609375 0.76171875 0.441890625 0.7705078125 0.4448171875 0.7802734375 0.466765625 0.791015625 0.5428531249999999 0.796875 0.55016875 0.7919921875 0.5487062500000001 0.783203125 0.4960296875 0.77734375 0.46383906250000007 0.76171875 0.4550609375 0.76171875
21 0.5516328125000001 0.783203125 0.5589484375 0.7724609375 0.5574859375 0.76171875 0.49310312500000003 0.751953125 0.4857875 0.7548828125 0.479934375 0.7685546875 0.4960296875 0.77734375 0.5516328125000001 0.783203125
21 0.4623765625 0.7568359375 0.478471875 0.76171875 0.49456718750000006 0.7509765625 0.49310312500000003 0.7421875 0.46383906250000007 0.73828125 0.4623765625 0.7568359375
21 0.4550609375 0.7578125 0.4623765625 0.7529296875 0.46091249999999995 0.73828125 0.44042812500000006 0.734375 0.4331125 0.7392578125 0.4331125 0.7470703125 0.4433546875 0.755859375 0.4550609375 0.7578125
20 0.44628125 0.662109375 0.42725937500000005 0.6689453125 0.4331125 0.7119140625 0.4433546875 0.734375 0.4579859375 0.73828125 0.46822968749999994 0.7353515625 0.478471875 0.693359375 0.4579859375 0.693359375 0.45067031249999995 0.6884765625 0.44628125 0.662109375
20 0.5589484375 0.6650390625 0.556021875 0.6826171875 0.5955296875 0.6796875 0.5984546875000001 0.658203125 0.569190625 0.65234375 0.5589484375 0.6650390625
20 0.5969921874999999 0.6787109375 0.607234375 0.685546875 0.633571875 0.6875 0.643815625 0.6826171875 0.6511312499999999 0.6484375 0.64966875 0.6416015625 0.633571875 0.634765625 0.6057718750000001 0.6396484375 0.5969921874999999 0.6787109375
21 0.5384640625 0.6416015625 0.5662640624999999 0.65234375 0.592603125 0.654296875 0.6057718750000001 0.6435546875 0.6043078125 0.63671875 0.5955296875 0.62890625 0.5662640624999999 0.62890625 0.5457796874999999 0.630859375 0.5384640625 0.6416015625
21 0.607234375 0.755859375 0.6028453125000001 0.7666015625 0.645278125 0.771484375 0.6511312499999999 0.755859375 0.6306468749999999 0.75 0.607234375 0.755859375
21 0.6291828125000001 0.7060546875 0.633571875 0.75 0.6643 0.7470703125 0.6628375 0.705078125 0.639425 0.701171875 0.6291828125000001 0.7060546875
21 0.6657640625 0.6875 0.6482046875 0.67578125 0.62625625 0.6943359375 0.6364984375 0.701171875 0.6540578125 0.703125 0.6643 0.6982421875 0.6657640625 0.6875
21 0.5735812499999999 0.7666015625 0.5838234375 0.7734375 0.5984546875000001 0.771484375 0.6057718750000001 0.7646484375 0.6043078125 0.7578125 0.5984546875000001 0.751953125 0.5896765625 0.751953125 0.5735812499999999 0.7607421875 0.5735812499999999 0.7666015625
21 0.7813578125 0.6787109375 0.8208640624999999 0.705078125 0.82964375 0.705078125 0.8428125 0.6962890625 0.84135 0.6875 0.80330625 0.6640625 0.7916000000000001 0.6640625 0.7813578125 0.6708984375 0.7813578125 0.6787109375
21 0.798915625 0.6259765625 0.8091578125 0.640625 0.8559812499999999 0.650390625 0.8779296875 0.6455078125 0.8793921875 0.630859375 0.8706140625 0.623046875 0.82964375 0.615234375 0.8062328125 0.6171875 0.798915625 0.6259765625
21 0.722828125 0.5908203125 0.7447765625 0.607421875 0.8062328125 0.59375 0.822328125 0.5869140625 0.8208640624999999 0.58203125 0.810621875 0.5673828125 0.8003796875000001 0.564453125 0.7242921875 0.58203125 0.722828125 0.5908203125
21 0.7257546875 0.6337890625 0.72868125 0.6220703125 0.74185 0.61328125 0.721365625 0.58984375 0.70234375 0.5947265625 0.6994171875 0.6083984375 0.7184390625 0.634765625 0.7257546875 0.6337890625
21 0.708196875 0.7255859375 0.7184390625 0.732421875 0.7594093749999999 0.728515625 0.7696515625 0.7236328125 0.7681890625000001 0.708984375 0.7594093749999999 0.703125 0.7447765625 0.703125 0.7125859375 0.712890625 0.708196875 0.7255859375
21 0.7506296875 0.751953125 0.785746875 0.748046875 0.7945265625 0.734375 0.785746875 0.7265625 0.771115625 0.724609375 0.7447765625 0.732421875 0.7403875 0.7431640625 0.7506296875 0.751953125
21 0.9232890625 0.671875 0.8910984375 0.66796875 0.886709375 0.6806640625 0.90573125 0.693359375 0.9174359375 0.693359375 0.924753125 0.6884765625 0.9232890625 0.671875
21 0.9467015625 0.640625 0.9540171875000001 0.6357421875 0.952553125 0.625 0.9437749999999999 0.619140625 0.9291421874999999 0.62109375 0.924753125 0.6357421875 0.93206875 0.640625 0.9467015625 0.640625
21 0.9174359375 0.642578125 0.8969515625 0.623046875 0.8750031249999999 0.6220703125 0.8808562500000001 0.6318359375 0.8779296875 0.6474609375 0.8852453125 0.654296875 0.9174359375 0.642578125
21 0.7316078125 0.6748046875 0.734534375 0.6845703125 0.7652625 0.697265625 0.7769671875 0.697265625 0.785746875 0.68359375 0.7769671875 0.67578125 0.75355625 0.66796875 0.74185 0.66796875 0.7316078125 0.6748046875
21 0.6935640624999999 0.6806640625 0.6935640624999999 0.6865234375 0.7301453125 0.70703125 0.75355625 0.69921875 0.7155125 0.66796875 0.6935640624999999 0.6806640625
20 0.7301453125 0.673828125 0.75501875 0.6611328125 0.771115625 0.64453125 0.7652625 0.638671875 0.74185 0.642578125 0.721365625 0.650390625 0.7111234375000001 0.6611328125 0.7301453125 0.673828125
20 0.7257546875 0.6357421875 0.7359984374999999 0.642578125 0.7506296875 0.642578125 0.766725 0.6337890625 0.7652625 0.625 0.7506296875 0.615234375 0.7389234375 0.615234375 0.7257546875 0.6259765625 0.7257546875 0.6357421875
21 0.9086578125000001 0.794921875 0.8823187499999999 0.79296875 0.8676875000000001 0.796875 0.863296875 0.8037109375 0.8706140625 0.8125 0.8969515625 0.8125 0.9203625000000001 0.80859375 0.9306046875 0.8017578125 0.9291421874999999 0.79296875 0.9232890625 0.787109375 0.9086578125000001 0.794921875
21 0.9671859375 0.76171875 1 0.7451171875 0.9993765625 0.73046875 0.99645 0.724609375 0.9876703125 0.724609375 0.9540171875000001 0.7412109375 0.951090625 0.7470703125 0.9671859375 0.76171875
16 0.722828125 0.8291015625 0.7155125 0.82421875 0.695028125 0.826171875 0.6877109375 0.8388671875 0.708196875 0.8544921875 0.7257546875 0.8779296875 0.7477031249999999 0.896484375 0.7594093749999999 0.896484375 0.7652625 0.890625 0.75209375 0.8603515625 0.722828125 0.8291015625
16 0.6921015625 0.81640625 0.6745421875 0.818359375 0.6599109375000001 0.814453125 0.6525937500000001 0.8173828125 0.6540578125 0.82421875 0.639425 0.8203125 0.62625625 0.8330078125 0.62625625 0.9501953125 0.6350359375 0.9638671875 0.645278125 0.96875 0.7564828125 0.970703125 0.75501875 0.9775390625 0.7681890625000001 0.98046875 0.77989375 0.98046875 0.7813578125 0.9716796875 0.7916000000000001 0.970703125 0.7901374999999999 0.9814453125 0.80330625 0.984375 0.8194015625000001 0.9833984375 0.8150109375 0.978515625 0.8018421874999999 0.9775390625 0.823790625 0.96875 0.8384234375 0.96875 0.850128125 0.9765625 0.8545187500000001 0.9755859375 0.850128125 0.970703125 0.8852453125 0.96875 0.8881718749999999 0.984375 0.9232890625 0.984375 0.93206875 0.98828125 0.9364578124999999 0.9794921875 0.913046875 0.9736328125 0.9349953125000001 0.97265625 0.9452375 0.9638671875 0.9423109375 0.9267578125 0.9467015625 0.921875 0.9452375 0.8935546875 0.939384375 0.8857421875 0.9452375 0.8720703125 0.9408484375 0.8359375 0.93206875 0.845703125 0.9291421874999999 0.83984375 0.8881718749999999 0.83984375 0.8852453125 0.833984375 0.6979546875 0.82421875 0.6935640624999999 0.8212890625 0.6994171875 0.8193359375 0.6921015625 0.81640625
20 0.93206875 0.701171875 0.952553125 0.701171875 0.95840625 0.689453125 0.952553125 0.671875 0.9437749999999999 0.66796875 0.9218265625000001 0.6708984375 0.924753125 0.6923828125 0.93206875 0.701171875
20 0.6730796875 0.7412109375 0.6833218750000001 0.75 0.7067328125000001 0.751953125 0.7169765625 0.7431640625 0.7155125 0.732421875 0.7067328125000001 0.724609375 0.6862484375 0.724609375 0.67600625 0.7294921875 0.6730796875 0.7412109375
20 0.64966875 0.7666015625 0.6628375 0.77734375 0.67746875 0.77734375 0.6906375 0.7685546875 0.689175 0.759765625 0.6803953125 0.751953125 0.6628375 0.75 0.6525937500000001 0.7548828125 0.64966875 0.7666015625
20 0.516515625 0.6640625 0.52383125 0.6572265625 0.5223687499999999 0.650390625 0.4960296875 0.640625 0.4887140625 0.6533203125 0.49164062499999994 0.6630859375 0.504809375 0.66796875 0.516515625 0.6640625
21 0.5252953125000001 0.6484375 0.5384640625 0.6416015625 0.5399265625 0.630859375 0.5282203125 0.62109375 0.5135890625 0.62109375 0.5004203125 0.6298828125 0.5004203125 0.6396484375 0.5252953125000001 0.6484375
21 0.6306468749999999 0.560546875 0.6233296875 0.5654296875 0.62625625 0.5986328125 0.6364984375 0.609375 0.6511312499999999 0.611328125 0.6643 0.6044921875 0.6628375 0.5859375 0.658446875 0.5693359375 0.645278125 0.560546875 0.6306468749999999 0.560546875
21 0.8589078125 0.48828125 0.8150109375 0.5078125 0.8076953124999999 0.5126953125 0.8076953124999999 0.5205078125 0.82964375 0.5390625 0.8881718749999999 0.54296875 0.9159734374999999 0.5322265625 0.9218265625000001 0.5244140625 0.9203625000000001 0.505859375 0.8969515625 0.490234375 0.8589078125 0.48828125
20 0.695028125 0.544921875 0.7155125 0.54296875 0.721365625 0.521484375 0.709659375 0.509765625 0.689175 0.509765625 0.6818593749999999 0.5205078125 0.6818593749999999 0.5380859375 0.695028125 0.544921875
21 0.734534375 0.5400390625 0.74185 0.544921875 0.8003796875000001 0.544921875 0.810621875 0.5380859375 0.8091578125 0.525390625 0.8062328125 0.51953125 0.74185 0.51953125 0.734534375 0.5244140625 0.734534375 0.5400390625
21 0.746240625 0.6142578125 0.7652625 0.625 0.80330625 0.619140625 0.8281796874999999 0.6123046875 0.8267171875000001 0.595703125 0.8208640624999999 0.58984375 0.774040625 0.599609375 0.7506296875 0.60546875 0.746240625 0.6142578125
21 0.7916000000000001 0.66015625 0.77989375 0.646484375 0.7681890625000001 0.646484375 0.75501875 0.6572265625 0.7681890625000001 0.673828125 0.77989375 0.673828125 0.7916000000000001 0.66015625
21 0.8150109375 0.451171875 0.848665625 0.4267578125 0.8472015624999999 0.416015625 0.823790625 0.41015625 0.7901374999999999 0.4384765625 0.7930625 0.4482421875 0.80330625 0.453125 0.8150109375 0.451171875
21 0.8120843750000001 0.509765625 0.8559812499999999 0.490234375 0.8589078125 0.474609375 0.8472015624999999 0.466796875 0.8150109375 0.474609375 0.7901374999999999 0.4912109375 0.7959890625 0.5068359375 0.8120843750000001 0.509765625
21 0.6555203125 0.3896484375 0.6657640625 0.400390625 0.72721875 0.396484375 0.7403875 0.3916015625 0.7389234375 0.376953125 0.733071875 0.373046875 0.6833218750000001 0.376953125 0.6628375 0.380859375 0.6555203125 0.3896484375
21 0.766725 0.3720703125 0.774040625 0.376953125 0.7945265625 0.380859375 0.810621875 0.3759765625 0.8120843750000001 0.33203125 0.8003796875000001 0.326171875 0.7813578125 0.3291015625 0.766725 0.3642578125 0.766725 0.3720703125
20 0.6906375 0.3310546875 0.6643 0.3486328125 0.658446875 0.3583984375 0.6862484375 0.375 0.6979546875 0.375 0.734534375 0.3447265625 0.733071875 0.33984375 0.7067328125000001 0.3203125 0.695028125 0.3203125 0.6906375 0.3310546875
20 0.772578125 0.3291015625 0.7901374999999999 0.3095703125 0.7886734375 0.30078125 0.771115625 0.296875 0.7608718750000001 0.3037109375 0.746240625 0.3212890625 0.75355625 0.330078125 0.772578125 0.3291015625
20 0.774040625 0.3359375 0.746240625 0.3251953125 0.7506296875 0.310546875 0.7301453125 0.3125 0.722828125 0.3173828125 0.734534375 0.3447265625 0.7140500000000001 0.3623046875 0.7140500000000001 0.3740234375 0.7389234375 0.37109375 0.7447765625 0.390625 0.7696515625 0.3837890625 0.7637984375 0.3701171875 0.774040625 0.3359375
21 0.8910984375 0.458984375 0.9203625000000001 0.44921875 0.9291421874999999 0.4375 0.9203625000000001 0.423828125 0.8998781250000001 0.421875 0.8662234375000001 0.4384765625 0.863296875 0.4501953125 0.8910984375 0.458984375
20 0.8208640624999999 0.40625 0.8135484375 0.4013671875 0.8135484375 0.3916015625 0.8062328125 0.388671875 0.7564828125 0.38671875 0.7403875 0.4541015625 0.7477031249999999 0.458984375 0.8091578125 0.4609375 0.816475 0.4521484375 0.797453125 0.451171875 0.7901374999999999 0.4365234375 0.810621875 0.4228515625 0.8208640624999999 0.40625
20 0.6745421875 0.490234375 0.7389234375 0.486328125 0.74185 0.462890625 0.733071875 0.416015625 0.6803953125 0.416015625 0.6613734375 0.4208984375 0.6672265625 0.4814453125 0.6745421875 0.490234375
20 0.52383125 0.4033203125 0.5487062500000001 0.419921875 0.5633375 0.419921875 0.611625 0.3974609375 0.6101609375 0.380859375 0.592603125 0.3671875 0.580896875 0.365234375 0.531146875 0.38671875 0.52383125 0.4033203125
21 0.5662640624999999 0.48046875 0.5340734375 0.4921875 0.5209046875000001 0.5029296875 0.5267578125 0.5126953125 0.5428531249999999 0.517578125 0.554559375 0.509765625 0.5633375 0.509765625 0.5882125 0.4951171875 0.58675 0.486328125 0.5779703125 0.48046875 0.5662640624999999 0.48046875
21 0.594065625 0.4912109375 0.6101609375 0.498046875 0.62479375 0.498046875 0.643815625 0.4853515625 0.6423515625 0.47265625 0.6306468749999999 0.46484375 0.6130875 0.466796875 0.5969921874999999 0.4775390625 0.594065625 0.4912109375
21 0.490178125 0.50390625 0.49749375 0.4990234375 0.4960296875 0.490234375 0.49164062499999994 0.4697265625 0.484325 0.46484375 0.45945 0.4697265625 0.47261875 0.505859375 0.490178125 0.50390625
20 0.4696921875 0.42578125 0.44628125 0.41796875 0.42725937500000005 0.4208984375 0.4184796875 0.4501953125 0.42286875 0.46484375 0.4565234375 0.4677734375 0.4696921875 0.42578125
20 0.504809375 0.455078125 0.5472421875 0.4326171875 0.5457796874999999 0.42578125 0.5326109375 0.4111328125 0.5194421874999999 0.40625 0.4770078125 0.4306640625 0.4770078125 0.4384765625 0.504809375 0.455078125
20 0.5077359375 0.3515625 0.5004203125 0.3642578125 0.4887140625 0.3701171875 0.5194421874999999 0.376953125 0.5487062500000001 0.376953125 0.5589484375 0.3720703125 0.5604125 0.36328125 0.5530953125 0.3505859375 0.537 0.34765625 0.5077359375 0.3515625
21 0.503346875 0.3486328125 0.5077359375 0.3515625 0.5516328125000001 0.349609375 0.567728125 0.3408203125 0.5662640624999999 0.333984375 0.554559375 0.32421875 0.5106625 0.330078125 0.5004203125 0.3388671875 0.503346875 0.3486328125
21 0.5750437500000001 0.3671875 0.594065625 0.3583984375 0.592603125 0.349609375 0.5838234375 0.341796875 0.5721171875 0.33984375 0.5530953125 0.3505859375 0.561875 0.3662109375 0.5750437500000001 0.3671875
21 0.6218671875 0.380859375 0.6350359375 0.3740234375 0.6364984375 0.361328125 0.6306468749999999 0.35546875 0.607234375 0.35546875 0.5911390625 0.3642578125 0.6101609375 0.380859375 0.6218671875 0.380859375
21 0.62479375 0.380859375 0.6174765625 0.3837890625 0.6174765625 0.3916015625 0.6028453125000001 0.4072265625 0.6028453125000001 0.4287109375 0.618940625 0.435546875 0.6277203124999999 0.43359375 0.6379625 0.4228515625 0.6364984375 0.4140625 0.6350359375 0.3837890625 0.62479375 0.380859375
21 0.6277203124999999 0.435546875 0.618940625 0.435546875 0.5779703125 0.451171875 0.5794328125 0.4658203125 0.5633375 0.470703125 0.561875 0.4755859375 0.569190625 0.48046875 0.580896875 0.48046875 0.6218671875 0.46484375 0.6379625 0.4560546875 0.6364984375 0.443359375 0.6277203124999999 0.435546875
21 0.5955296875 0.435546875 0.5779703125 0.4296875 0.567728125 0.4345703125 0.567728125 0.4423828125 0.5896765625 0.447265625 0.5969921874999999 0.4443359375 0.5955296875 0.435546875
21 0.633571875 0.34375 0.5838234375 0.30859375 0.5750437500000001 0.30859375 0.556021875 0.3232421875 0.60138125 0.35546875 0.6306468749999999 0.35546875 0.633571875 0.34375
21 0.5574859375 0.322265625 0.5838234375 0.30859375 0.6218671875 0.328125 0.6291828125000001 0.3232421875 0.6277203124999999 0.306640625 0.6130875 0.302734375 0.5399265625 0.30078125 0.5209046875000001 0.3212890625 0.5574859375 0.322265625
21 0.6218671875 0.525390625 0.5779703125 0.509765625 0.5574859375 0.509765625 0.541390625 0.5205078125 0.5487062500000001 0.53515625 0.6160140625 0.533203125 0.6218671875 0.525390625
21 0.5721171875 0.107421875 0.5326109375 0.1298828125 0.529684375 0.1416015625 0.5399265625 0.1484375 0.5574859375 0.150390625 0.5955296875 0.134765625 0.5984546875000001 0.125 0.5911390625 0.1123046875 0.5838234375 0.107421875 0.5721171875 0.107421875
21 0.6130875 0.193359375 0.6233296875 0.1865234375 0.62479375 0.15234375 0.6043078125 0.150390625 0.5911390625 0.1650390625 0.5882125 0.1865234375 0.60138125 0.193359375 0.6130875 0.193359375
21 0.554559375 0.216796875 0.5706546875 0.2099609375 0.5984546875000001 0.15234375 0.580896875 0.140625 0.561875 0.1494140625 0.5355375 0.1982421875 0.5355375 0.2060546875 0.554559375 0.216796875
21 0.5750437500000001 0.23828125 0.537 0.20703125 0.5223687499999999 0.208984375 0.5091984375 0.2197265625 0.5150515625 0.2294921875 0.5516328125000001 0.25390625 0.5750437500000001 0.23828125
21 0.60138125 0.255859375 0.5428531249999999 0.25390625 0.5326109375 0.2587890625 0.5326109375 0.2744140625 0.592603125 0.27734375 0.6028453125000001 0.2705078125 0.60138125 0.255859375
21 0.42872187500000003 0.255859375 0.484325 0.25390625 0.4872515625 0.2421875 0.478471875 0.228515625 0.4257953125 0.23046875 0.4126265625 0.2412109375 0.415553125 0.2490234375 0.42872187500000003 0.255859375
21 0.466765625 0.125 0.42286875 0.103515625 0.403846875 0.1162109375 0.4082375 0.126953125 0.44920781249999997 0.14453125 0.4623765625 0.1416015625 0.466765625 0.125
21 0.4316484375 0.091796875 0.452134375 0.08984375 0.4550609375 0.08203125 0.4433546875 0.060546875 0.42286875 0.05859375 0.4126265625 0.0654296875 0.4126265625 0.0751953125 0.4316484375 0.091796875
21 0.49164062499999994 0.0771484375 0.4872515625 0.060546875 0.465303125 0.0615234375 0.4623765625 0.0732421875 0.479934375 0.0810546875 0.47115625000000005 0.0966796875 0.46822968749999994 0.1259765625 0.48139843750000005 0.134765625 0.4960296875 0.13671875 0.5004203125 0.1318359375 0.5077359375 0.08203125 0.49164062499999994 0.0771484375
21 0.503346875 0.1201171875 0.5077359375 0.14453125 0.5223687499999999 0.14453125 0.529684375 0.1396484375 0.5326109375 0.1298828125 0.5589484375 0.1103515625 0.5604125 0.099609375 0.537 0.091796875 0.5209046875000001 0.1005859375 0.503346875 0.1201171875
21 0.516515625 0.095703125 0.5252953125000001 0.09765625 0.5340734375 0.091796875 0.55016875 0.0908203125 0.554559375 0.05859375 0.5457796874999999 0.05078125 0.52383125 0.0517578125 0.5121249999999999 0.0791015625 0.516515625 0.095703125
21 0.479934375 0.2041015625 0.490178125 0.2109375 0.516515625 0.2109375 0.5326109375 0.2041015625 0.5340734375 0.193359375 0.5282203125 0.1875 0.5106625 0.18359375 0.484325 0.19140625 0.479934375 0.2041015625
21 0.48286093750000003 0.2314453125 0.4887140625 0.2490234375 0.49895625 0.251953125 0.5194421874999999 0.248046875 0.5223687499999999 0.240234375 0.5091984375 0.2255859375 0.5091984375 0.2138671875 0.4872515625 0.212890625 0.48286093750000003 0.2314453125
21 0.41409062499999993 0.255859375 0.403846875 0.2607421875 0.403846875 0.2724609375 0.4111640625 0.27734375 0.516515625 0.279296875 0.5267578125 0.2744140625 0.5282203125 0.263671875 0.5223687499999999 0.255859375 0.49895625 0.25390625 0.41409062499999993 0.255859375
21 0.567728125 0.2216796875 0.5765078124999999 0.2392578125 0.569190625 0.251953125 0.60138125 0.251953125 0.607234375 0.2421875 0.6028453125000001 0.2216796875 0.5955296875 0.21484375 0.5750437500000001 0.216796875 0.567728125 0.2216796875
21 0.5969921874999999 0.0673828125 0.6101609375 0.078125 0.62479375 0.078125 0.6350359375 0.0712890625 0.633571875 0.05859375 0.62479375 0.05078125 0.607234375 0.05078125 0.5969921874999999 0.0595703125 0.5969921874999999 0.0673828125
21 0.569190625 0.107421875 0.6306468749999999 0.103515625 0.633571875 0.0859375 0.6277203124999999 0.078125 0.5721171875 0.08203125 0.561875 0.0888671875 0.561875 0.1025390625 0.569190625 0.107421875
21 0.5969921874999999 0.1103515625 0.60138125 0.150390625 0.6291828125000001 0.1474609375 0.6306468749999999 0.125 0.62479375 0.10546875 0.5969921874999999 0.1103515625
21 0.5574859375 0.154296875 0.5282203125 0.146484375 0.5062734375 0.1748046875 0.5091984375 0.1826171875 0.537 0.189453125 0.55016875 0.1748046875 0.5574859375 0.154296875
21 0.44042812500000006 0.22265625 0.4331125 0.1982421875 0.4111640625 0.193359375 0.39799531250000003 0.2041015625 0.400921875 0.2158203125 0.434575 0.228515625 0.44042812500000006 0.22265625
21 0.3862890625 0.2353515625 0.4082375 0.255859375 0.4184796875 0.2529296875 0.415553125 0.2412109375 0.42286875 0.228515625 0.4111640625 0.216796875 0.39653125 0.216796875 0.3862890625 0.2236328125 0.3862890625 0.2353515625
21 0.434575 0.181640625 0.4243328125 0.1474609375 0.4053109375 0.14453125 0.389215625 0.1572265625 0.40677343749999995 0.1904296875 0.42872187500000003 0.19140625 0.434575 0.181640625
21 0.4316484375 0.1484375 0.42725937500000005 0.1533203125 0.4360390625 0.1806640625 0.4331125 0.1943359375 0.44628125 0.228515625 0.479934375 0.2255859375 0.478471875 0.185546875 0.47115625000000005 0.1513671875 0.4579859375 0.146484375 0.4316484375 0.1484375
21 0.554559375 0.095703125 0.561875 0.0947265625 0.5648015625 0.0849609375 0.5735812499999999 0.0810546875 0.5750437500000001 0.068359375 0.569190625 0.060546875 0.556021875 0.0654296875 0.55016875 0.0869140625 0.554559375 0.095703125
21 0.6511312499999999 0.14453125 0.6467421875 0.1533203125 0.6569843750000001 0.1640625 0.6686890625 0.166015625 0.7184390625 0.154296875 0.7257546875 0.1494140625 0.7242921875 0.140625 0.7155125 0.130859375 0.70088125 0.12890625 0.6511312499999999 0.14453125
21 0.67746875 0.2734375 0.689175 0.271484375 0.6979546875 0.259765625 0.6862484375 0.248046875 0.671615625 0.248046875 0.658446875 0.2568359375 0.6613734375 0.2666015625 0.67746875 0.2734375
21 0.6467421875 0.2373046875 0.6599109375000001 0.25 0.6686890625 0.25 0.6877109375 0.2412109375 0.689175 0.234375 0.6877109375 0.2216796875 0.67746875 0.216796875 0.6628375 0.220703125 0.6467421875 0.2373046875
21 0.7184390625 0.2578125 0.72868125 0.2490234375 0.72721875 0.23828125 0.7184390625 0.232421875 0.6979546875 0.232421875 0.6877109375 0.2451171875 0.696490625 0.2568359375 0.7184390625 0.2578125
21 0.72868125 0.2431640625 0.74185 0.259765625 0.7564828125 0.259765625 0.80330625 0.24609375 0.80330625 0.232421875 0.797453125 0.2265625 0.7769671875 0.2265625 0.733071875 0.234375 0.72868125 0.2431640625
21 0.784284375 0.2666015625 0.7945265625 0.2734375 0.8091578125 0.2734375 0.8194015625000001 0.2685546875 0.82964375 0.25390625 0.8179375 0.248046875 0.797453125 0.24609375 0.784284375 0.2529296875 0.784284375 0.2666015625
21 0.8194015625000001 0.2685546875 0.84135 0.283203125 0.8910984375 0.263671875 0.8984140625 0.2568359375 0.8969515625 0.25 0.8910984375 0.2421875 0.8735406250000001 0.23828125 0.8384234375 0.251953125 0.8194015625000001 0.2685546875
21 0.8135484375 0.1923828125 0.798915625 0.1845703125 0.7959890625 0.1767578125 0.7681890625000001 0.158203125 0.75355625 0.150390625 0.734534375 0.1533203125 0.7257546875 0.1689453125 0.77843125 0.1962890625 0.8208640624999999 0.236328125 0.8384234375 0.23046875 0.844275 0.22265625 0.8135484375 0.1923828125
21 0.8559812499999999 0.212890625 0.863296875 0.2080078125 0.8618343749999999 0.19140625 0.84135 0.162109375 0.8150109375 0.1640625 0.80476875 0.1728515625 0.8354968749999999 0.21484375 0.8559812499999999 0.212890625
21 0.7945265625 0.173828125 0.8076953124999999 0.1689453125 0.8150109375 0.15234375 0.7623359375 0.130859375 0.7491671875 0.1357421875 0.7403875 0.1474609375 0.75355625 0.150390625 0.7945265625 0.173828125
16 0.7828203125 0.125 0.797453125 0.12109375 0.8208640624999999 0.123046875 0.8881718749999999 0.103515625 0.8910984375 0.09375 0.8764671875 0.076171875 0.80330625 0.09765625 0.7755046875 0.1181640625 0.7828203125 0.125
21 0.774040625 0.208984375 0.772578125 0.1962890625 0.7447765625 0.189453125 0.734534375 0.1982421875 0.7374609375000001 0.2294921875 0.771115625 0.228515625 0.774040625 0.208984375
21 0.80476875 0.0634765625 0.8208640624999999 0.06640625 0.8530546875 0.056640625 0.8793921875 0.0546875 0.8793921875 0.041015625 0.8706140625 0.037109375 0.8150109375 0.0390625 0.80476875 0.0439453125 0.80476875 0.0634765625
21 0.6789328125 0.0517578125 0.6789328125 0.0654296875 0.6862484375 0.0703125 0.70380625 0.0703125 0.721365625 0.0625 0.7374609375000001 0.0537109375 0.7359984374999999 0.0390625 0.721365625 0.03125 0.709659375 0.033203125 0.6789328125 0.0517578125
21 0.8062328125 0.041015625 0.7506296875 0.037109375 0.7374609375000001 0.0419921875 0.7374609375000001 0.0556640625 0.7623359375 0.0625 0.80330625 0.064453125 0.8062328125 0.041015625
21 0.7169765625 0.1103515625 0.719903125 0.1201171875 0.7359984374999999 0.1328125 0.7681890625000001 0.12890625 0.7681890625000001 0.12109375 0.75501875 0.1044921875 0.7447765625 0.1015625 0.72721875 0.1015625 0.7169765625 0.1103515625
21 0.689175 0.12890625 0.6789328125 0.1064453125 0.6877109375 0.0966796875 0.6599109375000001 0.09765625 0.658446875 0.1376953125 0.671615625 0.138671875 0.689175 0.12890625
21 0.7447765625 0.1015625 0.7652625 0.107421875 0.785746875 0.091796875 0.7623359375 0.0859375 0.70380625 0.08203125 0.6935640624999999 0.0966796875 0.709659375 0.103515625 0.7447765625 0.1015625
16 0.7155125 0.10546875 0.6979546875 0.09765625 0.6862484375 0.09765625 0.6789328125 0.1025390625 0.6818593749999999 0.1220703125 0.6921015625 0.130859375 0.709659375 0.12890625 0.7301453125 0.134765625 0.7301453125 0.12890625 0.722828125 0.1259765625 0.7155125 0.10546875
21 0.7652625 0.06640625 0.75355625 0.05859375 0.733071875 0.056640625 0.6994171875 0.0810546875 0.7447765625 0.0859375 0.7637984375 0.0771484375 0.7652625 0.06640625
21 0.7930625 0.0888671875 0.80330625 0.09765625 0.8120843750000001 0.095703125 0.8823187499999999 0.076171875 0.8881718749999999 0.06640625 0.8793921875 0.0546875 0.8472015624999999 0.05859375 0.797453125 0.07421875 0.7930625 0.0888671875
21 0.8530546875 0.140625 0.90573125 0.126953125 0.9086578125000001 0.109375 0.8940250000000001 0.1015625 0.84135 0.115234375 0.83110625 0.1220703125 0.836959375 0.1357421875 0.8530546875 0.140625
21 0.863296875 0.2294921875 0.8735406250000001 0.236328125 0.8940250000000001 0.236328125 0.9013406249999999 0.2294921875 0.90573125 0.134765625 0.8881718749999999 0.130859375 0.8750031249999999 0.1376953125 0.8720765625 0.1455078125 0.863296875 0.2294921875
21 0.8194015625000001 0.1533203125 0.8325703125 0.162109375 0.8530546875 0.1640625 0.860371875 0.1591796875 0.8589078125 0.1484375 0.850128125 0.140625 0.8325703125 0.140625 0.822328125 0.1455078125 0.8194015625000001 0.1533203125
21 0.8910984375 0.1015625 0.8325703125 0.12109375 0.785746875 0.125 0.77843125 0.1357421875 0.8062328125 0.146484375 0.8267171875000001 0.138671875 0.8618343749999999 0.138671875 0.90573125 0.126953125 0.9086578125000001 0.109375 0.8998781250000001 0.1015625 0.8910984375 0.1015625
21 0.9993765625 0.166015625 0.9496265625 0.146484375 0.9306046875 0.1572265625 0.9306046875 0.1650390625 0.9408484375 0.171875 0.99645 0.19921875 0.9993765625 0.166015625
21 0.9993765625 0.1328125 0.9788921875 0.12109375 0.952553125 0.119140625 0.939384375 0.1318359375 0.939384375 0.1416015625 0.99645 0.162109375 0.9993765625 0.1328125
21 0.9876703125 0.22265625 0.939384375 0.2373046875 0.93353125 0.2490234375 0.9467015625 0.26171875 0.9642593749999999 0.26171875 0.971575 0.2568359375 0.9876703125 0.22265625
21 0.93353125 0.2216796875 0.9496265625 0.232421875 0.9671859375 0.228515625 0.9891343750000001 0.2158203125 0.9891343750000001 0.2099609375 0.9979140624999999 0.2060546875 0.99645 0.19921875 0.9730390625 0.189453125 0.93353125 0.2119140625 0.93353125 0.2216796875
21 0.9993765625 0.2265625 0.99645 0.22265625 0.9891343750000001 0.2255859375 0.9745015625000001 0.2470703125 0.9876703125 0.26171875 0.9979140624999999 0.2607421875 0.9993765625 0.2265625
21 0.939384375 0.1083984375 0.952553125 0.119140625 0.9701124999999999 0.119140625 0.9832812499999999 0.1083984375 0.9818187500000001 0.1015625 0.9642593749999999 0.0859375 0.9496265625 0.087890625 0.939384375 0.0947265625 0.939384375 0.1083984375
21 0.9423109375 0.0751953125 0.9554796874999999 0.083984375 0.9701124999999999 0.083984375 0.9803546875 0.0751953125 0.98474375 0.037109375 0.9730390625 0.02734375 0.95840625 0.02734375 0.9481640625000001 0.0341796875 0.9423109375 0.0751953125
21 0.971575 0.0830078125 0.98474375 0.09765625 0.9979140624999999 0.0927734375 0.9993765625 0.072265625 0.98474375 0.06640625 0.971575 0.0830078125
21 0.9803546875 0.1103515625 0.9905968749999999 0.119140625 1 0.1142578125 0.9993765625 0.09375 0.9891343750000001 0.0966796875 0.9803546875 0.1103515625
16 0.9496265625 0.390625 0.99645 0.390625 0.9993765625 0.380859375 0.9979140624999999 0.3662109375 0.9905968749999999 0.365234375 0.952553125 0.375 0.9452375 0.3857421875 0.9496265625 0.390625
21 0.9452375 0.3583984375 0.952553125 0.365234375 0.9730390625 0.3671875 0.9920609375 0.3564453125 0.9905968749999999 0.3515625 0.9701124999999999 0.337890625 0.95840625 0.337890625 0.9452375 0.3466796875 0.9452375 0.3583984375
21 0.9949875 0.3349609375 1 0.3232421875 0.9993765625 0.298828125 0.9876703125 0.298828125 0.977428125 0.3056640625 0.9686484375 0.3369140625 0.9788921875 0.341796875 0.9949875 0.3349609375
20 0.9540171875000001 0.5302734375 0.9730390625 0.533203125 0.9730390625 0.521484375 0.971575 0.5068359375 0.9671859375 0.501953125 0.95840625 0.501953125 0.9481640625000001 0.5107421875 0.9540171875000001 0.5302734375
20 0.98474375 0.44921875 0.9467015625 0.44140625 0.93353125 0.4638671875 0.9613328125 0.47265625 0.9759656250000001 0.47265625 0.9862078125 0.4599609375 0.98474375 0.44921875
21 0.9788921875 0.525390625 0.99645 0.5234375 0.9993765625 0.5078125 0.9979140624999999 0.4892578125 0.9788921875 0.48828125 0.971575 0.4931640625 0.971575 0.5205078125 0.9788921875 0.525390625
21 0.9745015625000001 0.5341796875 0.9905968749999999 0.546875 1 0.5439453125 0.9993765625 0.525390625 0.9818187500000001 0.52734375 0.9745015625000001 0.5341796875
20 0.8998781250000001 0.4921875 0.9159734374999999 0.4853515625 0.9174359375 0.470703125 0.8676875000000001 0.453125 0.8589078125 0.453125 0.848665625 0.4638671875 0.8706140625 0.48828125 0.8998781250000001 0.4921875
21 0.8208640624999999 0.314453125 0.83110625 0.3095703125 0.82964375 0.30078125 0.8120843750000001 0.29296875 0.798915625 0.2978515625 0.7959890625 0.3076171875 0.8091578125 0.314453125 0.8208640624999999 0.314453125
21 0.8457390625000001 0.3076171875 0.8428125 0.3154296875 0.8793921875 0.322265625 0.8793921875 0.310546875 0.8589078125 0.302734375 0.8457390625000001 0.3076171875
21 0.7359984374999999 0.396484375 0.67746875 0.3984375 0.6730796875 0.4091796875 0.6862484375 0.416015625 0.7301453125 0.416015625 0.7374609375000001 0.4091796875 0.7359984374999999 0.396484375
21 0.708196875 0.4951171875 0.708196875 0.5048828125 0.72721875 0.521484375 0.7564828125 0.517578125 0.7594093749999999 0.5 0.75501875 0.4892578125 0.7477031249999999 0.486328125 0.7184390625 0.48828125 0.708196875 0.4951171875
20 0.766725 0.4677734375 0.7696515625 0.4892578125 0.7828203125 0.51171875 0.8018421874999999 0.5107421875 0.7901374999999999 0.4912109375 0.810621875 0.4775390625 0.8091578125 0.46875 0.8003796875000001 0.4609375 0.77989375 0.4609375 0.766725 0.4677734375
21 0.9935234375 0.4140625 0.95840625 0.4140625 0.9481640625000001 0.4228515625 0.9481640625000001 0.4306640625 0.9613328125 0.4375 0.9788921875 0.435546875 0.9935234375 0.4140625
21 0.99645 0.390625 0.9613328125 0.390625 0.9540171875000001 0.3955078125 0.9540171875000001 0.4072265625 0.9613328125 0.412109375 0.99645 0.412109375 0.99645 0.390625
21 0.9818187500000001 0.48828125 0.9979140624999999 0.4833984375 0.99645 0.462890625 0.9876703125 0.4609375 0.9818187500000001 0.470703125 0.95694375 0.4755859375 0.9671859375 0.5 0.9818187500000001 0.48828125
21 0.9730390625 0.1875 0.9467015625 0.173828125 0.939384375 0.1767578125 0.939384375 0.1884765625 0.952553125 0.1953125 0.9671859375 0.193359375 0.9730390625 0.1875
21 0.75355625 0.27734375 0.7608718750000001 0.2744140625 0.7623359375 0.26171875 0.74185 0.259765625 0.7301453125 0.25 0.722828125 0.2568359375 0.722828125 0.2724609375 0.75355625 0.27734375
21 0.7389234375 0.1875 0.7052703124999999 0.1845703125 0.6906375 0.2197265625 0.695028125 0.228515625 0.7067328125000001 0.232421875 0.72868125 0.2314453125 0.7389234375 0.1875
21 0.6979546875 0.173828125 0.6833218750000001 0.1640625 0.6613734375 0.1689453125 0.658446875 0.2099609375 0.671615625 0.216796875 0.6935640624999999 0.2138671875 0.6979546875 0.173828125
21 0.696490625 0.1611328125 0.696490625 0.1708984375 0.7125859375 0.18359375 0.7359984374999999 0.185546875 0.7389234375 0.177734375 0.7257546875 0.1689453125 0.7242921875 0.15625 0.7067328125000001 0.15625 0.696490625 0.1611328125
21 0.8062328125 0.06640625 0.774040625 0.0625 0.766725 0.0673828125 0.7637984375 0.0849609375 0.7916000000000001 0.08984375 0.7930625 0.0771484375 0.8062328125 0.06640625
21 0.785746875 0.25390625 0.771115625 0.255859375 0.7637984375 0.2646484375 0.77989375 0.275390625 0.8062328125 0.2734375 0.8194015625000001 0.2666015625 0.8267171875000001 0.25390625 0.8179375 0.248046875 0.797453125 0.24609375 0.785746875 0.25390625
20 0.618940625 0.1953125 0.58675 0.185546875 0.5765078124999999 0.1943359375 0.582359375 0.2119140625 0.58675 0.21484375 0.6160140625 0.208984375 0.618940625 0.1953125
21 0.59991875 0.2138671875 0.6101609375 0.25 0.6174765625 0.2470703125 0.618940625 0.2109375 0.6101609375 0.208984375 0.59991875 0.2138671875
20 0.5091984375 0.1826171875 0.5062734375 0.1767578125 0.516515625 0.15625 0.5018828125 0.1484375 0.48286093750000003 0.1552734375 0.4770078125 0.1630859375 0.48139843750000005 0.1875 0.5091984375 0.1826171875
21 0.5735812499999999 0.0595703125 0.5779703125 0.080078125 0.60138125 0.078125 0.60138125 0.072265625 0.5955296875 0.056640625 0.5735812499999999 0.0595703125
20 0.4082375 0.310546875 0.400921875 0.3173828125 0.3921421875 0.3583984375 0.4082375 0.373046875 0.47261875 0.37109375 0.5004203125 0.3623046875 0.5018828125 0.34765625 0.49895625 0.3046875 0.4257953125 0.306640625 0.4082375 0.310546875
20 0.44042812500000006 0.509765625 0.434575 0.490234375 0.40970000000000006 0.4931640625 0.403846875 0.5068359375 0.4111640625 0.515625 0.4316484375 0.51953125 0.44042812500000006 0.509765625
20 0.3994578125 0.462890625 0.41409062499999993 0.462890625 0.4184796875 0.4580078125 0.42286875 0.4296875 0.39506874999999997 0.4306640625 0.3994578125 0.462890625
20 0.4696921875 0.53515625 0.5252953125000001 0.5234375 0.5282203125 0.513671875 0.49895625 0.5 0.44042812500000006 0.513671875 0.42140625 0.5283203125 0.4257953125 0.533203125 0.4696921875 0.53515625
20 0.537 0.5390625 0.5443171875 0.5361328125 0.5428531249999999 0.529296875 0.5399265625 0.525390625 0.5135890625 0.525390625 0.5004203125 0.5302734375 0.5004203125 0.5361328125 0.537 0.5390625
20 0.5106625 0.505859375 0.529684375 0.4970703125 0.5282203125 0.490234375 0.5062734375 0.4580078125 0.49310312500000003 0.45703125 0.4887140625 0.4599609375 0.49164062499999994 0.4775390625 0.5106625 0.505859375
20 0.5062734375 0.4541015625 0.5282203125 0.490234375 0.5604125 0.482421875 0.5604125 0.4765625 0.5340734375 0.443359375 0.5062734375 0.4541015625
20 0.48139843750000005 0.376953125 0.47115625000000005 0.3837890625 0.46822968749999994 0.3935546875 0.478471875 0.40625 0.5018828125 0.41015625 0.517978125 0.4013671875 0.5194421874999999 0.38671875 0.5150515625 0.3779296875 0.5018828125 0.373046875 0.48139843750000005 0.376953125
21 0.5574859375 0.43359375 0.60138125 0.431640625 0.60138125 0.4140625 0.592603125 0.40625 0.5633375 0.419921875 0.5487062500000001 0.421875 0.5472421875 0.4287109375 0.5574859375 0.43359375
21 0.6218671875 0.634765625 0.6482046875 0.640625 0.6569843750000001 0.638671875 0.6643 0.6298828125 0.6628375 0.6171875 0.6423515625 0.61328125 0.6057718750000001 0.6337890625 0.6057718750000001 0.6396484375 0.6218671875 0.634765625
21 0.484325 0.025390625 0.4960296875 0.025390625 0.49895625 0.02734375 0.504809375 0.02734375 0.5077359375 0.029296875 0.5194421874999999 0.029296875 0.5223687499999999 0.03125 0.529684375 0.0263671875 0.529684375 0.0244140625 0.5355375 0.0205078125 0.5355375 0.0107421875 0.5340734375 0.009765625 0.5252953125000001 0.00390625 0.5077359375 0.00390625 0.49895625 0.0078125 0.484325 0.0078125 0.48139843750000005 0.005859375 0.4755453125 0.005859375 0.47115625000000005 0.0087890625 0.47115625000000005 0.0185546875 0.4740828125 0.0205078125 0.4755453125 0.0234375 0.48139843750000005 0.0234375 0.484325 0.025390625
21 0.4316484375 0.044921875 0.434575 0.04296875 0.4433546875 0.04296875 0.44774375 0.0400390625 0.44774375 0.0263671875 0.44628125 0.025390625 0.44042812500000006 0.021484375 0.43750156249999994 0.021484375 0.434575 0.01953125 0.41994375 0.01953125 0.415553125 0.0224609375 0.415553125 0.0244140625 0.4126265625 0.0263671875 0.4126265625 0.0380859375 0.4184796875 0.0419921875 0.4184796875 0.0439453125 0.41994375 0.044921875 0.4316484375 0.044921875
21 0.4053109375 0 0.403846875 0.0009765625 0.403846875 0.0029296875 0.40677343749999995 0.0048828125 0.4082375 0.0078125 0.4111640625 0.0078125 0.42286875 0.015625 0.4257953125 0.015625 0.42872187500000003 0.017578125 0.43750156249999994 0.01953125 0.4433546875 0.0234375 0.44628125 0.0234375 0.44920781249999997 0.025390625 0.4550609375 0.025390625 0.4579859375 0.0234375 0.46091249999999995 0.0234375 0.46822968749999994 0.0185546875 0.46822968749999994 0.0107421875 0.47115625000000005 0.0087890625 0.47115625000000005 0.0048828125 0.4696921875 0.00390625 0.46383906250000007 0 0.4053109375 0
21 0.4755453125 0.04296875 0.479934375 0.0400390625 0.479934375 0.0302734375 0.48286093750000003 0.0283203125 0.48286093750000003 0.0263671875 0.48139843750000005 0.025390625 0.478471875 0.025390625 0.4755453125 0.0234375 0.46091249999999995 0.0234375 0.4579859375 0.025390625 0.4550609375 0.025390625 0.453596875 0.0263671875 0.453596875 0.0283203125 0.45067031249999995 0.0302734375 0.45067031249999995 0.0380859375 0.44774375 0.0400390625 0.452134375 0.04296875 0.4755453125 0.04296875
21 0.5326109375 0.0224609375 0.5326109375 0.0244140625 0.529684375 0.0263671875 0.529684375 0.0341796875 0.537 0.0390625 0.5750437500000001 0.0390625 0.5779703125 0.037109375 0.580896875 0.037109375 0.5911390625 0.0302734375 0.5911390625 0.0263671875 0.5896765625 0.025390625 0.58675 0.0234375 0.5838234375 0.0234375 0.5750437500000001 0.01953125 0.569190625 0.01953125 0.5662640624999999 0.017578125 0.5604125 0.017578125 0.5574859375 0.015625 0.5516328125000001 0.015625 0.5487062500000001 0.013671875 0.5457796874999999 0.015625 0.5428531249999999 0.015625 0.5326109375 0.0224609375
21 0.7301453125 0 0.72868125 0.0009765625 0.72868125 0.0087890625 0.7316078125 0.0107421875 0.7316078125 0.0126953125 0.7389234375 0.017578125 0.7506296875 0.017578125 0.75355625 0.01953125 0.7623359375 0.01953125 0.7652625 0.017578125 0.7886734375 0.017578125 0.7916000000000001 0.015625 0.797453125 0.015625 0.8018421874999999 0.0126953125 0.8003796875000001 0.01171875 0.7945265625 0.0078125 0.7916000000000001 0.0078125 0.785746875 0.00390625 0.77989375 0.00390625 0.774040625 0 0.7301453125 0