6 1 0.3936890625 0.9789218749999999 0.37908906249999996 0.9627546875 0.3017546875 0.85220625 0.21136875000000002 0.8676109375 0.2089 0.9059515625 0.145315625 0.9100234374999999 0.106459375 0.6019796875 0.045295312500000004 0.5834109375 0.0718421875 0.5660609375 0.1708078125 0.5342 0.1607453125 0.5335921875 0.13835312500000002 0.5127531249999999 0.1327515625 0.3819953125 0.15588125 0.339265625 0.184946875 0.2420421875 0.2969875 0.15264375 0.244125 0.1497734375 0.2310390625 0.12214375 0.23953125000000003 0.15839375 0.31175312499999996 0.2224265625 0.3914390625 0.1559890625 0.3880015625 0.1448296875 0.4781171875 0.1517953125 0.6043406250000001 0.09592031250000001 0.571303125 0.08158593750000001 0.630228125 0.081859375 0.6666921875 0.1012546875 0.8246593750000001 0.1314484375 0.8400703125 0.1172625 0.8873234374999999 0.13191250000000002 0.88795625 0.1371984375 0.9076984375 0.35736093750000003 0.9650671875000001 0.589909375 1 1 1 1 0.3936890625
14 1 0.6487828125 0.99285625 0.6453578125 0.8791484374999999 0.6066890625 0.76876875 0.5875359375 0.7585 0.5937890625 0.76153125 0.6642875 0.7496109375 0.7160515625 0.758678125 0.7479265625 0.8065453125 0.76409375 0.8613625 0.7959484375 0.9836750000000001 0.8324265625 1 0.8337796875000001 1 0.6487828125
17 0.7121593749999999 0.68195625 0.7132015625 0.58641875 0.66744375 0.5588015625 0.6357296875 0.5232453125000001 0.5975234375 0.5060671875 0.5877078124999999 0.50493125 0.5804625 0.5125968750000001 0.5650578125 0.4874296875 0.5173421874999999 0.5010390625000001 0.477640625 0.559153125 0.4854953125 0.5876953125 0.5197812500000001 0.632053125 0.533678125 0.6634249999999999 0.6115999999999999 0.7053921875 0.6994828125 0.72300625 0.7121593749999999 0.68195625
17 0.9119875000000001 0.1066875 0.8718187500000001 0.08928125 0.738484375 0.07597343749999999 0.6940890625 0.0538296875 0.593975 0.0422421875 0.5665125 0.163421875 0.57255625 0.1800640625 0.5885625 0.18616875 0.7089015625 0.1533296875 0.7693015625 0.1539421875 0.8135453125 0.1739453125 0.8664046875 0.219390625 0.87726875 0.180259375 0.918028125 0.12332812500000001 0.9119875000000001 0.1066875
17 0.252309375 0.30455156250000004 0.3300828125 0.35819531250000003 0.37130312499999996 0.3353328125 0.410115625 0.3749 0.4339734375 0.36809375 0.449521875 0.340134375 0.48303906249999995 0.3185046875 0.5167109375 0.3128375 0.5096046875 0.2673734375 0.5191078124999999 0.20895156250000002 0.5070281249999999 0.2033015625 0.517746875 0.203478125 0.528765625 0.1803109375 0.5349546875 0.1576421875 0.5302687500000001 0.13265312499999998 0.45658281250000005 0.13687812500000002 0.3726328125 0.161175 0.293371875 0.2380921875 0.2506515625 0.2947953125 0.252309375 0.30455156250000004
17 0.3178796875 0.516215625 0.3082171875 0.5310390625 0.31169375 0.5527 0.332084375 0.5933234374999999 0.32545 0.637196875 0.37195625 0.6478953125 0.3887203125 0.664715625 0.4214875 0.67381875 0.45078125 0.6612671875 0.48007343750000003 0.66253125 0.5022656249999999 0.632153125 0.5036234375 0.623809375 0.4747734375 0.5737015624999999 0.4740171875 0.5629828125 0.483675 0.5343421875 0.5088890625 0.505375 0.502090625 0.49183125 0.463278125 0.452265625 0.40679999999999994 0.4244703125 0.372375 0.4332421875 0.3512375 0.45099062500000003 0.333578125 0.4765796875 0.3343375 0.51493125 0.3178796875 0.516215625
17 0.5668703125000001 0.4855125 0.5815171875 0.4999625 0.629234375 0.5139890625 0.6820875 0.5456171875 0.71999375 0.5861421874999999 0.7426453125 0.5898265625 0.7822046874999999 0.571021875 0.7778203125 0.5365031250000001 0.80695625 0.5079875 0.8126875 0.4512546875 0.6749625 0.3619765625 0.5457015625 0.32363125 0.49481562500000004 0.3198671875 0.451784375 0.34464843749999996 0.44288125 0.3701875 0.41887187499999995 0.37485 0.39487031250000004 0.407146875 0.3987984375 0.4214171875 0.4345875 0.43193906249999997 0.477471875 0.4602859375 0.51145625 0.5003578125 0.5668703125000001 0.4855125
17 1 0.3899765625 0.9916046875 0.3794953125 0.9695578125000001 0.3705640625 0.9460078125000001 0.395475 0.9401171875 0.39479375 0.9230515625000001 0.3736859375 0.9151984375 0.3727765625 0.8990453125 0.39216562499999996 0.85375 0.41243281249999997 0.847715625 0.437240625 0.82355625 0.43975937500000006 0.8093734375 0.5146453125 0.8922734374999999 0.53061875 0.9128046875000001 0.5042953125 0.9624765625 0.46328125 0.998109375 0.4440203125 1 0.44202031249999996 1 0.3899765625
13 1 0.4398515625 0.9328843750000001 0.48536250000000003 0.8933296875 0.5318046875 0.8264374999999999 0.5219359375 0.80650625 0.5291921875 0.80395 0.575665625 0.8118015625 0.5903906250000001 0.9187109375 0.6155171875 1 0.6499625 1 0.4398515625
13 0.211171875 0.811034375 0.2359484375 0.8861765625 0.2595046875 0.9027234375000001 0.2687203125 0.9229218749999999 0.305415625 0.9463015625000001 0.356453125 0.952209375 0.3689828125 0.936653125 0.376234375 0.9566250000000001 0.43225781249999995 0.9779890625000001 0.5530578125 0.9930328125000001 0.5702703125 0.988646875 0.5687578125 0.9672140625000001 0.4950546875 0.8608984375000001 0.49383906250000004 0.8161203125000001 0.467709375 0.7769546875 0.5249328125 0.746378125 0.5451625 0.7157703125 0.5321671875 0.669625 0.511325 0.636390625 0.43236875 0.7314140625000001 0.38706874999999996 0.710225 0.3841921875 0.6695031250000001 0.3724109375 0.6543234375 0.30929375000000003 0.642765625 0.2250359375 0.6489578125000001 0.211171875 0.811034375
17 0.1892453125 0.624621875 0.1637296875 0.6216671875 0.13201093749999998 0.5861078125 0.09969687499999999 0.5696140625 0.0933546875 0.576321875 0.07986093749999999 0.650415625 0.08205625 0.6682953125 0.085671875 0.688096875 0.0862046875 0.702078125 0.09968906250000001 0.81190625 0.1254078125 0.8234296875 0.1400546875 0.8240609375 0.18263125 0.80666875 0.20573281250000003 0.7891468749999999 0.212665625 0.721928125 0.20737343749999998 0.674546875 0.1990640625 0.6395734375 0.1892453125 0.624621875
17 1 0.8361062499999999 0.9613296874999999 0.8330296875000001 0.8634765625 0.79831875 0.8450546875 0.7993765625 0.889615625 0.8927515625 0.9448812500000001 0.9034000000000001 0.9719078124999999 0.90015 1 0.9132890625 1 0.8361062499999999
12 0.50094375 0.8615796874999999 0.543225 0.8813578124999999 0.539153125 0.9063921875000001 0.5758578125 0.9850421875 0.6095312500000001 0.9931921875 0.6074125 0.9631875000000001 0.592159375 0.9401640625000001 0.6235640625000001 0.9299828124999999 0.714303125 0.8639546875 0.773190625 0.8707703125 0.8077765625 0.8917828125 0.8798015625 0.891615625 0.8461140625000001 0.814378125 0.788878125 0.7620484375000001 0.5421390625 0.686725 0.5471265625 0.7159984374999999 0.538671875 0.7341515625 0.48718593749999994 0.7632656250000001 0.4794890625 0.7783171875 0.49731249999999994 0.8101437499999999 0.50094375 0.8615796874999999
13 1 0.9124281249999999 0.982028125 0.9055734375 0.9584703125 0.902846875 0.9472984375 0.9100546875 0.8566984375000001 0.8953203125 0.775309375 0.9007781250000001 0.7580984374999999 0.9189812500000001 0.7479875 0.9411953125 0.7467843750000001 0.97931875 0.7307828125 1 1 1 1 0.9124281249999999