6 0.5523671875 0.6240234375 0.51408125 0.6552749999999999 0.49935937499999994 0.7255859375 0.53028125 0.7578140624999999 0.561203125 0.7587906249999999 0.5553125 0.8681625000000001 0.598015625 0.875 0.6451328125 0.8671859375000001 0.679 0.8486328125 0.6863625 0.830078125 0.7393703125 0.875 0.8233046875 0.8232406250000001 0.758515625 0.6552749999999999 0.7290671875 0.6494140625 0.734953125 0.6123062499999999 0.779128125 0.6083984375 0.752625 0.6005859375 0.7496796875 0.5302749999999999 0.7246484375 0.515625 0.6510234374999999 0.515625 0.58034375 0.478515625 0.47727343749999995 0.49023281250000006 0.5023046875 0.5361328125 0.575925 0.5712906249999999 0.5523671875 0.6240234375
13 0.7305390625 0.869140625 0.742315625 0.87109375 0.8041609375000001 0.8398453124999999 0.8233046875 0.8232406250000001 0.8115234375 0.7705078125 0.758515625 0.6572250000000001 0.751153125 0.6523453124999999 0.72759375 0.6601546875000001 0.7172859375 0.6708984375 0.723175 0.6767593749999999 0.714340625 0.6826171875 0.7202296875 0.6962906249999999 0.7172859375 0.7255859375 0.677528125 0.76953125 0.6760546875 0.7841781250000001 0.6937265625 0.8212906249999999 0.7305390625 0.869140625
13 0.5582578125000001 0.8681625000000001 0.5656218749999999 0.873046875 0.592125 0.873046875 0.60390625 0.869140625 0.62451875 0.8671859375000001 0.640715625 0.8544921875 0.6348281250000001 0.8427749999999999 0.62451875 0.8359375 0.598015625 0.830078125 0.5832890625 0.818359375 0.5773984375000001 0.81640625 0.568565625 0.81640625 0.5582578125000001 0.8212906249999999 0.556784375 0.830078125 0.5553125 0.8564453125 0.5582578125000001 0.8583984375 0.5582578125000001 0.8681625000000001
13 0.60390625 0.830078125 0.6127374999999999 0.830078125 0.621575 0.833984375 0.6569140625000001 0.833984375 0.673109375 0.8251937500000001 0.6760546875 0.8076171875 0.6819453125 0.7978515625 0.6760546875 0.7880859375 0.6628046875 0.7773453124999999 0.6421875 0.767578125 0.62451875 0.7636703125000001 0.6112656249999999 0.7705078125 0.6112656249999999 0.7744140625 0.602434375 0.7822250000000001 0.602434375 0.7861328125 0.5891796874999999 0.8046859375000001 0.58770625 0.8115234375 0.5906515625 0.8173828125 0.60390625 0.830078125
13 0.659859375 0.7597671874999999 0.6716375 0.7617171875000001 0.7025578125 0.7431625000000001 0.70845 0.7373062499999999 0.714340625 0.7177749999999999 0.7172859375 0.7158218749999999 0.7172859375 0.7001937500000001 0.70845 0.6826171875 0.6922546875 0.66796875 0.6804718750000001 0.66796875 0.66575 0.671875 0.6466046875 0.6865234375 0.643659375 0.6923828125 0.643659375 0.7177749999999999 0.6466046875 0.7197250000000001 0.64955 0.7373062499999999 0.6421875 0.744140625 0.6421875 0.751953125 0.6510234374999999 0.75390625 0.659859375 0.7597671874999999
13 0.5023046875 0.5361328125 0.57445625 0.568359375 0.578871875 0.5810546875 0.60390625 0.5976546875000001 0.6068515624999999 0.5957015625000001 0.62451875 0.603515625 0.6421875 0.603515625 0.6716375 0.587890625 0.6834171875 0.5859375 0.6981453125 0.587890625 0.70403125 0.5937484375000001 0.7113953125 0.5927749999999999 0.705503125 0.5888671875 0.70845 0.5693374999999999 0.7025578125 0.5615234375 0.6863625 0.546875 0.677528125 0.556640625 0.673109375 0.5556625000000001 0.6760546875 0.5322250000000001 0.6701640624999999 0.5244140625 0.659859375 0.517578125 0.6451328125 0.515625 0.6333562500000001 0.50390625 0.5950703125000001 0.482421875 0.568565625 0.478515625 0.5420625 0.482421875 0.5214453125 0.49023281250000006 0.4890515625 0.484375 0.47727343749999995 0.49218593750000006 0.4758 0.5048828125 0.4905234375 0.5166015625 0.5023046875 0.5361328125
13 0.6171562500000001 0.6513671875 0.6348281250000001 0.6611328125 0.640715625 0.6728515625 0.6510234374999999 0.6777328125000001 0.66575 0.669921875 0.6804718750000001 0.666015625 0.69078125 0.6591781250000001 0.69078125 0.6552749999999999 0.673109375 0.6455078125 0.6642765625 0.6318374999999999 0.6642765625 0.6240234375 0.64955 0.6162093750000001 0.648078125 0.6132828124999999 0.6333562500000001 0.609375 0.6274640625 0.60546875 0.6097921875 0.599609375 0.6009609375 0.6015625 0.5994890625 0.6318374999999999 0.6112656249999999 0.6416015625 0.6171562500000001 0.6513671875
13 0.667221875 0.6357406250000001 0.673109375 0.6435546875 0.6937265625 0.6572250000000001 0.6937265625 0.6650390625 0.6981453125 0.66796875 0.7158125 0.66796875 0.7202296875 0.6650390625 0.7202296875 0.6591781250000001 0.7261203125 0.6513671875 0.7261203125 0.6298828125 0.7320125 0.6201171875 0.7320125 0.6123062499999999 0.7172859375 0.5927749999999999 0.7069765625 0.5859375 0.6716375 0.5859375 0.66133125 0.5927749999999999 0.6510234374999999 0.60546875 0.64955 0.6103515625 0.6642765625 0.6220703125 0.667221875 0.6357406250000001
13 0.5906515625 0.6884765625 0.5994890625 0.7041015625 0.5994890625 0.7119140625 0.593596875 0.7177749999999999 0.593596875 0.7255859375 0.6068515624999999 0.734375 0.62451875 0.7363296874999999 0.6421875 0.7421859375000001 0.6466046875 0.7392593749999999 0.6466046875 0.7236328125 0.643659375 0.7216781250000001 0.643659375 0.6982406250000001 0.640715625 0.6962906249999999 0.640715625 0.6748062499999999 0.6377734375 0.6728515625 0.6377734375 0.6669921875 0.6318828125 0.6591781250000001 0.6009609375 0.6386703125000001 0.586234375 0.6562484375000001 0.5847625 0.6689453125 0.5906515625 0.6806625000000001 0.5906515625 0.6884765625
13 0.5273359375 0.7109375 0.536171875 0.7167984374999999 0.5538390625 0.7167984374999999 0.561203125 0.7138671875 0.56709375 0.7080078125 0.572984375 0.6923828125 0.5818171875 0.6806625000000001 0.5818171875 0.6689453125 0.56709375 0.6533218749999999 0.5450046875 0.642578125 0.53028125 0.640625 0.5170265625 0.6513671875 0.51408125 0.6572250000000001 0.5126125 0.6972671874999999 0.511140625 0.7041015625 0.51408125 0.7080078125 0.5273359375 0.7109375
13 0.5391171875 0.751953125 0.556784375 0.751953125 0.561203125 0.7490234375 0.5641484375 0.7119140625 0.5818171875 0.6826171875 0.5818171875 0.6689453125 0.5626765625 0.650390625 0.536171875 0.640625 0.524390625 0.642578125 0.5170265625 0.6513671875 0.511140625 0.7119140625 0.5008328125 0.724609375 0.49935937499999994 0.7373062499999999 0.5185 0.748046875 0.5391171875 0.751953125
13 0.70845 0.5849609375 0.7202296875 0.5947250000000001 0.7261203125 0.6044921875 0.73348125 0.609375 0.7393703125 0.609375 0.752625 0.5986328125 0.752625 0.5908218749999999 0.758515625 0.5830078125 0.758515625 0.5654296875 0.7482078125 0.55859375 0.742315625 0.55859375 0.73348125 0.5546859375000001 0.7290671875 0.5517593749999999 0.7290671875 0.5478515625 0.721703125 0.54296875 0.70403125 0.541015625 0.6922546875 0.544921875 0.69078125 0.5498062499999999 0.70845 0.5693374999999999 0.70845 0.5849609375