6 0.6785281249999999 0 0.63236875 0.0469125 0.6255796874999999 0.4296875 1 0.4296875 1 0 0.9632734375 0 0.9591687500000001 0.0005375 0.9573453125 0 0.6785281249999999 0
6 0.3796875 1 0.3796875 0.4296875 0.058273437500000004 0.4296875 0.056960937499999996 0.43850156250000005 0.059282812500000004 0.44416874999999995 0.056960937499999996 0.475340625 0.0465171875 0.482425 0.011703125 0.4909265625 0 0.48071875000000003 0 0.49930624999999995 0.001259375 0.5008453125 0.001259375 0.5121796875 0 0.5139750000000001 0 0.7139453125 0.00358125 0.71054375 0.008221875 0.6878734375 0.025629687499999998 0.660953125 0.0558015625 0.6581187500000001 0.059282812500000004 0.6623703125 0.059282812500000004 0.685040625 0.0534796875 0.6864578125 0.040715625 0.71054375 0.0325921875 0.7147953125 0.00358125 0.7502171875 0.015184375 0.7955578125 0.0325921875 0.8168109375 0.039554687500000005 0.8196453125 0.043035937499999996 0.8295625 0.0604421875 0.8508156250000001 0.0940953125 0.8664015624999999 0.0940953125 0.8834046875 0.10105781250000001 0.9145765625 0.114984375 0.92024375 0.1173046875 0.931578125 0.12426718750000001 0.9344125 0.12194687500000001 0.9400796874999999 0.1277484375 0.9499984375 0.132390625 0.941496875 0.135871875 0.9429140625000001 0.128909375 0.9599171875 0.1370328125 0.9755015625000001 0.1439953125 0.9783359375 0.146315625 0.9755015625000001 0.149796875 0.979753125 0.149796875 0.9995890624999999 0.1501328125 1 0.162128125 1 0.1672046875 0.989671875 0.1741671875 0.989671875 0.1788078125 0.9953390625 0.197375 0.9868375 0.20384375000000002 1 0.3796875 1
7 0.299990625 1 0.3029765625 0.9854203125 0.30065624999999996 0.9089078125000001 0.2960140625 0.8692359375 0.2867296875 0.84373125 0.27164375 0.8281453125 0.25771875 0.8253125000000001 0.24843593749999998 0.8139765625000001 0.23683125 0.8139765625000001 0.217103125 0.8238953125 0.20549843750000002 0.8550671875000001 0.20085625000000001 0.9060750000000001 0.20085625000000001 0.9882546874999999 0.20455625 1 0.299990625 1
3 0.30065624999999996 0.5575203125 0.294853125 0.587275 0.336234375 0.59704375 0.33330000000000004 0.607553125 0.2936921875 0.6000265625 0.291371875 0.6510343749999999 0.298334375 0.6737046875 0.308778125 0.6864578125 0.33082656250000003 0.6878734375 0.341271875 0.6807890624999999 0.3796875 0.6863078125000001 0.3796875 0.5367890625 0.37840625 0.5362671875 0.35055468749999996 0.5107625 0.3319875 0.5107625 0.3203828125 0.5192640625 0.3099390625 0.5348499999999999 0.30065624999999996 0.5575203125
3 0.203178125 0.8267296875 0.199696875 0.822478125 0.1741671875 0.8253125000000001 0.1439953125 0.8111437499999999 0.12658750000000002 0.8579000000000001 0.12658750000000002 0.874903125 0.1312296875 0.889071875 0.1486375 0.9074921874999999 0.1846109375 0.9089078125000001 0.1950546875 0.9046578125 0.20085625000000001 0.8947390625 0.203178125 0.8267296875
3 0.22290625 0.45692187500000003 0.203178125 0.475340625 0.20549843750000002 0.4810078125 0.19389375 0.503678125 0.1915734375 0.5150140624999999 0.19389375 0.5518531249999999 0.20085625000000001 0.56885625 0.220584375 0.590109375 0.2321890625 0.5957765625 0.2542375 0.594359375 0.2530765625 0.590109375 0.2403125 0.5858578125 0.2403125 0.5745234375 0.2530765625 0.57310625 0.2786078125 0.5816078124999999 0.2925328125 0.5816078124999999 0.30065624999999996 0.5546859375000001 0.312259375 0.5320171874999999 0.312259375 0.52068125 0.3029765625 0.49234375 0.287890625 0.471090625 0.26004062499999997 0.45692187500000003 0.2414734375 0.4597546875 0.22290625 0.45692187500000003
3 0.352875 0.5107625 0.369121875 0.5306 0.3796875 0.535759375 0.3796875 0.4296875 0.313290625 0.4296875 0.312259375 0.432834375 0.3192234375 0.5121796875 0.32270468750000003 0.51643125 0.3319875 0.5107625 0.352875 0.5107625
3 0.30065624999999996 0.874903125 0.298334375 0.889071875 0.3029765625 0.9174093750000001 0.3203828125 0.941496875 0.3296671875 0.9471640625 0.3470734375 0.945746875 0.362159375 0.9386625000000001 0.3796875 0.91588125 0.3796875 0.8582328125 0.37840625 0.856484375 0.3737640625 0.856484375 0.35519687499999997 0.8394812500000001 0.341271875 0.8366468749999999 0.3134203125 0.8508156250000001 0.30065624999999996 0.874903125
13 0.1741671875 0.5334328125 0.18345 0.5419343750000001 0.189253125 0.5405171875 0.1915734375 0.5065125 0.203178125 0.48384218749999997 0.203178125 0.475340625 0.213621875 0.46258906250000004 0.22290625 0.45692187500000003 0.26468125 0.45692187500000003 0.2855703125 0.46825625000000004 0.2925328125 0.4654234375 0.30181562500000003 0.46825625000000004 0.3099390625 0.46400625 0.30529687499999997 0.44416874999999995 0.2912796875 0.4296875 0.12175 0.4296875 0.11614374999999999 0.43425156249999997 0.10918125000000001 0.43425156249999997 0.0929359375 0.46258906250000004 0.08133125 0.4654234375 0.0732078125 0.4583375 0.07116718749999999 0.4296875 0.0584046875 0.4296875 0.054640625 0.4526703125 0.054640625 0.47250781249999996 0.058121875 0.4767578125 0.09525625 0.4909265625 0.1648828125 0.5334328125 0.1741671875 0.5334328125
13 0.3796875 1 0.3796875 0.9820546875 0.369121875 0.9386625000000001 0.348234375 0.9471640625 0.3273453125 0.9471640625 0.3180625 0.9613328125 0.30529687499999997 0.96275 0.3032640625 1 0.3796875 1
17 0.1312296875 0.73038125 0.1312296875 0.7473828124999999 0.12658750000000002 0.75871875 0.12658750000000002 0.789890625 0.1370328125 0.805475 0.1625625 0.8196453125 0.20085625000000001 0.8210609375000001 0.23450937500000002 0.8111437499999999 0.2426328125 0.801225 0.22638750000000002 0.7813890625 0.220584375 0.76296875 0.199696875 0.7714703125 0.1846109375 0.7530515624999999 0.17764843749999998 0.7360484375 0.17996875 0.7077109375 0.15908125 0.6907078125 0.1509578125 0.6694546875 0.142834375 0.68220625 0.1405140625 0.696375 0.142834375 0.699209375 0.1312296875 0.73038125
13 0.125428125 0.9301625 0.1300703125 0.9301625 0.13471093750000002 0.9386625000000001 0.1405140625 0.9372468749999999 0.1451546875 0.9287453125 0.1451546875 0.9089078125000001 0.1312296875 0.8919062500000001 0.12426718750000001 0.8692359375 0.1381921875 0.8267296875 0.1381921875 0.8097265625000001 0.12310625 0.794140625 0.11614374999999999 0.805475 0.089453125 0.8182281250000001 0.0871328125 0.8295625 0.089453125 0.8579000000000001 0.0940953125 0.8664015624999999 0.0987375 0.8947390625 0.125428125 0.9301625
13 0 0.7561484375 0.0059015625000000006 0.7615515625 0.01750625 0.789890625 0.015184375 0.798390625 0.039554687500000005 0.8196453125 0.0465171875 0.8309796875 0.05115937499999999 0.8309796875 0.0558015625 0.8394812500000001 0.0662453125 0.8380640625 0.0766890625 0.8338140624999999 0.08133125 0.8196453125 0.0998984375 0.8139765625000001 0.11382343749999999 0.805475 0.1173046875 0.798390625 0.1126625 0.784221875 0.1045390625 0.7743046875 0.09525625 0.7714703125 0.0940953125 0.7643859375 0.10221875 0.7573015625 0.1207859375 0.7601359375000001 0.12658750000000002 0.7530515624999999 0.1335515625 0.6907078125 0.1405140625 0.6765390625000001 0.1405140625 0.6595359375000001 0.1335515625 0.6510343749999999 0.1335515625 0.6311984374999999 0.15211875 0.5858578125 0.15675937499999998 0.5631875 0.1312296875 0.5433515625 0.12658750000000002 0.5320171874999999 0.12658750000000002 0.5150140624999999 0.12310625 0.5107625 0.0766890625 0.482425 0.05115937499999999 0.47959218750000004 0.0302703125 0.482425 0.014025000000000001 0.4937609375 0.007062499999999999 0.4909265625 0.00358125 0.5093468750000001 0 0.5142640625 0 0.7242 0.001259375 0.7247125 0 0.732403125 0 0.7561484375
13 0.32618593749999997 0.755884375 0.3238640625 0.7813890625 0.32618593749999997 0.789890625 0.3169015625 0.8238953125 0.3169015625 0.84373125 0.32270468750000003 0.8451484375 0.3366296875 0.8366468749999999 0.35519687499999997 0.8366468749999999 0.37840625 0.856484375 0.3796875 0.8582234375000001 0.3796875 0.6875 0.37840625 0.6864578125 0.33895 0.6836234375 0.32154375 0.696375 0.3238640625 0.727546875 0.32154375 0.7502171875 0.32618593749999997 0.755884375
15 0.2414734375 0.57310625 0.23799062499999998 0.580190625 0.2414734375 0.587275 0.24843593749999998 0.587275 0.25075625 0.590109375 0.25771875 0.590109375 0.2693234375 0.5957765625 0.2971734375 0.598609375 0.2994953125 0.6014437499999999 0.315740625 0.604278125 0.3180625 0.6071109375 0.3273453125 0.6071109375 0.3296671875 0.6099453125000001 0.34243125 0.6085281250000001 0.344753125 0.6056953125 0.344753125 0.6000265625 0.33895 0.5957765625 0.30645781250000004 0.590109375 0.3041375 0.587275 0.2971734375 0.587275 0.294853125 0.5844406249999999 0.287890625 0.5844406249999999 0.2762859375 0.5787734375 0.267003125 0.5787734375 0.26468125 0.575940625 0.2553984375 0.575940625 0.2530765625 0.57310625 0.2414734375 0.57310625
6 0.7792109375 0.46712968750000006 0.8420359375 0.4389484375 0.8839218750000001 0.52701875 0.938603125 0.5569625 0.9525625 0.43366249999999995 0.9504843749999999 0.4296875 0.48294531249999995 0.4296875 0.488353125 0.46360625000000005 0.61865625 0.45656093750000004 0.6198187500000001 0.4935515625 0.6582140625 0.5305421875 0.7419796875 0.5129296875 0.7792109375 0.46712968750000006
13 0.5441953125000001 0.46008281249999994 0.5500140625000001 0.4477515625 0.5500140625000001 0.43718593749999995 0.5476875 0.4301390625 0.547328125 0.4296875 0.48253593749999996 0.4296875 0.48253593749999996 0.451275 0.488353125 0.46008281249999994 0.4999859375 0.46008281249999994 0.5023125 0.46360625000000005 0.5337265625 0.46184531250000005 0.5441953125000001 0.46008281249999994
13 0.9362765625 0.5569625 0.94558125 0.5428734375000001 0.938603125 0.5041203125 0.947909375 0.4794578125 0.9525625 0.4477515625 0.9499109375 0.4296875 0.8266140625 0.4296875 0.8304031249999999 0.43542500000000006 0.8455265624999999 0.44070468749999997 0.8839218750000001 0.52701875 0.9071890625 0.5411109374999999 0.9211499999999999 0.5587234375000001 0.9362765625 0.5569625
13 0.6919515625 0.5146859375 0.73965625 0.5129296875 0.746634375 0.50940625 0.759434375 0.4935515625 0.75710625 0.4759390625 0.7443078125 0.44951406250000003 0.7256921875 0.43190156249999995 0.7117328125 0.43190156249999995 0.6977703125 0.44246718749999997 0.67915625 0.44951406250000003 0.672175 0.45656093750000004 0.668684375 0.46536875 0.668684375 0.4865046875 0.6756656249999999 0.4970734375 0.67915625 0.5129296875 0.6838109375 0.5164484375 0.6919515625 0.5146859375
13 0.746634375 0.50940625 0.75710625 0.500596875 0.759434375 0.4865046875 0.7477984375 0.45479843750000004 0.7256921875 0.43190156249999995 0.70940625 0.43190156249999995 0.6745015624999999 0.45303750000000004 0.6302921875 0.45656093750000004 0.6268015625000001 0.46184531250000005 0.6268015625000001 0.48298125000000003 0.6314546875 0.50764375 0.6442515625 0.5305421875 0.659378125 0.5287796874999999 0.6745015624999999 0.5164484375 0.746634375 0.50940625