6 0.6196203125 0.13704687499999998 0.5510609375 0.1332859375 0.5400031249999999 0.14457031250000002 0.510146875 0.19535 0.49024375 0.232965625 0.481396875 0.25929531250000004 0.479184375 0.285625 0.4858203125 0.323240625 0.4858203125 0.4059921875 0.4769734375 0.43608437499999997 0.4769734375 0.45113125 0.464809375 0.48310312499999997 0.45485781249999996 0.4661765625 0.45375156250000004 0.4567734375 0.44490625 0.4567734375 0.4393765625 0.44736875 0.44158749999999997 0.3947078125 0.4482234375 0.38342343749999996 0.45043437500000005 0.368378125 0.45706875 0.3608546875 0.45928125 0.3044328125 0.44711718749999996 0.2837453125 0.43605937499999997 0.2837453125 0.374134375 0.33640625 0.33985625 0.3721390625 0.3431734375 0.38154374999999996 0.35201875 0.389065625 0.3719234375 0.392828125 0.391828125 0.4078734375 0.39956875 0.4248 0.39956875 0.439846875 0.3940390625 0.45301093750000004 0.377453125 0.458653125 0.3862984375 0.48498437499999997 0.3885109375 0.5000296875 0.3862984375 0.5113140625 0.38077031250000004 0.5207171875000001 0.374134375 0.5207171875000001 0.3630765625 0.5094328124999999 0.359759375 0.5150750000000001 0.3641828125 0.5301218750000001 0.3641828125 0.552690625 0.3564421875 0.5658562500000001 0.329903125 0.5696171875 0.3099984375 0.5432875 0.2657671875 0.5320015625 0.2485390625 0.5890625 0.71875 0.5890625 0.71875 0.10115624999999999 0.7036609375 0.080625 0.6815453125000001 0.080625 0.6527937500000001 0.12200156250000001 0.632890625 0.1257625 0.6196203125 0.13704687499999998
5 0.451540625 0.4567734375 0.44490625 0.4567734375 0.4393765625 0.4436078125 0.4393765625 0.4059921875 0.45928125 0.33828593749999997 0.45928125 0.3044328125 0.45375156250000004 0.2912671875 0.44490625 0.2837453125 0.43605937499999997 0.2837453125 0.35201875 0.35521250000000004 0.33764375 0.3721390625 0.34538437499999997 0.3853046875 0.3697125 0.392828125 0.389615625 0.4078734375 0.39956875 0.4285609375 0.39956875 0.4436078125 0.3940390625 0.45301093750000004 0.375240625 0.45489218749999993 0.375240625 0.46241562500000005 0.3840875 0.481221875 0.3862984375 0.5113140625 0.38077031250000004 0.5207171875000001 0.374134375 0.5207171875000001 0.35865468749999996 0.5019109375 0.3553359375 0.507553125 0.3641828125 0.53764375 0.3641828125 0.552690625 0.35865468749999996 0.5620937500000001 0.329903125 0.5696171875 0.3077875 0.539525 0.276825 0.5357640625 0.270190625 0.528240625 0.26244999999999996 0.5338828125 0.24708281250000003 0.5890625 0.418375 0.5890625 0.4382703125 0.5508093749999999 0.44932812499999997 0.5508093749999999 0.452646875 0.5451671874999999 0.46370468750000005 0.49250625000000003 0.45485781249999996 0.46241562500000005 0.451540625 0.4567734375
5 0.630678125 0.48310312499999997 0.6373125 0.4868640625 0.7014484375000001 0.48310312499999997 0.71250625 0.4567734375 0.71875 0.4567734375 0.71875 0.2574140625 0.6373125 0.2574140625 0.62515 0.278103125 0.6229375 0.2893875 0.6207265625 0.481221875 0.62404375 0.4868640625 0.630678125 0.48310312499999997
5 0.6207265625 0.24048750000000002 0.6207265625 0.1539734375 0.6129859375 0.140809375 0.6019281249999999 0.1332859375 0.5488500000000001 0.1332859375 0.5444265625 0.13704687499999998 0.4924546875 0.22544218749999997 0.481396875 0.255534375 0.479184375 0.285625 0.4858203125 0.3270015625 0.4858203125 0.4436078125 0.4836078125 0.44736875 0.4858203125 0.45489218749999993 0.479184375 0.48498437499999997 0.481396875 0.49626875000000004 0.4769734375 0.5150750000000001 0.47476250000000003 0.5489296875 0.50461875 0.5432875 0.510146875 0.552690625 0.5145703125 0.5790203125 0.5145703125 0.5890625 0.6195046875 0.5890625 0.6185140625 0.5301218750000001 0.6163031250000001 0.526359375 0.6163031250000001 0.3270015625 0.6185140625 0.323240625 0.6185140625 0.24425 0.6207265625 0.24048750000000002
5 0.6163031250000001 0.1351671875 0.62515 0.1539734375 0.62515 0.2367265625 0.632890625 0.253653125 0.6959203125 0.251771875 0.71875 0.2478328125 0.71875 0.10334687499999999 0.7014484375000001 0.0768640625 0.690390625 0.080625 0.6793328125 0.0768640625 0.6527937500000001 0.12200156250000001 0.639525 0.12200156250000001 0.6163031250000001 0.1351671875
5 0.4795546875 0.5890625 0.511278125 0.5890625 0.510146875 0.5602140624999999 0.5079359375 0.5489296875 0.5001953125 0.5432875 0.4847140625 0.5545718749999999 0.4769734375 0.5714984375000001 0.4795546875 0.5890625
5 0.6682750000000001 0.4868640625 0.6561109375 0.5150750000000001 0.6516890625 0.5489296875 0.6529296875 0.5890625 0.6954265625 0.5890625 0.69813125 0.575259375 0.70034375 0.526359375 0.691496875 0.48874531250000003 0.68596875 0.48310312499999997 0.674909375 0.48310312499999997 0.6682750000000001 0.4868640625
6 1 0.3996359375 0.8843390624999999 0.3416328125 0.71875 0.3274578125 0.71875 0.5890625 1 0.5890625 1 0.3996359375
21 0.8292390624999999 0.54829375 0.8508515624999999 0.5327640625 0.8772625 0.46620937500000004 0.8568546874999999 0.44069843750000004 0.8208343749999999 0.451790625 0.7956218749999999 0.4861765625 0.79081875 0.530546875 0.804028125 0.5449671875 0.8292390624999999 0.54829375
21 0.71875 0.5646687499999999 0.7235875 0.56604375 0.78601875 0.526109375 0.793221875 0.4906140625 0.7752125000000001 0.473975 0.71875 0.49203125 0.71875 0.5646687499999999
21 0.71875 0.4407140625 0.7307890625 0.43515156250000003 0.7572046875 0.3796875 0.7548015625 0.361940625 0.7343921875 0.3497390625 0.71875 0.3556890625 0.71875 0.4407140625
6 0.71875 1 0.71875 0.5890625 0 0.5890625 0 1 0.71875 1
6 1 0.7976390624999999 0.9888390625 0.7860484375000001 0.9568578125 0.7639046875 0.9461984375 0.7306874999999999 0.9337609375 0.7229375 0.9302078125 0.7251515625 0.9231 0.718509375 0.9017796875 0.7207234375 0.8911187500000001 0.7295812500000001 0.8520312499999999 0.7162953125 0.8378171875 0.718509375 0.8271578125 0.711865625 0.8218265625000001 0.719615625 0.8253796875000001 0.7262593749999999 0.8093890625 0.736225 0.7987296875000001 0.7384390625 0.7845156249999999 0.736225 0.77563125 0.7395453125 0.7827390624999999 0.743975 0.7596406250000001 0.751725 0.74898125 0.7450812499999999 0.7294375 0.7572609375 0.7507578125000001 0.759475 0.7418734375 0.762796875 0.71875 0.7645984375 0.71875 1 1 1 1 0.7976390624999999
3 1 0.9078734374999999 0.983509375 0.9067328124999999 0.971071875 0.91226875 0.976403125 0.9399484375 0.971071875 0.9366265625000001 0.9621890625 0.9133749999999999 0.951528125 0.9133749999999999 0.9337609375 0.92001875 0.9177703125000001 0.9321984375 0.9071093749999999 0.9476984375 0.9071093749999999 0.97205625 0.9142171875 0.9809140624999999 0.9319843750000001 0.9875578125000001 0.9355375 0.996415625 0.941290625 1 1 1 1 0.9078734374999999
16 0.9000031249999999 0.95655625 0.8822359375 0.9255546875 0.8520312499999999 0.9111609375 0.8413703124999999 0.9111609375 0.8040593749999999 0.923340625 0.7898453125 0.9432703124999999 0.7791859375 0.9499124999999999 0.7791859375 0.9632 0.7916218749999999 0.97095 0.816496875 0.9775921875 0.8502546875 0.9787000000000001 0.87690625 0.97095 0.9000031249999999 0.95655625
3 0.8058359375 0.8336578125 0.8378171875 0.8447296874999999 0.8467015625000001 0.843621875 0.8911187500000001 0.829228125 0.9159937499999999 0.8270140625 0.9390906250000001 0.805978125 0.9390906250000001 0.7860484375000001 0.92843125 0.770546875 0.8982265625 0.7495109375 0.880459375 0.7450812499999999 0.848478125 0.7450812499999999 0.8307109374999999 0.751725 0.8182734375 0.76611875 0.7543109375 0.805978125 0.7543109375 0.81040625 0.7631953125 0.8159421874999999 0.8058359375 0.8336578125
15 0.8662093750000001 1 0.9231 0.9930937500000001 0.92843125 0.98534375 0.912440625 0.9842359374999999 0.8449249999999999 0.9953078124999999 0.8022828125 0.997521875 0.7843921875000001 1 0.8662093750000001 1
15 0.9959468749999999 0.989771875 0.971071875 0.9011968749999999 0.9621890625 0.897875 0.9568578125 0.9011968749999999 0.9781796875 0.9698421875 0.9852859374999999 0.9875578125000001 0.990615625 0.9908796875 0.9959468749999999 0.989771875
3 1 0.8088109375 0.983509375 0.820371875 0.919546875 0.8491578125 0.9106640625000001 0.8502656249999999 0.9106640625000001 0.85469375 0.9248765625 0.8657656250000001 0.9213234375000001 0.8724093749999999 0.9266546874999999 0.87573125 0.9941703125 0.897875 1 0.8971484375 1 0.8088109375
3 0.79231875 1 0.8058359375 0.997521875 0.8449249999999999 0.9953078124999999 0.8786828124999999 0.9875578125000001 0.8626921875000001 0.975378125 0.8520312499999999 0.9798078125 0.8271578125 0.9798078125 0.78806875 0.97095 0.7631953125 0.9775921875 0.7543109375 0.98534375 0.76313125 1 0.79231875 1
13 1 0.7945781249999999 0.9959468749999999 0.7882625 0.9639656249999999 0.7683328125 0.9568578125 0.759475 0.9533046875 0.732903125 0.9426453125 0.719615625 0.9302078125 0.7140796875000001 0.9088875 0.7162953125 0.887565625 0.7096515625 0.8786828124999999 0.7151875000000001 0.8786828124999999 0.7218312499999999 0.8733515625000001 0.7229375 0.860915625 0.7174015625 0.8573609375 0.6996875 0.8378171875 0.6875078125 0.823603125 0.6875078125 0.8147203125000001 0.69304375 0.8147203125000001 0.7218312499999999 0.8218265625000001 0.7262593749999999 0.8022828125 0.736225 0.7845156249999999 0.7340093750000001 0.7631953125 0.736225 0.7258828125 0.7572609375 0.7312140625 0.7605828125 0.7560875 0.7605828125 0.76141875 0.7639046875 0.7578640625 0.7749765625 0.777409375 0.7849406250000001 0.7845156249999999 0.7849406250000001 0.8076125 0.7727609375 0.8253796875000001 0.7528328125 0.8449249999999999 0.7450812499999999 0.8626921875000001 0.7428671875 0.8982265625 0.7495109375 0.92843125 0.770546875 0.9390906250000001 0.7860484375000001 0.9390906250000001 0.805978125 0.9248765625 0.8236921875000001 0.944421875 0.83144375 0.9568578125 0.8303359374999999 0.9959468749999999 0.8126203125 1 0.8050421875 1 0.7945781249999999