6 0 0 0 1 1 1 1 0 0 0
12 0.5158125 0.608090625 0.460640625 0.605 0.416259375 0.620903125 0.3907796875 0.6427796875 0.37651093750000003 0.632828125 0.3591515625 0.6295671875 0.3444859375 0.634084375 0.330971875 0.649725 0.327484375 0.670884375 0.3324859375 0.688790625 0.3436640625 0.7054328125 0.3289734375 0.7463015625 0.32392656249999996 0.7889828125 0.3273703125 0.828409375 0.3385296875 0.8692859374999999 0.357796875 0.9032015624999999 0.38016875 0.9122515625000001 0.41525 0.9527734375 0.460384375 0.9624609375000001 0.4854640625 0.9611124999999999 0.5190390625 0.9504515625 0.5618875 0.9197171875000001 0.5761546875 0.92966875 0.588115625 0.929490625 0.6027812499999999 0.9249734374999999 0.6093468750000001 0.9153 0.6124562499999999 0.884375 0.6005125 0.8603171875 0.6132734375 0.8190859375 0.6183375 0.7521703125 0.6037171875 0.6961015625 0.57250625 0.6381281249999999 0.5158125 0.608090625
16 0.5198390625 0.3725265625 0.513646875 0.39802499999999996 0.5208453125 0.5835859375 0.5177453125 0.60239375 0.526996875 0.6126140625 0.570965625 0.635415625 0.5867703125 0.6541375 0.5952609375 0.650884375 0.598740625 0.6418437499999999 0.604940625 0.6042265625 0.598421875 0.5472546875 0.6046390625 0.4854046875 0.6000765625 0.39244375 0.5877625 0.346503125 0.5765859375 0.3298609375 0.5781453125 0.3083390625 0.5742921875 0.30155625 0.5526859375 0.299921875 0.54265 0.3065203125 0.5410828125 0.340159375 0.5198390625 0.3725265625
16 0.381421875 0.2410953125 0.3601921875 0.2552875 0.3516921875 0.2706578125 0.3485921875 0.289465625 0.34935 0.3089984375 0.35936875 0.326634375 0.38790625 0.3465359375 0.4284109375 0.35414375 0.45849062500000004 0.376759375 0.5032375 0.3887984375 0.51365625 0.3859078125 0.52370625 0.361134375 0.5391546875000001 0.339796875 0.5395453125 0.3313875 0.533371875 0.3326515625 0.5245062500000001 0.3200796875 0.5326187499999999 0.3070609375 0.529928125 0.29322499999999996 0.5021578124999999 0.2807375 0.4886640625 0.26608437500000004 0.450465625 0.26860625 0.4311859375 0.252865625 0.4030265625 0.2427296875 0.381421875 0.2410953125
16 0.5927749999999999 0.352290625 0.6004734375 0.377975 0.601221875 0.409625 0.6100859375 0.422196875 0.676046875 0.4442796875 0.748190625 0.45298125 0.787146875 0.46999218750000005 0.8519578125 0.480953125 0.8735703125000001 0.47046875000000005 0.8851609375 0.4484078125 0.894840625 0.40175 0.8875249999999999 0.37977343750000003 0.8015015625 0.3587703125 0.74633125 0.35568125 0.7112328125 0.33939375 0.651825 0.3258125 0.6221171875 0.32508125 0.617096875 0.331409375 0.60976875 0.327609375 0.6093765624999999 0.33601875 0.5947125 0.3405359375 0.5927749999999999 0.352290625
16 0.541521875 0.2651046875 0.53804375 0.274146875 0.536871875 0.2933171875 0.5422671875 0.30281250000000004 0.546125 0.3035375 0.5526859375 0.299921875 0.570821875 0.29848125 0.5781453125 0.3083390625 0.5765953125000001 0.31774375 0.57813125 0.326515625 0.585071875 0.332665625 0.5920171875 0.332759375 0.602828125 0.3214578125 0.6163296875000001 0.32399374999999997 0.622121875 0.319021875 0.624825 0.31468281249999996 0.629475 0.2864703125 0.628709375 0.2790546875 0.6264015625 0.2689265625 0.6163828125 0.251290625 0.6094421875 0.2451390625 0.60404375 0.2417015625 0.5828249999999999 0.2377171875 0.5766515625 0.23898125 0.55465 0.251815625 0.541521875 0.2651046875
16 0.6586875 0.44102031249999996 0.6058421875 0.4238234375 0.6023578125 0.4389234375 0.604234375 0.5119906249999999 0.66938125 0.593303125 0.6975296875 0.61555625 0.71411875 0.6174593749999999 0.7550484375 0.5742468749999999 0.7620140625 0.544046875 0.7269375 0.49746562499999997 0.6586875 0.44102031249999996
16 0.7773453124999999 0.68629375 0.7391375 0.70093125 0.6515078125 0.7680953125000001 0.6329671875 0.796121875 0.630246875 0.8246968750000001 0.654128125 0.8788703124999999 0.668009375 0.8911718750000001 0.6842109375 0.8954265625 0.7602421875 0.8624421874999999 0.7868859375 0.8335125 0.8235515625 0.8161609375 0.890721875 0.7645453125 0.91311875 0.7372421874999999 0.928196875 0.694021875 0.9490453125 0.6761234375 0.9513703124999999 0.6620171874999999 0.9432796874999999 0.6447437500000001 0.9340234374999999 0.64058125 0.912021875 0.6534156249999999 0.8765359374999999 0.6394796875 0.8537687500000001 0.6448984375 0.7773453124999999 0.68629375
20 0 0.4952546875 0.0112453125 0.478184375 0.0433125 0.416340625 0.0456375 0.40223437500000003 0.041784375 0.3954515625 0.013248437499999998 0.3755484375 0.0055328124999999995 0.3741 0 0.3798828125 0 0.4952546875
12 0.967540625 0.17181249999999998 0.9575093750000001 0.1723515625 0.9316109375 0.238990625 0.9304390625 0.2581609375 0.944703125 0.2741703125 0.9907078125 0.2921359375 0.9950906249999999 0.184571875 0.967540625 0.17181249999999998
12 0.990421875 0.2991421875 0.9751687499999999 0.29443437499999997 0.9604968749999999 0.31106875 0.9361875 0.313775 0.923834375 0.3223625 0.9299953125 0.339275 0.9732015625000001 0.3486 0.9883749999999999 0.349378125 0.990421875 0.2991421875