6 0 0 0 0.24817187500000001 0.014731250000000001 0.2653125 0.07385312499999999 0.3046875 0.124353125 0.3025 0.169925 0.2915625 0.194559375 0.2653125 0.2093390625 0.2653125 0.2315109375 0.24343750000000003 0.25245 0.210625 0.264765625 0.175625 0.2598390625 0.13625 0.26230312499999997 0.096875 0.25245 0.079375 0.2598390625 0.061875 0.264765625 0.009375 0.2594875 0 0 0
6 0.2056453125 0.32875 0.2056453125 0.355 0.21549843750000003 0.38125 0.2189359375 0.46875 0.3115703125 0.46875 0.3017171875 0.43375 0.2930953125 0.4140625 0.24752187499999997 0.359375 0.23889999999999997 0.3178125 0.226584375 0.3090625 0.2056453125 0.32875
7 0.2315109375 0.3090625 0.211803125 0.3178125 0.2056453125 0.32875 0.2056453125 0.350625 0.2179609375 0.385625 0.2179609375 0.45125000000000004 0.22165625000000003 0.4578125 0.23520625 0.45125000000000004 0.2339734375 0.46656250000000005 0.22165625000000003 0.46218750000000003 0.2209171875 0.46875 0.312428125 0.46875 0.30418124999999996 0.438125 0.28816875 0.40531249999999996 0.25368124999999997 0.3703125 0.24752187499999997 0.359375 0.245059375 0.333125 0.2315109375 0.3090625
7 0 0 0 0.0421 0.008571875 0.15375 0.011035937499999999 0.254375 0.039365625 0.2828125 0.076315625 0.2828125 0.09232812500000001 0.29375 0.0947921875 0.254375 0.089865625 0.24125000000000002 0.089865625 0.13625 0.0972546875 0.075 0.0986625 0 0 0
7 0.10189375 0 0.0947921875 0.0925 0.0972546875 0.13187500000000002 0.1132671875 0.1515625 0.1317421875 0.15375 0.145290625 0.1515625 0.160071875 0.1340625 0.1711578125 0.105625 0.1711578125 0.088125 0.1546171875 0 0.10189375 0
7 0.24541093749999998 0 0.2142671875 0.0553125 0.20441250000000002 0.059687500000000004 0.1662296875 0.13187500000000002 0.16376718750000002 0.15812500000000002 0.18716875 0.1909375 0.19332812500000002 0.18875 0.2253515625 0.123125 0.23520625 0.079375 0.264765625 0.0225 0.2613109375 0 0.24541093749999998 0
7 0.177315625 0.1734375 0.1625359375 0.1603125 0.132975 0.1603125 0.1120359375 0.18875 0.0972546875 0.29812500000000003 0.1034140625 0.3046875 0.12681562500000002 0.3025 0.169925 0.2915625 0.1884015625 0.271875 0.19086406250000001 0.20625 0.177315625 0.1734375
7 0.2573765625 0.18875 0.246290625 0.17781249999999998 0.22165625000000003 0.1821875 0.2093390625 0.2084375 0.19948593750000002 0.2084375 0.19086406250000001 0.22374999999999998 0.19086406250000001 0.25 0.20195 0.2653125 0.2081078125 0.263125 0.246290625 0.22156250000000002 0.2573765625 0.20187499999999997 0.2573765625 0.18875
7 0.22412031250000003 0.17781249999999998 0.24875468750000002 0.17781249999999998 0.25614375 0.18656250000000002 0.264765625 0.18 0.2598390625 0.13187500000000002 0.26230312499999997 0.088125 0.25368124999999997 0.0728125 0.23520625 0.079375 0.2253515625 0.1275 0.2056453125 0.1625 0.19332812500000002 0.1975 0.1970234375 0.2084375 0.20318125 0.20625 0.22412031250000003 0.17781249999999998
7 0.1885765625 0 0.1711578125 0.061875 0.1736203125 0.096875 0.1859375 0.096875 0.20441250000000002 0.059687500000000004 0.2142671875 0.0553125 0.24541093749999998 0 0.1885765625 0
6 0.45 0 0.45 0.4219109375 0.451784375 0.4219109375 0.455475 0.426834375 0.455475 0.4399609375 0.4579359375 0.4432421875 0.4542453125 0.448165625 0.45 0.448165625 0.45 0.46875 1 0.46875 1 0 0.45 0
17 0.7200140625 0.16593906249999998 0.717553125 0.16265625 0.7114015625000001 0.1708609375 0.7114015625000001 0.1741421875 0.708940625 0.177425 0.708940625 0.18070625 0.7064796875 0.1839875 0.7064796875 0.18726875 0.70401875 0.1905515625 0.70401875 0.19711406250000002 0.7015578125 0.20039687499999997 0.7015578125 0.20367812500000002 0.7027890625000001 0.20531875 0.70525 0.20531875 0.7077109375 0.20859999999999998 0.717553125 0.20859999999999998 0.718784375 0.206959375 0.7200140625 0.20531875 0.7273968749999999 0.20531875 0.728628125 0.20367812500000002 0.728628125 0.20039687499999997 0.7310875 0.19711406250000002 0.7310875 0.1938328125 0.7335484375 0.1905515625 0.7335484375 0.1839875 0.736009375 0.18070625 0.736009375 0.1708609375 0.7347796875 0.1692203125 0.7298578124999999 0.1692203125 0.7273968749999999 0.16593906249999998 0.7200140625 0.16593906249999998
13 0.691715625 0.426834375 0.6978671875 0.43503749999999997 0.7027890625000001 0.43503749999999997 0.70401875 0.433396875 0.70525 0.43175625 0.7077109375 0.43175625 0.708940625 0.430115625 0.708940625 0.426834375 0.7163234375 0.4169890625 0.7163234375 0.41042500000000004 0.7150921875 0.40878437500000003 0.710171875 0.40878437500000003 0.7077109375 0.412065625 0.690484375 0.412065625 0.6892546875 0.41370781250000005 0.6892546875 0.4202703125 0.691715625 0.4235515625 0.691715625 0.426834375
13 0.7163234375 0.3251015625 0.718784375 0.32181875 0.718784375 0.31853750000000003 0.7212453125 0.31525625 0.7212453125 0.3021296875 0.7249359375 0.29720625 0.7273968749999999 0.29720625 0.728628125 0.298846875 0.7261671875 0.3021296875 0.7261671875 0.311975 0.7273968749999999 0.313615625 0.7446234375 0.313615625 0.747084375 0.3103328125 0.754465625 0.3103328125 0.7569265625 0.3070515625 0.7593875 0.3070515625 0.7630796875 0.3021296875 0.7630796875 0.298846875 0.76923125 0.29064375 0.7716921875 0.29064375 0.774153125 0.2873609375 0.7839953125 0.2873609375 0.7852265625 0.28572031249999996 0.7852265625 0.275875 0.7815359374999999 0.270953125 0.779075 0.270953125 0.7766140625 0.267671875 0.774153125 0.267671875 0.7716921875 0.2643890625 0.7643093750000001 0.274234375 0.7593875 0.274234375 0.754465625 0.2807984375 0.7520046875 0.2807984375 0.7495437500000001 0.2840796875 0.7446234375 0.2840796875 0.7421625 0.2873609375 0.7397015625 0.2873609375 0.73231875 0.29720625 0.7310875 0.295565625 0.7310875 0.29228437500000004 0.7335484375 0.28900156250000003 0.7335484375 0.28572031249999996 0.7347796875 0.2840796875 0.737240625 0.2840796875 0.7397015625 0.2807984375 0.7421625 0.2807984375 0.7495437500000001 0.270953125 0.7569265625 0.270953125 0.7581578125 0.2693125 0.755696875 0.2660296875 0.755696875 0.2627484375 0.754465625 0.26110781250000004 0.7495437500000001 0.26110781250000004 0.747084375 0.2643890625 0.7421625 0.2643890625 0.7397015625 0.267671875 0.737240625 0.267671875 0.7347796875 0.270953125 0.73231875 0.270953125 0.6978671875 0.31689687499999997 0.69540625 0.31689687499999997 0.694175 0.31853750000000003 0.694175 0.32181875 0.6683375 0.3562765625 0.6658765625 0.3562765625 0.662184375 0.3612 0.662184375 0.3710453125 0.66710625 0.37760781250000003 0.66710625 0.38089062500000004 0.6683375 0.38253125 0.6707984375 0.38253125 0.672028125 0.384171875 0.672028125 0.387453125 0.6831015625 0.40222187500000006 0.6855625 0.40222187500000006 0.68679375 0.40057968749999995 0.6880234375 0.3989390625 0.690484375 0.3989390625 0.694175 0.3940171875 0.694175 0.384171875 0.7015578125 0.37432656249999996 0.7015578125 0.3677625 0.7064796875 0.3612 0.7064796875 0.34807343749999997 0.708940625 0.344790625 0.708940625 0.341509375 0.7138625000000001 0.33494687500000003 0.7138625000000001 0.33166406249999997 0.7163234375 0.3283828125 0.7163234375 0.3251015625
17 0.636346875 0.3792484375 0.6338859375 0.3792484375 0.631425 0.38253125 0.6289640624999999 0.38253125 0.6277328125 0.384171875 0.6277328125 0.3972984375 0.6289640624999999 0.3989390625 0.6338859375 0.3989390625 0.635115625 0.3972984375 0.635115625 0.39073437499999997 0.6400375 0.384171875 0.636346875 0.3792484375
17 0.6141984375 0.36612187500000004 0.6117375 0.36284062499999997 0.6092765625000001 0.36284062499999997 0.6068156250000001 0.359559375 0.603125 0.36448125 0.603125 0.3710453125 0.6006640625 0.37432656249999996 0.6006640625 0.40057968749999995 0.6043546875 0.40550312499999996 0.6092765625000001 0.40550312499999996 0.6105078125000001 0.40386249999999996 0.6117375 0.40222187500000006 0.6141984375 0.40222187500000006 0.616659375 0.3989390625 0.6191203125 0.3989390625 0.6228109374999999 0.3940171875 0.6228109374999999 0.387453125 0.6252718749999999 0.384171875 0.6252718749999999 0.38089062500000004 0.6228109374999999 0.37760781250000003 0.6228109374999999 0.3710453125 0.62158125 0.3694046875 0.6191203125 0.3694046875 0.616659375 0.36612187500000004 0.6141984375 0.36612187500000004
17 0.7114015625000001 0.1708609375 0.7114015625000001 0.1741421875 0.708940625 0.177425 0.708940625 0.18070625 0.7064796875 0.1839875 0.7064796875 0.18726875 0.70401875 0.1905515625 0.70401875 0.19711406250000002 0.7015578125 0.20039687499999997 0.7015578125 0.20367812500000002 0.7027890625000001 0.20531875 0.70525 0.20531875 0.7077109375 0.20859999999999998 0.7150921875 0.20859999999999998 0.7163234375 0.206959375 0.717553125 0.20531875 0.7273968749999999 0.20531875 0.7310875 0.20039687499999997 0.7310875 0.1938328125 0.7335484375 0.1905515625 0.7335484375 0.18726875 0.736009375 0.1839875 0.736009375 0.1708609375 0.7347796875 0.1692203125 0.7298578124999999 0.1692203125 0.7273968749999999 0.16593906249999998 0.7200140625 0.16593906249999998 0.717553125 0.16265625 0.7114015625000001 0.1708609375
17 0.5686734375 0.0494375 0.5686734375 0.0527203125 0.5723640624999999 0.0576421875 0.5748249999999999 0.0576421875 0.58466875 0.07076875 0.5871296874999999 0.07076875 0.5920515625 0.0773328125 0.5945125 0.0773328125 0.5957421875 0.0756921875 0.5982031250000001 0.072409375 0.5982031250000001 0.065846875 0.5957421875 0.06256406249999999 0.5957421875 0.059282812500000004 0.59328125 0.056001562500000004 0.59328125 0.0527203125 0.588359375 0.046156249999999996 0.588359375 0.0395921875 0.5858984375 0.0363109375 0.5858984375 0.0330296875 0.5822078125 0.02810625 0.5785171874999999 0.0330296875 0.5785171874999999 0.0363109375 0.5686734375 0.0494375
13 0.6844921875 0 0.6831015625 0.001853125 0.6757187499999999 0.001853125 0.673259375 0.005134375 0.6707984375 0.001853125 0.6634156250000001 0.001853125 0.662184375 0.0034937500000000003 0.662184375 0.026465625 0.6683375 0.0346703125 0.6757187499999999 0.0346703125 0.6781796875 0.0379515625 0.680640625 0.0379515625 0.681871875 0.0363109375 0.6831015625 0.0346703125 0.6855625 0.0346703125 0.691715625 0.026465625 0.691715625 0.023184375 0.700328125 0.0116984375 0.7027890625000001 0.0116984375 0.7077109375 0.005134375 0.710171875 0.005134375 0.71263125 0.001853125 0.7150921875 0.001853125 0.7164828125 0 0.6844921875 0
13 0.5662125 0.2561859375 0.5735953125 0.24634062499999998 0.5735953125 0.22665000000000002 0.571134375 0.22336874999999998 0.571134375 0.2200859375 0.5600609375000001 0.20531875 0.5576 0.20531875 0.5563687500000001 0.20367812500000002 0.5563687500000001 0.20039687499999997 0.552678125 0.19547343749999999 0.5502171875 0.19547343749999999 0.5477562500000001 0.1987546875 0.5452953125 0.1987546875 0.544065625 0.20039687499999997 0.544065625 0.20367812500000002 0.5243781249999999 0.22993125 0.5243781249999999 0.2332140625 0.50223125 0.2627484375 0.50223125 0.2660296875 0.49977031250000004 0.2693125 0.49977031250000004 0.27259375 0.49484843749999996 0.2791578125 0.49484843749999996 0.2824390625 0.4899265625 0.28900156250000003 0.4899265625 0.29228437500000004 0.4923875 0.295565625 0.4923875 0.298846875 0.501 0.3103328125 0.5034609375 0.3103328125 0.5046921875 0.311975 0.5046921875 0.31525625 0.5059218750000001 0.31689687499999997 0.5083828125000001 0.31689687499999997 0.5096140625000001 0.31853750000000003 0.5096140625000001 0.32181875 0.5182265625 0.3333046875 0.5231484375 0.3333046875 0.5243781249999999 0.33166406249999997 0.5280703124999999 0.3267421875 0.53053125 0.3267421875 0.5317609375 0.3251015625 0.5317609375 0.31853750000000003 0.53914375 0.3086921875 0.53914375 0.3054109375 0.544065625 0.298846875 0.544065625 0.295565625 0.5539078125 0.2824390625 0.5539078125 0.2791578125 0.561290625 0.2693125 0.561290625 0.2660296875 0.5662125 0.2594671875 0.5662125 0.2561859375
17 0.45 0 0.45 0.0084171875 0.451784375 0.0084171875 0.45670625 0.0149796875 0.46408750000000004 0.0149796875 0.46531874999999995 0.013339062500000002 0.4714703125 0.005134375 0.47393124999999997 0.005134375 0.478853125 0.0116984375 0.4813140625 0.0084171875 0.48377499999999996 0.0116984375 0.49361875 0.0116984375 0.49977031250000004 0.0034937500000000003 0.49977031250000004 0 0.45 0
13 0.50223125 0 0.50223125 0.00021250000000000002 0.49977031250000004 0.0034937500000000003 0.49977031250000004 0.006775000000000001 0.49730937500000005 0.0100578125 0.49730937500000005 0.013339062500000002 0.48869687500000003 0.024825 0.48623593749999994 0.024825 0.48254374999999994 0.029748437500000002 0.48254374999999994 0.0330296875 0.48377499999999996 0.0346703125 0.4911578125 0.0346703125 0.4923875 0.0330296875 0.49361875 0.031389062499999995 0.49607812500000004 0.031389062499999995 0.4985390625 0.02810625 0.501 0.02810625 0.5034609375 0.024825 0.5059218750000001 0.024825 0.5083828125000001 0.02154375 0.51084375 0.02154375 0.5169953125 0.013339062500000002 0.5169953125 0.0100578125 0.51945625 0.006775000000000001 0.51945625 0.0034937500000000003 0.5219171874999999 0.00021250000000000002 0.5219171874999999 0 0.50223125 0
13 0.46777968750000004 0.111790625 0.47393124999999997 0.1035859375 0.4763921875 0.1035859375 0.477621875 0.10194531250000001 0.477621875 0.09866406250000001 0.478853125 0.09702187500000001 0.4813140625 0.09702187500000001 0.48377499999999996 0.093740625 0.49607812500000004 0.093740625 0.4985390625 0.09702187500000001 0.5046921875 0.08881875 0.5046921875 0.0855359375 0.507153125 0.0822546875 0.507153125 0.072409375 0.5046921875 0.069128125 0.5046921875 0.042875 0.501 0.0379515625 0.4985390625 0.0379515625 0.49607812500000004 0.0346703125 0.4813140625 0.0346703125 0.478853125 0.031389062499999995 0.4763921875 0.031389062499999995 0.47393124999999997 0.0346703125 0.4714703125 0.0346703125 0.469009375 0.0379515625 0.4665484375 0.0379515625 0.46408750000000004 0.041234375000000004 0.46162656249999995 0.041234375000000004 0.45670625 0.047796875 0.4542453125 0.047796875 0.45 0.0534578125 0.45 0.1453453125 0.450553125 0.14460781250000002 0.450553125 0.14132499999999998 0.4530140625 0.13804375 0.4530140625 0.1347625 0.46777968750000004 0.115071875 0.46777968750000004 0.111790625
17 0.6228109374999999 0.11835312499999999 0.6228109374999999 0.1249171875 0.6265031249999999 0.1298390625 0.636346875 0.1298390625 0.6375765624999999 0.12819843749999998 0.6375765624999999 0.1249171875 0.6400375 0.12163593749999999 0.636346875 0.1167125 0.6240421875 0.1167125 0.6228109374999999 0.11835312499999999
12 0.8996546875 0.0543609375 0.9021156250000001 0.0543609375 0.9045765625 0.0576421875 0.9058078125 0.056001562500000004 0.9070375 0.0543609375 0.9094984374999999 0.0543609375 0.910728125 0.0527203125 0.910728125 0.0494375 0.9131890625000001 0.046156249999999996 0.9131890625000001 0.0395921875 0.9094984374999999 0.0346703125 0.9021156250000001 0.0346703125 0.8996546875 0.0379515625 0.8971937499999999 0.0379515625 0.8959640625 0.0395921875 0.8959640625 0.042875 0.893503125 0.046156249999999996 0.8996546875 0.0543609375
2 1 0.0930078125 0.9980890625000001 0.090459375 0.995628125 0.090459375 0.9931671874999999 0.087178125 0.985784375 0.087178125 0.9796328125 0.09538125 0.9796328125 0.09866406250000001 0.977171875 0.10194531250000001 0.977171875 0.1052265625 0.9722500000000001 0.111790625 0.9722500000000001 0.115071875 0.9697890625 0.11835312499999999 0.9697890625 0.1249171875 0.9673281250000001 0.12819843749999998 0.9673281250000001 0.13148125 0.9648671875 0.1347625 0.9648671875 0.14132499999999998 0.9599453125 0.1478890625 0.9599453125 0.154453125 0.9624062500000001 0.157734375 0.9624062500000001 0.161015625 0.9660968750000001 0.16593906249999998 0.9808625 0.16593906249999998 0.9833234375 0.1692203125 0.99070625 0.1692203125 0.9919359375000001 0.16757968750000002 0.994396875 0.164296875 0.994396875 0.154453125 0.9968578125 0.1511703125 0.9968578125 0.14460781250000002 0.9993187499999999 0.14132499999999998 0.9993187499999999 0.1347625 1 0.133853125 1 0.0930078125
17 0.9747109375 0.2627484375 0.9747109375 0.27259375 0.9808625 0.2807984375 0.985784375 0.2807984375 0.9870140624999999 0.2791578125 0.9870140624999999 0.2627484375 0.985784375 0.26110781250000004 0.9833234375 0.26110781250000004 0.9808625 0.25782656249999997 0.9784015625 0.25782656249999997 0.975940625 0.25454374999999996 0.9734796875 0.25454374999999996 0.97101875 0.2512625 0.9685578125 0.2512625 0.9673281250000001 0.252903125 0.9673281250000001 0.2561859375 0.9685578125 0.25782656249999997 0.97101875 0.25782656249999997 0.9747109375 0.2627484375
6 0.45 1 0.45 0.46875 0 0.46875 0 1 0.45 1
2 0.4275921875 0.9320203125000001 0.42431093750000004 0.929559375 0.4210296875 0.929559375 0.41446562499999995 0.9246375 0.41118437500000005 0.9246375 0.40954375 0.9234078125 0.40954375 0.9209468749999999 0.40790156250000004 0.9197171875000001 0.40462031249999997 0.9197171875000001 0.394775 0.9270984375 0.39149375000000003 0.9270984375 0.36688125 0.9455546874999999 0.36688125 0.9553984375000001 0.368521875 0.9566296875000001 0.371803125 0.9566296875000001 0.3816484375 0.9640109375 0.38821249999999996 0.9640109375 0.39149375000000003 0.9664718750000001 0.394775 0.9664718750000001 0.396415625 0.9652421875 0.3980578125 0.9640109375 0.40133906250000007 0.9640109375 0.41282500000000005 0.9553984375000001 0.41282500000000005 0.9529375 0.417746875 0.949246875 0.4210296875 0.949246875 0.4275921875 0.9443250000000001 0.4308734375 0.9443250000000001 0.43579687500000003 0.9406328125 0.43579687500000003 0.9381734375 0.439078125 0.9357125 0.439078125 0.9332515625 0.4374375 0.9320203125000001 0.4275921875 0.9320203125000001
17 0.3750859375 0.8458921875 0.368521875 0.8458921875 0.3603171875 0.85204375 0.3603171875 0.8618874999999999 0.3849296875 0.88034375 0.39149375000000003 0.88034375 0.393134375 0.8791125 0.393134375 0.8618874999999999 0.3832890625 0.8545046875000001 0.3832890625 0.85204375 0.3750859375 0.8458921875
19 0.439809375 0.701490625 0.4032453125 0.709134375 0.3870546875 0.7135015625000001 0.3870546875 0.714046875 0.391965625 0.715003125 0.4247109375 0.7084515625 0.4447203125 0.7040828125 0.44572812500000003 0.704071875 0.439809375 0.701490625
3 0.3110921875 0.6477953125 0.3094515625 0.6465640625 0.30288750000000003 0.6465640625 0.297965625 0.6502546875 0.297965625 0.652715625 0.2881203125 0.6600984375000001 0.2881203125 0.6625593750000001 0.2848390625 0.6650203125 0.2848390625 0.66748125 0.283196875 0.6687109375 0.279915625 0.6687109375 0.278275 0.6699421875 0.278275 0.672403125 0.2667890625 0.681015625 0.2635078125 0.681015625 0.26022500000000004 0.6834765625 0.25694374999999997 0.6834765625 0.255303125 0.6847078125 0.255303125 0.6871671874999999 0.252021875 0.689628125 0.252021875 0.6920890625 0.24873906250000002 0.69455 0.24873906250000002 0.6970109375 0.2536625 0.700703125 0.26022500000000004 0.700703125 0.261865625 0.699471875 0.26842968749999996 0.69455 0.26842968749999996 0.6920890625 0.2717109375 0.689628125 0.2717109375 0.6871671874999999 0.2848390625 0.677325 0.2848390625 0.6748640625 0.297965625 0.6650203125 0.297965625 0.6625593750000001 0.304528125 0.6576375 0.304528125 0.6551765625 0.30616875 0.653946875 0.3094515625 0.653946875 0.3110921875 0.652715625 0.3110921875 0.6477953125
3 0.322578125 0.6317984375 0.3275 0.6281078124999999 0.3275 0.6256468749999999 0.32421875 0.6231859375 0.32421875 0.6059609375 0.3209375 0.6035 0.3209375 0.6010390625 0.31765468750000003 0.598578125 0.31765468750000003 0.5961171875 0.3143734375 0.59365625 0.3143734375 0.571509375 0.31601406249999997 0.570278125 0.319296875 0.570278125 0.3209375 0.5690484375 0.3209375 0.5665875 0.31765468750000003 0.5641265625 0.31765468750000003 0.5616656250000001 0.3209375 0.5592046875000001 0.31601406249999997 0.5555140625 0.3127328125 0.5555140625 0.3094515625 0.557975 0.30616875 0.557975 0.29960624999999996 0.553053125 0.296325 0.5555140625 0.2930421875 0.5555140625 0.2897609375 0.553053125 0.2700703125 0.553053125 0.2667890625 0.5555140625 0.25694374999999997 0.5555140625 0.2536625 0.557975 0.2503796875 0.557975 0.2421765625 0.5641265625 0.2421765625 0.5739703125 0.23889375 0.57643125 0.23889375 0.6035 0.2356125 0.6059609375 0.2356125 0.608421875 0.23889375 0.6108828125 0.23889375 0.6330296875 0.2421765625 0.635490625 0.2421765625 0.6404124999999999 0.24545781249999998 0.6428734375 0.24545781249999998 0.6502546875 0.2470984375 0.6514859375000001 0.2667890625 0.6514859375000001 0.26842968749999996 0.6502546875 0.2700703125 0.649025 0.2864796875 0.649025 0.2881203125 0.6477953125 0.2881203125 0.6428734375 0.2897609375 0.6416421875 0.2930421875 0.6416421875 0.296325 0.63918125 0.29960624999999996 0.63918125 0.30288750000000003 0.6367203124999999 0.30616875 0.6367203124999999 0.3094515625 0.634259375 0.31601406249999997 0.634259375 0.319296875 0.6317984375 0.322578125 0.6317984375
3 0.4275921875 0.5924265625 0.42431093750000004 0.5899656249999999 0.41118437500000005 0.5899656249999999 0.40790156250000004 0.5875046875 0.40133906250000007 0.5875046875 0.3980578125 0.58504375 0.394775 0.58504375 0.39149375000000003 0.5825828125 0.3849296875 0.5825828125 0.3816484375 0.580121875 0.3783671875 0.580121875 0.3750859375 0.5776609374999999 0.368521875 0.5776609374999999 0.3635984375 0.5813515625 0.3635984375 0.5838125 0.365240625 0.58504375 0.368521875 0.58504375 0.371803125 0.5875046875 0.3750859375 0.5875046875 0.3783671875 0.58504375 0.3816484375 0.58504375 0.389853125 0.5911953125 0.389853125 0.59365625 0.39149375000000003 0.5948875 0.394775 0.5948875 0.40297968749999996 0.6010390625 0.40297968749999996 0.6035 0.40954375 0.608421875 0.40954375 0.6108828125 0.41118437500000005 0.6121125000000001 0.42431093750000004 0.6121125000000001 0.4259515625 0.6108828125 0.4275921875 0.6096515625000001 0.45 0.6096515625000001 0.45 0.5993859375 0.4472828125 0.597346875 0.4440015625 0.597346875 0.44071875 0.5948875 0.4374375 0.5948875 0.43415625 0.5924265625 0.4275921875 0.5924265625
3 0.3767265625 0.5911953125 0.368521875 0.58504375 0.3586765625 0.58504375 0.3553953125 0.5875046875 0.34883125000000004 0.5875046875 0.34554999999999997 0.5899656249999999 0.34226875 0.5899656249999999 0.3340640625 0.5961171875 0.3340640625 0.598578125 0.32421875 0.6059609375 0.3275 0.608421875 0.3275 0.6281078124999999 0.329140625 0.6293390624999999 0.33242343750000003 0.6293390624999999 0.3357046875 0.6317984375 0.34226875 0.6317984375 0.343909375 0.63056875 0.34554999999999997 0.6293390624999999 0.34883125000000004 0.6293390624999999 0.3521125 0.626878125 0.3586765625 0.626878125 0.3619578125 0.6244171875 0.365240625 0.6244171875 0.368521875 0.62195625 0.371803125 0.62195625 0.3767265625 0.6182640625 0.3767265625 0.6059609375 0.37344374999999996 0.6035 0.37344374999999996 0.6010390625 0.3767265625 0.598578125 0.3767265625 0.5911953125
3 0.15521093749999998 0.62195625 0.1519296875 0.6194953125 0.1191125 0.6194953125 0.11418906250000001 0.6231859375 0.11418906250000001 0.6256468749999999 0.10106250000000001 0.635490625 0.10106250000000001 0.6379515625 0.09121718749999999 0.645334375 0.09121718749999999 0.6477953125 0.0879359375 0.6502546875 0.0879359375 0.652715625 0.0846546875 0.6551765625 0.0846546875 0.6576375 0.0879359375 0.6600984375000001 0.0879359375 0.6625593750000001 0.0895765625 0.6637906250000001 0.092859375 0.6637906250000001 0.102703125 0.671171875 0.1059859375 0.671171875 0.1109078125 0.6748640625 0.1109078125 0.677325 0.11583125000000001 0.681015625 0.1191125 0.681015625 0.12239375 0.6834765625 0.145365625 0.6834765625 0.14700625 0.6822468749999999 0.148646875 0.681015625 0.1519296875 0.681015625 0.1568515625 0.677325 0.1568515625 0.6748640625 0.1601328125 0.672403125 0.1601328125 0.6699421875 0.16669687500000002 0.6650203125 0.16669687500000002 0.6576375 0.169978125 0.6551765625 0.169978125 0.6330296875 0.16669687500000002 0.63056875 0.16669687500000002 0.6281078124999999 0.1584921875 0.62195625 0.15521093749999998 0.62195625
3 0.3635984375 0.66748125 0.36688125 0.6699421875 0.36688125 0.6748640625 0.3767265625 0.6822468749999999 0.3767265625 0.69455 0.37344374999999996 0.6970109375 0.37344374999999996 0.7019328125000001 0.3701625 0.70439375 0.3701625 0.7068546875 0.3816484375 0.7154671875 0.3849296875 0.7154671875 0.38821249999999996 0.717928125 0.40133906250000007 0.717928125 0.40297968749999996 0.7166984375000001 0.40954375 0.7117765625 0.40954375 0.709315625 0.41610625 0.70439375 0.41610625 0.6970109375 0.4193875 0.69455 0.4193875 0.677325 0.41446562499999995 0.6736328125 0.41118437500000005 0.6736328125 0.38821249999999996 0.6564078125 0.3849296875 0.6564078125 0.3816484375 0.653946875 0.371803125 0.653946875 0.3635984375 0.6600984375000001 0.3635984375 0.66748125
3 0.322578125 0.653946875 0.325859375 0.653946875 0.329140625 0.6564078125 0.33242343750000003 0.6564078125 0.3389859375 0.6613296875 0.3586765625 0.6613296875 0.3603171875 0.6600984375000001 0.3635984375 0.6576375 0.3635984375 0.6551765625 0.3553953125 0.649025 0.3521125 0.649025 0.34883125000000004 0.6465640625 0.329140625 0.6465640625 0.325859375 0.644103125 0.30288750000000003 0.644103125 0.301246875 0.645334375 0.301246875 0.652715625 0.30288750000000003 0.653946875 0.30616875 0.6514859375000001 0.319296875 0.6514859375000001 0.322578125 0.653946875
3 0.2192046875 0.7019328125000001 0.20771875 0.6933203125 0.2011546875 0.6933203125 0.1978734375 0.6908593749999999 0.1945921875 0.6933203125 0.188028125 0.6933203125 0.17982343750000002 0.699471875 0.17982343750000002 0.7019328125000001 0.1765421875 0.70439375 0.1765421875 0.7216203125 0.1732609375 0.7240796875 0.1765421875 0.7265406249999999 0.1765421875 0.7290015624999999 0.1781828125 0.7302328124999999 0.1814640625 0.7302328124999999 0.184746875 0.7326937499999999 0.188028125 0.7326937499999999 0.1945921875 0.737615625 0.1978734375 0.737615625 0.21428124999999998 0.74991875 0.2208453125 0.74991875 0.22248593749999998 0.7486890625 0.22905000000000003 0.7437671875 0.22905000000000003 0.7413062499999999 0.22576718750000002 0.7388453125 0.22576718750000002 0.7290015624999999 0.2274078125 0.727771875 0.237253125 0.727771875 0.23889375 0.7265406249999999 0.23889375 0.719159375 0.23233125000000002 0.7142375000000001 0.23233125000000002 0.7117765625 0.22412656250000002 0.7056234375 0.2208453125 0.7056234375 0.2192046875 0.70439375 0.2192046875 0.7019328125000001
3 0.1732609375 0.6551765625 0.1749015625 0.6564078125 0.1781828125 0.6564078125 0.1814640625 0.65886875 0.188028125 0.65886875 0.191309375 0.6613296875 0.21428124999999998 0.6613296875 0.21592187499999999 0.6600984375000001 0.21756406250000002 0.65886875 0.22412656250000002 0.65886875 0.22905000000000003 0.6551765625 0.22905000000000003 0.6502546875 0.23233125000000002 0.6477953125 0.23233125000000002 0.645334375 0.22905000000000003 0.6428734375 0.22905000000000003 0.6404124999999999 0.20771875 0.6244171875 0.1978734375 0.6244171875 0.18310625 0.635490625 0.18310625 0.6379515625 0.1732609375 0.645334375 0.1732609375 0.6551765625
3 0.33242343750000003 0.48414999999999997 0.325859375 0.48414999999999997 0.322578125 0.4816890625 0.319296875 0.4816890625 0.31765468750000003 0.48291874999999995 0.31765468750000003 0.48537968749999993 0.322578125 0.4890703125 0.325859375 0.4890703125 0.329140625 0.49153125 0.3357046875 0.49153125 0.34226875 0.49645312500000005 0.34554999999999997 0.49645312500000005 0.3553953125 0.5038359375 0.3586765625 0.5038359375 0.368521875 0.51121875 0.371803125 0.51121875 0.37344374999999996 0.5099875 0.37344374999999996 0.5075265625000001 0.3767265625 0.5050671875 0.3767265625 0.50260625 0.371803125 0.49891406250000003 0.365240625 0.49891406250000003 0.3619578125 0.49645312500000005 0.3586765625 0.49645312500000005 0.3553953125 0.49399218749999996 0.3521125 0.49399218749999996 0.34883125000000004 0.49153125 0.34554999999999997 0.49153125 0.3389859375 0.48661093749999995 0.3357046875 0.48661093749999995 0.33242343750000003 0.48414999999999997
3 0.2651484375 0.5075265625000001 0.27499375000000004 0.514909375 0.27499375000000004 0.5173703125 0.283196875 0.5235218749999999 0.2864796875 0.5235218749999999 0.2897609375 0.5259828125 0.296325 0.5259828125 0.297965625 0.5272140624999999 0.297965625 0.529675 0.301246875 0.5321359375 0.301246875 0.534596875 0.30288750000000003 0.5358265624999999 0.30616875 0.5358265624999999 0.3110921875 0.5395187499999999 0.3110921875 0.541978125 0.31601406249999997 0.5456703125 0.3389859375 0.5456703125 0.3406265625 0.5444390625 0.34226875 0.543209375 0.34554999999999997 0.543209375 0.3635984375 0.529675 0.3635984375 0.51983125 0.365240625 0.5186015625 0.368521875 0.5186015625 0.371803125 0.516140625 0.3750859375 0.516140625 0.3783671875 0.5186015625 0.3816484375 0.5186015625 0.3832890625 0.5173703125 0.3832890625 0.5099875 0.386571875 0.5075265625000001 0.386571875 0.50260625 0.3849296875 0.501375 0.3816484375 0.5038359375 0.3767265625 0.5001453125 0.3767265625 0.49768437499999996 0.37344374999999996 0.4952234375 0.3816484375 0.4890703125 0.3849296875 0.4890703125 0.39149375000000003 0.48414999999999997 0.394775 0.48414999999999997 0.40297968749999996 0.477996875 0.40297968749999996 0.4755359375 0.40790156250000004 0.4718453125 0.41118437500000005 0.4718453125 0.41446562499999995 0.469384375 0.417746875 0.469384375 0.41859375 0.46875 0.2741984375 0.46875 0.26842968749999996 0.47307499999999997 0.26842968749999996 0.487840625 0.261865625 0.4927625 0.261865625 0.50260625 0.2651484375 0.5050671875 0.2651484375 0.5075265625000001
13 0.3996984375 0.77821875 0.393134375 0.7831406249999999 0.393134375 0.8397390625 0.389853125 0.8422000000000001 0.389853125 0.8594265625 0.393134375 0.8618874999999999 0.393134375 0.8766515625 0.394775 0.8778828125 0.3980578125 0.8778828125 0.40133906250000007 0.88034375 0.4472828125 0.88034375 0.45 0.8823812500000001 0.45 0.8651546874999999 0.4456421875 0.8618874999999999 0.4456421875 0.8594265625 0.442359375 0.856965625 0.442359375 0.8422000000000001 0.4456421875 0.8397390625 0.4456421875 0.8348171875 0.45 0.83155 0.45 0.7700296875 0.4472828125 0.7720671875 0.4308734375 0.7720671875 0.4275921875 0.774528125 0.40133906250000007 0.774528125 0.3996984375 0.7757578125 0.3996984375 0.77821875
17 0.143725 0.9504765624999999 0.143725 0.9553984375000001 0.14700625 0.957859375 0.14700625 0.9603203125 0.15521093749999998 0.9664718750000001 0.1568515625 0.9652421875 0.1568515625 0.957859375 0.16669687500000002 0.9504765624999999 0.16669687500000002 0.9455546874999999 0.163415625 0.9430937500000001 0.163415625 0.930790625 0.161775 0.929559375 0.15521093749999998 0.929559375 0.1519296875 0.9320203125000001 0.148646875 0.9320203125000001 0.145365625 0.9344812499999999 0.14208437499999998 0.9344812499999999 0.14044375 0.9357125 0.14044375 0.948015625 0.143725 0.9504765624999999
13 0.161775 0.889971875 0.16505625 0.889971875 0.18638749999999998 0.8739765625 0.191309375 0.8702859374999999 0.1962328125 0.86659375 0.2044359375 0.8579812499999999 0.21592187499999999 0.84936875 0.23069062499999998 0.8382937500000001 0.237378125 0.8307734375000001 0.23233125000000002 0.8272203125 0.21428124999999998 0.8136859375000001 0.1978734375 0.8038421874999999 0.18966875 0.797690625 0.184746875 0.794 0.1765421875 0.787846875 0.17161875 0.78415625 0.1322390625 0.7570875 0.1289578125 0.7570875 0.1273171875 0.75585625 0.1273171875 0.7533953125 0.1191125 0.74724375 0.11583125000000001 0.74724375 0.11418906250000001 0.7460140625 0.11418906250000001 0.743553125 0.1092671875 0.7398609375 0.1059859375 0.7398609375 0.099421875 0.7349390625 0.0830140625 0.7275578125 0.0698859375 0.732478125 0.0649640625 0.7361703125 0.0649640625 0.7460140625 0.059228125 0.7490249999999999 0.054939062500000004 0.7543890625 0.0649640625 0.7632390625000001 0.0609453125 0.7784203125 0.038640625 0.7979453125 0.0633234375 0.7915390625 0.06660468750000001 0.789078125 0.0698859375 0.7915390625 0.071528125 0.7903078125 0.071528125 0.7853859375 0.07644999999999999 0.7816953125 0.07973125 0.7816953125 0.08137187500000001 0.7829265624999999 0.08137187500000001 0.79276875 0.078090625 0.7952296875 0.078090625 0.797690625 0.071528125 0.8026125000000001 0.071528125 0.807534375 0.07644999999999999 0.811225 0.0862953125 0.811225 0.09121718749999999 0.8149171875000001 0.09121718749999999 0.817378125 0.0945 0.8198375 0.0945 0.8641328125 0.09121718749999999 0.86659375 0.09121718749999999 0.871515625 0.0879359375 0.8739765625 0.0879359375 0.8788984375 0.0846546875 0.8813593750000001 0.0846546875 0.8936624999999999 0.08137187500000001 0.8961234375 0.08137187500000001 0.9010453125 0.078090625 0.9035062500000001 0.078090625 0.9059671874999999 0.0682453125 0.91335 0.0682453125 0.9158109375000001 0.0649640625 0.918271875 0.0649640625 0.9207328125 0.061682812499999996 0.92319375 0.0649640625 0.9256546875 0.049765625 0.9246281249999999 0.0290546875 0.9226078125000001 0.00358125 0.9215203125 0.019321875 0.9440531249999999 0.025742187500000003 0.9529125 0.029676562499999996 0.960215625 0.035890624999999995 0.9687625000000001 0.045209375 0.9723375000000001 0.063228125 0.9771546875 0.071528125 0.9601062499999999 0.071528125 0.9576453125000001 0.074809375 0.955184375 0.074809375 0.9478015624999999 0.078090625 0.945340625 0.078090625 0.9428796875 0.092859375 0.93180625 0.09614062500000001 0.93180625 0.11583125000000001 0.9170406249999999 0.1191125 0.9170406249999999 0.1289578125 0.9096578125000001 0.1322390625 0.9096578125000001 0.138803125 0.9047375000000001 0.14208437499999998 0.9047375000000001 0.161775 0.889971875
13 0 0.9197171875000001 0.0009703125 0.9197171875000001 0.004253125 0.9221765625 0.030506250000000002 0.9221765625 0.0337875 0.9246375 0.0600421875 0.9246375 0.061682812499999996 0.9234078125 0.0682453125 0.9184859375000001 0.0682453125 0.916025 0.071528125 0.9135640625000001 0.071528125 0.911103125 0.078090625 0.90618125 0.078090625 0.9037203125 0.08137187500000001 0.9012609375 0.08137187500000001 0.8963390625000001 0.0846546875 0.893878125 0.0846546875 0.8791125 0.0879359375 0.8766515625 0.0879359375 0.86926875 0.09121718749999999 0.8668078124999999 0.09121718749999999 0.8348171875 0.0945 0.8323562499999999 0.0945 0.8200531249999999 0.0895765625 0.8163609375 0.0403515625 0.8163609375 0.0370703125 0.818821875 0.0337875 0.818821875 0.030506250000000002 0.8212828125 0.0140984375 0.8212828125 0.009174999999999999 0.824975 0.009174999999999999 0.8495828124999999 0.00589375 0.85204375 0.00589375 0.8643484375 0.0026125 0.8668078124999999 0.0026125 0.8791125 0 0.881071875 0 0.9197171875000001
3 0.2356125 0.7634531250000001 0.2356125 0.7609921875000001 0.23233125000000002 0.75853125 0.23233125000000002 0.7560718750000001 0.2274078125 0.7523796875000001 0.21756406250000002 0.7523796875000001 0.21428124999999998 0.754840625 0.211 0.754840625 0.19951406249999998 0.7634531250000001 0.19951406249999998 0.7659140625 0.1962328125 0.768375 0.1962328125 0.773296875 0.1945921875 0.774528125 0.191309375 0.774528125 0.188028125 0.7769874999999999 0.1814640625 0.7769874999999999 0.1781828125 0.7794484374999999 0.1749015625 0.7794484374999999 0.169978125 0.7831406249999999 0.2044359375 0.8089796874999999 0.20771875 0.8089796874999999 0.21428124999999998 0.8139 0.2208453125 0.8139 0.22248593749999998 0.8126703125000001 0.22248593749999998 0.810209375 0.22576718750000002 0.8077484374999999 0.22576718750000002 0.8028265625 0.22905000000000003 0.8003656250000001 0.22905000000000003 0.79544375 0.23233125000000002 0.792984375 0.23233125000000002 0.7905234375 0.2356125 0.7880625 0.2356125 0.7856015625 0.2421765625 0.7806796874999999 0.2421765625 0.7757578125 0.23889375 0.773296875 0.23889375 0.7659140625 0.2356125 0.7634531250000001
13 0.078090625 0.5099875 0.0682453125 0.5173703125 0.0682453125 0.534596875 0.0698859375 0.5358265624999999 0.0862953125 0.5235218749999999 0.102703125 0.5235218749999999 0.1059859375 0.5259828125 0.1092671875 0.5259828125 0.1109078125 0.5272140624999999 0.1109078125 0.529675 0.1076265625 0.5321359375 0.1076265625 0.534596875 0.11254843750000001 0.5382875 0.1191125 0.5382875 0.12075312499999999 0.5370578125 0.12239375 0.5358265624999999 0.1289578125 0.5358265624999999 0.1322390625 0.533365625 0.148646875 0.533365625 0.1601328125 0.5247531249999999 0.1601328125 0.51983125 0.163415625 0.5173703125 0.163415625 0.5124484375 0.1601328125 0.5099875 0.1601328125 0.5050671875 0.1568515625 0.50260625 0.1568515625 0.5001453125 0.1535703125 0.49768437499999996 0.1535703125 0.4952234375 0.1519296875 0.49399218749999996 0.1289578125 0.49399218749999996 0.12239375 0.4890703125 0.11583125000000001 0.4890703125 0.11418906250000001 0.487840625 0.11418906250000001 0.48291874999999995 0.1109078125 0.48045781249999997 0.1109078125 0.4706140625 0.108421875 0.46875 0.0591953125 0.46875 0.061682812499999996 0.4706140625 0.061682812499999996 0.5001453125 0.0633234375 0.501375 0.07644999999999999 0.501375 0.078090625 0.50260625 0.078090625 0.5099875
3 0.125675 0.4890703125 0.1322390625 0.4890703125 0.13552031250000002 0.49153125 0.16505625 0.49153125 0.16669687500000002 0.4903015625 0.1683375 0.4890703125 0.1814640625 0.4890703125 0.18638749999999998 0.48537968749999993 0.18638749999999998 0.46875 0.11418906250000001 0.46875 0.11418906250000001 0.477996875 0.117471875 0.48045781249999997 0.117471875 0.48537968749999993 0.1191125 0.48661093749999995 0.12239375 0.48661093749999995 0.125675 0.4890703125
3 0.19295 0.5469 0.1962328125 0.5444390625 0.1962328125 0.529675 0.19295 0.5272140624999999 0.19295 0.5247531249999999 0.18966875 0.5222921875 0.18966875 0.51983125 0.184746875 0.516140625 0.1814640625 0.516140625 0.17982343750000002 0.514909375 0.17982343750000002 0.5124484375 0.1781828125 0.51121875 0.1749015625 0.51121875 0.17161875 0.5087578125000001 0.1683375 0.5087578125000001 0.16669687500000002 0.5099875 0.16669687500000002 0.5124484375 0.163415625 0.514909375 0.16669687500000002 0.5173703125 0.16669687500000002 0.5247531249999999 0.16505625 0.5259828125 0.161775 0.5259828125 0.1519296875 0.533365625 0.13552031250000002 0.533365625 0.1305984375 0.5370578125 0.1305984375 0.551821875 0.1338796875 0.5542828125 0.1338796875 0.5739703125 0.13552031250000002 0.5751999999999999 0.138803125 0.5751999999999999 0.14208437499999998 0.5776609374999999 0.145365625 0.5776609374999999 0.14700625 0.57643125 0.148646875 0.5751999999999999 0.15521093749999998 0.5751999999999999 0.161775 0.570278125 0.16505625 0.570278125 0.1683375 0.5678171875 0.17161875 0.5678171875 0.1749015625 0.56535625 0.1781828125 0.56535625 0.18310625 0.5616656250000001 0.18310625 0.5592046875000001 0.18966875 0.5542828125 0.18966875 0.551821875 0.19295 0.5493609375 0.19295 0.5469
3 0.322578125 0.6317984375 0.3275 0.6281078124999999 0.3275 0.6256468749999999 0.32421875 0.6231859375 0.32421875 0.6059609375 0.3209375 0.6035 0.3209375 0.6010390625 0.31765468750000003 0.598578125 0.31765468750000003 0.5961171875 0.3143734375 0.59365625 0.3143734375 0.571509375 0.3094515625 0.5678171875 0.30288750000000003 0.5678171875 0.29960624999999996 0.570278125 0.297965625 0.5690484375 0.297965625 0.5616656250000001 0.296325 0.560434375 0.2930421875 0.560434375 0.2864796875 0.5555140625 0.25694374999999997 0.5555140625 0.2470984375 0.5628953125 0.2438171875 0.5628953125 0.2421765625 0.5641265625 0.2421765625 0.571509375 0.23889375 0.5739703125 0.23889375 0.6035 0.2356125 0.6059609375 0.2356125 0.6108828125 0.23889375 0.6133437500000001 0.23889375 0.6330296875 0.2421765625 0.635490625 0.2421765625 0.6404124999999999 0.24545781249999998 0.6428734375 0.24545781249999998 0.6502546875 0.2503796875 0.653946875 0.252021875 0.652715625 0.2536625 0.6514859375000001 0.2667890625 0.6514859375000001 0.2700703125 0.649025 0.283196875 0.649025 0.2881203125 0.645334375 0.2881203125 0.6404124999999999 0.2897609375 0.63918125 0.29960624999999996 0.63918125 0.30288750000000003 0.6367203124999999 0.30616875 0.6367203124999999 0.3094515625 0.634259375 0.31601406249999997 0.634259375 0.319296875 0.6317984375 0.322578125 0.6317984375
3 0.13552031250000002 0.6047296875 0.148646875 0.6047296875 0.15028906250000001 0.6035 0.15028906250000001 0.5961171875 0.14700625 0.59365625 0.14700625 0.588734375 0.145365625 0.5875046875 0.14208437499999998 0.5875046875 0.13552031250000002 0.5825828125 0.125675 0.5825828125 0.12075312499999999 0.5862734374999999 0.12075312499999999 0.598578125 0.12239375 0.5998078125 0.125675 0.5998078125 0.1289578125 0.60226875 0.1322390625 0.60226875 0.13552031250000002 0.6047296875
3 0.17982343750000002 0.57643125 0.17982343750000002 0.571509375 0.1781828125 0.570278125 0.1683375 0.570278125 0.161775 0.5751999999999999 0.1584921875 0.5751999999999999 0.1568515625 0.57643125 0.1568515625 0.578890625 0.1535703125 0.5813515625 0.1535703125 0.5862734374999999 0.15028906250000001 0.588734375 0.15028906250000001 0.5911953125 0.14700625 0.59365625 0.14700625 0.6010390625 0.15028906250000001 0.6035 0.15028906250000001 0.608421875 0.1601328125 0.615803125 0.1601328125 0.6182640625 0.163415625 0.620725 0.163415625 0.6231859375 0.16505625 0.6244171875 0.17161875 0.6244171875 0.1732609375 0.6231859375 0.18310625 0.615803125 0.18310625 0.6133437500000001 0.17982343750000002 0.6108828125 0.17982343750000002 0.6035 0.1765421875 0.6010390625 0.1765421875 0.598578125 0.1732609375 0.5961171875 0.1732609375 0.59365625 0.169978125 0.5911953125 0.1732609375 0.588734375 0.1732609375 0.5862734374999999 0.1765421875 0.5838125 0.1765421875 0.578890625 0.17982343750000002 0.57643125
13 0.07973125 0.7031640625 0.0862953125 0.7031640625 0.0879359375 0.7019328125000001 0.0879359375 0.6970109375 0.0862953125 0.69578125 0.0830140625 0.69578125 0.078090625 0.699471875 0.078090625 0.7019328125000001 0.07973125 0.7031640625
3 0.343909375 0.9012609375 0.3406265625 0.8987999999999999 0.3406265625 0.893878125 0.3373453125 0.8914171874999999 0.3373453125 0.88895625 0.3340640625 0.8864953124999999 0.3340640625 0.884034375 0.329140625 0.88034375 0.325859375 0.88034375 0.32421875 0.8815734375 0.32421875 0.88895625 0.30616875 0.9024906250000001 0.29960624999999996 0.9024906250000001 0.296325 0.9049515625 0.283196875 0.9049515625 0.276634375 0.9000296875 0.2733515625 0.9000296875 0.2700703125 0.8975687499999999 0.2667890625 0.8975687499999999 0.2635078125 0.8951078125 0.26022500000000004 0.8951078125 0.255303125 0.8987999999999999 0.255303125 0.9012609375 0.252021875 0.9037203125 0.252021875 0.9332515625 0.25694374999999997 0.9369421875 0.26022500000000004 0.9369421875 0.2635078125 0.9394031249999999 0.2667890625 0.9394031249999999 0.2700703125 0.9418640625 0.2733515625 0.9418640625 0.276634375 0.9443250000000001 0.279915625 0.9443250000000001 0.283196875 0.9467859375 0.2864796875 0.9467859375 0.2930421875 0.9517078124999999 0.296325 0.9517078124999999 0.29960624999999996 0.95416875 0.3094515625 0.95416875 0.3127328125 0.9517078124999999 0.322578125 0.9517078124999999 0.325859375 0.95416875 0.329140625 0.95416875 0.33078281249999997 0.9529375 0.33242343750000003 0.9517078124999999 0.3357046875 0.9517078124999999 0.347190625 0.9430937500000001 0.347190625 0.9406328125 0.350471875 0.9381734375 0.350471875 0.9357125 0.3537546875 0.9332515625 0.3537546875 0.9184859375000001 0.350471875 0.916025 0.350471875 0.9135640625000001 0.347190625 0.911103125 0.347190625 0.9086421874999999 0.343909375 0.90618125 0.343909375 0.9012609375
17 0 0.7885640625 0.0009703125 0.7892921875 0.0140984375 0.7892921875 0.0157390625 0.7880625 0.017379687499999998 0.78683125 0.0206609375 0.78683125 0.0239421875 0.7843703125 0.027225 0.7843703125 0.0337875 0.7794484374999999 0.0403515625 0.7794484374999999 0.0436328125 0.7769874999999999 0.050196874999999995 0.7769874999999999 0.05511875000000001 0.773296875 0.05511875000000001 0.7634531250000001 0.0518375 0.7609921875000001 0.0518375 0.7413062499999999 0.05511875000000001 0.7388453125 0.05511875000000001 0.736384375 0.0682453125 0.7265406249999999 0.0682453125 0.7216203125 0.0633234375 0.717928125 0.0600421875 0.717928125 0.056759375 0.7154671875 0.053478125 0.7154671875 0.050196874999999995 0.7130062500000001 0.0469140625 0.7130062500000001 0.0436328125 0.7105453125000001 0.0140984375 0.7105453125000001 0.009174999999999999 0.7142375000000001 0.009174999999999999 0.719159375 0.00589375 0.7216203125 0.00589375 0.7339234375 0.009174999999999999 0.736384375 0.009174999999999999 0.7413062499999999 0.01245625 0.7437671875 0.01245625 0.746228125 0.0140984375 0.7474578125 0.017379687499999998 0.7474578125 0.0190203125 0.7486890625 0.009174999999999999 0.7560718750000001 0.009174999999999999 0.75853125 0.00589375 0.7609921875000001 0.00589375 0.7659140625 0.0026125 0.768375 0.0026125 0.773296875 0 0.7752546875 0 0.7885640625
0 1 0.46875 0.45 0.46875 0.45 1 1 1 1 0.46875
9 0.6393953125 0.49045468750000004 0.640625 0.48881406250000003 0.6418546875 0.4871734375 0.6443156250000001 0.4871734375 0.6480078125000001 0.48224999999999996 0.6480078125000001 0.47896875000000005 0.65046875 0.4756875 0.65046875 0.46875 0.6286015625 0.46875 0.6283203125 0.46912343749999996 0.6283203125 0.48224999999999996 0.6320125 0.4871734375 0.6344734375 0.4871734375 0.6369343749999999 0.49045468750000004 0.6393953125 0.49045468750000004