6 0.7512953125 0.2615015625 0.7147203125 0.2191578125 0.637 0.181390625 0.536421875 0.18368125 0.40993593749999996 0.1871125 0.26059062499999996 0.19855781249999999 0.1783 0.23174687500000002 0.199634375 0.3519109375 0.1508671875 0.32902343749999996 0.0594328125 0.3416109375 0.0594328125 0.4640640625 0.0243828125 0.548753125 0.120390625 0.5807953125 0.176775 0.6506062499999999 0.1462984375 0.7021046875 0.20115781250000003 0.7330062500000001 0.286496875 0.7467390625 0.2651625 0.7833593750000001 0.3703140625 0.7902250000000001 0.57604375 0.7936593750000001 0.6034734375 0.7547484375 0.6933859375 0.7799265625 0.6903390625 0.7833593750000001 0.694909375 0.78565 0.7589140624999999 0.750171875 0.7970125 0.71355 0.8046328125000001 0.6700625 0.8168234375000001 0.6357296875 0.8168234375000001 0.5888078125 0.9097843749999999 0.539596875 0.9326421874999999 0.48351875 0.886925 0.39196718750000004 0.8153 0.3416109375 0.7970125 0.3107125 0.7512953125 0.2615015625
14 0.5214578125 0.46679843749999994 0.6332921875 0.46679843749999994 0.6540984375 0.462890625 0.6606015625 0.4501953125 0.6515 0.4296875 0.6306921875 0.431640625 0.5890796875000001 0.41796875 0.560471875 0.42773281250000006 0.544865625 0.41796875 0.4668421875 0.419921875 0.40312187499999996 0.44629062499999994 0.40052343749999997 0.4794921875 0.4135265625 0.4814453125 0.5214578125 0.46679843749999994
16 0.5084562499999999 0.2812515625 0.5890796875000001 0.2792984375 0.6046843749999999 0.298828125 0.6241921875 0.301759375 0.644996875 0.2900390625 0.6762078125000001 0.239259375 0.6996140625 0.219725 0.6944125 0.2080078125 0.664503125 0.19140625 0.6254890625 0.18359375 0.59688125 0.189453125 0.4902484375 0.1875 0.4538390625 0.2187515625 0.43953437500000003 0.2216796875 0.42913281249999996 0.2470703125 0.4512390625 0.251953125 0.48764843750000003 0.275390625 0.5084562499999999 0.2812515625
21 0.79844375 0.6826171875 0.7828390625 0.6533203125 0.6931109375 0.58984375 0.6436968750000001 0.568359375 0.6332921875 0.5703125 0.6111859374999999 0.6103515625 0.626790625 0.6455078125 0.7061171875000001 0.71484375 0.7490281249999999 0.7275390625 0.7737359374999999 0.7187515624999999 0.7958421875 0.6982406250000001 0.79844375 0.6826171875
16 0.42913281249999996 0.5849609375 0.4356328125 0.5742171875000001 0.4655421875 0.5654296875 0.47334531249999995 0.5361328125 0.420028125 0.49609375 0.3940203125 0.49023281250000006 0.360209375 0.49609375 0.2873890625 0.478515625 0.26788124999999996 0.4853515625 0.2600796875 0.5322250000000001 0.26918125000000004 0.544921875 0.2821859375 0.5507828124999999 0.313396875 0.54296875 0.409625 0.546875 0.42913281249999996 0.5849609375
17 0.6567000000000001 0.693359375 0.59948125 0.6562515624999999 0.440834375 0.626953125 0.4057234375 0.6572250000000001 0.4226296875 0.6757828124999999 0.524059375 0.7207015625000001 0.6098859375 0.732421875 0.6462984374999999 0.75 0.7152171875 0.7646484375 0.7386250000000001 0.7490234375 0.741225 0.7314453125 0.6567000000000001 0.693359375
17 0.3120953125 0.3994140625 0.2847875 0.392578125 0.1833546875 0.40429843749999994 0.110534375 0.40429843749999994 0.1144359375 0.44629062499999994 0.1365421875 0.47070156250000006 0.1534453125 0.46972500000000006 0.2067640625 0.4609375 0.300390625 0.458984375 0.3277 0.4365234375 0.3120953125 0.3994140625
17 0.1703515625 0.3984375 0.20546406250000002 0.3759765625 0.20546406250000002 0.366209375 0.17295312499999999 0.34765625 0.1313390625 0.3515625 0.0845265625 0.3437515625 0.067621875 0.4130859375 0.067621875 0.4384765625 0.080625 0.4404296875 0.10403124999999999 0.42870937500000006 0.110534375 0.40234375 0.1703515625 0.3984375
17 0.135240625 0.5673828125 0.196359375 0.5625 0.21846562500000002 0.5517593749999999 0.21196406250000002 0.548828125 0.247075 0.5380859375 0.26788124999999996 0.4970703125 0.247075 0.4833984375 0.2431734375 0.462890625 0.1365421875 0.474609375 0.110534375 0.44726718749999994 0.08582656250000001 0.4541015625 0.0364125 0.5146484375 0.0364125 0.5302749999999999 0.068921875 0.56640625 0.135240625 0.5673828125
14 0.36541250000000003 0.58203125 0.26918125000000004 0.5507828124999999 0.22626875000000002 0.5537093750000001 0.21846562500000002 0.5888671875 0.22496875 0.603515625 0.2665796875 0.619140625 0.29779062500000003 0.62109375 0.3472046875 0.64453125 0.38491718750000004 0.6455078125 0.41482656249999994 0.640625 0.455140625 0.5986328125 0.36541250000000003 0.58203125
17 0.8101484375 0.43359375 0.7581328125 0.43359375 0.7529296875 0.42578281249999994 0.708715625 0.4296875 0.6475984375 0.46777499999999994 0.7139171875 0.5312515624999999 0.7490281249999999 0.5361328125 0.8075468750000001 0.5097671874999999 0.8270515625 0.49120937500000006 0.8192484375 0.4404296875 0.8101484375 0.43359375
21 0.762034375 0.4130859375 0.7880421875 0.3193359375 0.7802390625 0.2939453125 0.7529296875 0.2812515625 0.733425 0.282225 0.7360234375 0.303709375 0.7152171875 0.3583984375 0.6944125 0.3974609375 0.6762078125000001 0.4111328125 0.6905109375 0.42578281249999994 0.7282234375 0.42675937499999994 0.7503296875000001 0.423828125 0.762034375 0.4130859375
17 0.48764843750000003 0.298828125 0.4655421875 0.3134765625 0.462940625 0.3369140625 0.47204375 0.375 0.607284375 0.42578281249999994 0.6397953125 0.42870937500000006 0.6540984375 0.42773281250000006 0.6918109375 0.3974609375 0.733425 0.2919921875 0.7256218750000001 0.2646484375 0.6944125 0.2255859375 0.6944125 0.2099609375 0.6540984375 0.1875 0.6150875 0.18359375 0.5643734375 0.1904296875 0.6007828125 0.217775 0.5825781250000001 0.2626953125 0.6007828125 0.2958984375 0.5864796875 0.3027328125 0.48764843750000003 0.298828125
17 0.3771140625 0.2568359375 0.3992234375 0.271484375 0.412225 0.2617171875 0.41092500000000004 0.2763671875 0.43303125 0.2890625 0.576075 0.3007828125 0.59298125 0.2958984375 0.59298125 0.2841796875 0.5188578125000001 0.28515625 0.47724687499999996 0.2734375 0.457740625 0.2490234375 0.4668421875 0.1953125 0.4382328125 0.203125 0.44603593750000003 0.193359375 0.3914203125 0.193359375 0.34980625 0.2109375 0.2925875 0.1992171875 0.2665796875 0.203125 0.2574796875 0.217775 0.22626875000000002 0.2333984375 0.2080640625 0.258790625 0.1976609375 0.2880859375 0.20546406250000002 0.3056640625 0.22366875 0.3115234375 0.24057187500000002 0.3046875 0.338103125 0.3076171875 0.3303 0.2880859375 0.29779062500000003 0.263671875 0.2795859375 0.263671875 0.2600796875 0.2490234375 0.2600796875 0.2216796875 0.2821859375 0.203125 0.3029921875 0.205078125 0.29648906249999996 0.2158203125 0.30819375 0.22265625 0.3706140625 0.2402328125 0.38491718750000004 0.2509765625 0.3771140625 0.2568359375
17 0.539665625 0.609375 0.5877796875 0.6279296875 0.605984375 0.6123046875 0.5305625 0.5087906249999999 0.48764843750000003 0.47265625 0.4356328125 0.4765625 0.4369328125 0.5087906249999999 0.4681421875 0.5263671875 0.47594531250000005 0.5400390625 0.4681421875 0.5654296875 0.43433124999999995 0.5810546875 0.462940625 0.5966796875 0.457740625 0.6181640625 0.5058546875000001 0.623046875 0.5214578125 0.609375 0.539665625 0.609375
17 0.704815625 0.5263671875 0.6775078125 0.5117171875000001 0.5890796875000001 0.494140625 0.6189890625000001 0.5634765625 0.702215625 0.5849609375 0.7204203125 0.5654296875 0.704815625 0.5263671875
17 0.7581328125 0.6367171875000001 0.7776375 0.6357406250000001 0.7802390625 0.5302749999999999 0.71651875 0.53515625 0.71781875 0.6044921875 0.7581328125 0.6367171875000001
14 0.40312187499999996 0.7158203125 0.4161265625 0.7236328125 0.4213296875 0.7548828125 0.43953437500000003 0.7841796875 0.4525390625 0.7861328125 0.49675156249999997 0.7548828125 0.4681421875 0.7158203125 0.47334531249999995 0.7021484375 0.4226296875 0.6796875 0.40312187499999996 0.7158203125
16 0.132640625 0.5712906249999999 0.2002609375 0.6474609375 0.25227656249999997 0.6181640625 0.215865625 0.5986328125 0.2223671875 0.5546875 0.132640625 0.5712906249999999
17 0.3771140625 0.6494140625 0.2431734375 0.619140625 0.1768546875 0.6728515625 0.16385 0.7041015625 0.21976718750000002 0.732421875 0.321196875 0.7382828124999999 0.3537078125 0.7548828125 0.40312187499999996 0.7060546875 0.40312187499999996 0.6904296875 0.3771140625 0.6650390625 0.3771140625 0.6494140625
12 0.462940625 0.3466796875 0.44863749999999997 0.3242171875 0.357609375 0.3203125 0.34330625000000003 0.3779296875 0.3303 0.3916015625 0.3914203125 0.4296875 0.4135265625 0.4345703125 0.4746453125 0.416015625 0.49935156249999996 0.3935546875 0.4655421875 0.3759765625 0.462940625 0.3466796875