6 0 0.46875 0.41724218750000003 0.46875 0.41642812500000004 0.4616234375 0.410740625 0.4548453125 0.42495781250000003 0.43903125000000004 0.43064375000000005 0.4028828125 0.3979453125 0.39497499999999997 0.36666875 0.39497499999999997 0.33255 0.3769 0.2927421875 0.365603125 0.2842125 0.35204843750000003 0.269996875 0.3497890625 0.25009375 0.3362328125 0.227346875 0.33397343749999997 0.20459999999999998 0.32267812500000004 0.11361406249999999 0.304603125 0.07096406250000001 0.30234375 0.0396875 0.31138125 0.0084109375 0.33397343749999997 0 0.33564531249999996 0 0.46875
17 0 0.42994843749999995 0.0055671875 0.4243453125 0.07096406250000001 0.44467968750000003 0.0837578125 0.42547499999999994 0.09228906249999999 0.3938453125 0.11361406249999999 0.39949375 0.120721875 0.3961046875 0.11787812499999999 0.3870671875 0.093709375 0.365603125 0.059590624999999994 0.3633453125 0.0027234375 0.374640625 0.0013015625 0.414178125 0 0.41550937499999996 0 0.42994843749999995
13 0 0.35204843750000003 0.011253125 0.35204843750000003 0.0098328125 0.35769687499999997 0.016940625 0.3610859375 0.034 0.35204843750000003 0.059590624999999994 0.3610859375 0.093709375 0.3633453125 0.1306734375 0.397234375 0.1505765625 0.370121875 0.160528125 0.4028828125 0.1932265625 0.406271875 0.2088640625 0.42095625 0.2145515625 0.436771875 0.22592500000000001 0.43903125000000004 0.2387203125 0.4311234375 0.26430937499999996 0.4379015625 0.27568281250000004 0.43564218749999994 0.291321875 0.41643749999999996 0.2543578125 0.3938453125 0.25720156250000004 0.3735109375 0.23729843750000001 0.35543749999999996 0.24298437499999997 0.35091875 0.240140625 0.344140625 0.20459999999999998 0.3249359375 0.16479375000000002 0.32041875000000003 0.11361406249999999 0.304603125 0.0652765625 0.30234375 0.034 0.313640625 0.0055671875 0.3362328125 0 0.3374390625 0 0.35204843750000003
17 0.1733234375 0.40175312500000004 0.163371875 0.40965937500000005 0.10553281249999999 0.46875 0.174221875 0.46875 0.1747453125 0.4684015625 0.1946484375 0.43903125000000004 0.20602187500000002 0.432253125 0.20602187500000002 0.42095625 0.1960703125 0.4085296875 0.1733234375 0.40175312500000004
6 0.48297968750000003 0 0.4705375 0.0108390625 0.46875 0.013265625 0.46875 0.10156562499999999 0.47779531249999996 0.1034421875 0.4741671875 0.107959375 0.46875 0.1077609375 0.46875 0.4070828125 0.5159046875 0.42077656250000006 0.544940625 0.4230359375 0.570346875 0.43432812500000006 0.621159375 0.4433625 0.6719734374999999 0.4569140625 0.7373031250000001 0.45917343749999995 0.7391171875 0.467078125 0.7441078125 0.46875 1 0.46875 1 0 0.48297968750000003 0
21 0.6393078125 0.3643109375 0.66834375 0.3575359375 0.6665281249999999 0.347371875 0.6774171875 0.3428546875 0.6774171875 0.3338203125 0.6737875 0.31349218749999996 0.66834375 0.3191390625 0.6628984375 0.31800937500000004 0.6665281249999999 0.28638906249999996 0.6592687500000001 0.275096875 0.6393078125 0.267190625 0.6247890625 0.26945 0.610271875 0.260415625 0.5812359375 0.260415625 0.46875 0.270709375 0.46875 0.38639375 0.49412812500000003 0.3846390625 0.5122765625000001 0.380121875 0.559459375 0.380121875 0.57760625 0.3756046875 0.6247890625 0.3733453125 0.6393078125 0.3643109375
21 0.6665281249999999 0.1350625 0.6665281249999999 0.15087343749999998 0.6774171875 0.1689421875 0.711896875 0.1926578125 0.7336734375 0.2016921875 0.7645234375000001 0.20056250000000003 0.8461874999999999 0.1745890625 0.857075 0.1678125 0.8861109375 0.1655546875 0.9078875 0.14974375 0.94236875 0.13280468750000002 0.9568859375000001 0.107959375 0.9568859375000001 0.089890625 0.9496265625 0.07859843749999999 0.9260359375 0.0616578125 0.9078875 0.0548828125 0.857075 0.0526234375 0.73004375 0.0910203125 0.6883046875 0.107959375 0.6665281249999999 0.1350625
21 0.5558296875 0.2265359375 0.5667187499999999 0.22879531250000001 0.5612734374999999 0.2321828125 0.5667187499999999 0.2355703125 0.58305 0.2344421875 0.6175312500000001 0.2265359375 0.641121875 0.2050796875 0.641121875 0.1757171875 0.6247890625 0.158778125 0.5558296875 0.133934375 0.5231640625 0.13845156249999999 0.4977578125 0.1361921875 0.46875 0.1121234375 0.46875 0.219225 0.5159046875 0.22201875000000001 0.534053125 0.22879531250000001 0.544940625 0.2265359375 0.5485703125 0.23331249999999998 0.554015625 0.2321828125 0.5558296875 0.2265359375
21 0.4977578125 0.22201875000000001 0.48687031249999996 0.22427812500000002 0.46875 0.223471875 0.46875 0.264934375 0.5159046875 0.267190625 0.5485703125 0.2626734375 0.5630890625 0.25815625 0.5757921875 0.2502515625 0.5757921875 0.245734375 0.4977578125 0.22201875000000001
21 0.5503859375 0.42416406249999994 0.559459375 0.4298109375 0.6756015625 0.4569140625 0.706453125 0.45804375 0.7336734375 0.4433625 0.76996875 0.44110468750000004 0.793559375 0.4264234375 0.788115625 0.42077656250000006 0.7663390625 0.416259375 0.7354890625 0.3993203125 0.711896875 0.3643109375 0.6647140625 0.3665703125 0.6393078125 0.3733453125 0.6066421875 0.3756046875 0.5812359375 0.3823796875 0.5612734374999999 0.39480312500000003 0.5503859375 0.4151296875 0.5503859375 0.42416406249999994
21 0.75545 0.31688125 0.7391171875 0.32704374999999997 0.7209703125 0.3518890625 0.7209703125 0.376734375 0.731859375 0.39254375 0.76996875 0.416259375 0.795375 0.42077656250000006 0.8225953125000001 0.41964687500000003 0.878853125 0.39593124999999996 0.9097031250000001 0.3880265625 0.9133328125 0.3722171875 0.94236875 0.3451140625 0.9387390625 0.329303125 0.9187765625000001 0.31688125 0.878853125 0.3372078125 0.8679640624999999 0.3394671875 0.8588906250000001 0.336078125 0.8697781250000001 0.3225265625 0.8879265625 0.311234375 0.864334375 0.3055875 0.78085625 0.30784687499999996 0.75545 0.31688125
21 1 0.417115625 0.97321875 0.4004484375 0.9369234375 0.38915625 0.904259375 0.38915625 0.889740625 0.3936734375 0.7844859375000001 0.4365875 0.7391171875 0.4625609375 0.7391171875 0.46875 1 0.46875 1 0.417115625
21 1 0.0434 0.9859218750000001 0.053753125 0.9496265625 0.1237703125 0.9496265625 0.15087343749999998 0.9568859375000001 0.162165625 0.9877359374999999 0.18136406249999998 1 0.1842265625 1 0.0434
18 0.481734375 0 0.4705375 0.0108390625 0.46875 0.0133421875 0.46875 0.1010296875 0.47779531249999996 0.1034421875 0.48142500000000005 0.1215109375 0.4977578125 0.133934375 0.5267937500000001 0.1361921875 0.5522 0.1294171875 0.6139015624999999 0.1542609375 0.6266046875 0.155390625 0.6737875 0.1147359375 0.731859375 0.08537343750000001 0.7391171875 0.07408125 0.7790421875 0.040201562499999996 0.80081875 0.0040640625 0.80081875 0 0.481734375 0
21 0.5812359375 0.3823796875 0.5612734374999999 0.39480312500000003 0.554015625 0.4038375 0.5503859375 0.42190625 0.5630890625 0.43207031249999994 0.5848656250000001 0.43432812500000006 0.6030125 0.44110468750000004 0.69919375 0.46030156250000004 0.7082671875 0.45917343749999995 0.7336734375 0.44562187499999995 0.7518203125 0.44562187499999995 0.76996875 0.44110468750000004 0.8044484375 0.42416406249999994 0.7990046875 0.42077656250000006 0.7663390625 0.416259375 0.7391171875 0.401578125 0.7209703125 0.38125156250000003 0.7155265625 0.3643109375 0.6756015625 0.3665703125 0.6574546875 0.3643109375 0.635678125 0.3733453125 0.5812359375 0.3823796875
16 1 0.186309375 0.9841078124999999 0.18136406249999998 0.9641453125 0.1712 0.94236875 0.14635625000000002 0.9369234375 0.1452265625 0.9151468749999999 0.1565203125 0.904259375 0.1565203125 0.8988140625 0.1599078125 0.8988140625 0.1689421875 0.889740625 0.1723296875 0.878853125 0.1745890625 0.8715937500000001 0.170071875 0.8607046875 0.170071875 0.7663390625 0.20395 0.7264140625 0.20620937499999997 0.646565625 0.23331249999999998 0.62841875 0.2355703125 0.5667187499999999 0.25815625 0.57760625 0.2626734375 0.610271875 0.260415625 0.621159375 0.267190625 0.646565625 0.267190625 0.6520109374999999 0.2705796875 0.655640625 0.275096875 0.6520109374999999 0.27735468750000003 0.655640625 0.2796140625 0.655640625 0.35640625 0.66834375 0.362053125 0.6883046875 0.3609234375 0.711896875 0.3552765625 0.7209703125 0.34963125 0.7354890625 0.32704374999999997 0.762709375 0.31236406250000004 0.7917453125 0.3055875 0.8352984375 0.3055875 0.864334375 0.3010703125 0.8861109375 0.2920359375 0.93329375 0.28074374999999996 1 0.25306875 1 0.186309375
21 0.8043265625 0 0.80081875 0.013098437499999999 0.7754125000000001 0.04471875 0.7754125000000001 0.053753125 0.7844859375000001 0.0639171875 0.8026328125 0.066175 0.8498171875 0.0526234375 0.897 0.0526234375 0.9296656249999999 0.0616578125 0.9478125000000001 0.075209375 0.9568859375000001 0.07408125 0.9677749999999999 0.0605296875 0.9750328125 0.035684375000000004 0.9677749999999999 0.013098437499999999 0.955071875 0.002934375 0.9483703125 0 0.8043265625 0
15 1 0.258328125 0.998625 0.25815625 0.9768484374999999 0.267190625 0.878853125 0.3191390625 0.8588906250000001 0.336078125 0.8607046875 0.3394671875 0.8697781250000001 0.3383375 0.88248125 0.33494999999999997 0.9441828125 0.3010703125 0.980478125 0.2762265625 1 0.267815625 1 0.258328125
21 0.686490625 0.21524375 0.6973796875 0.21524375 0.731859375 0.202821875 0.6883046875 0.180234375 0.6665281249999999 0.15313125 0.6665281249999999 0.13732187499999998 0.6574546875 0.1361921875 0.6374921875 0.15087343749999998 0.6374921875 0.1666828125 0.6520109374999999 0.19604531249999999 0.6774171875 0.21185625 0.6737875 0.21863125 0.6846765625 0.21863125 0.686490625 0.21524375
6 0.31304375 1 0.31798125 0.9887046875 0.32475312500000003 0.9826812500000001 0.32475312500000003 0.916415625 0.311209375 0.9103921875 0.30669375 0.8290656249999999 0.299921875 0.8170187500000001 0.305565625 0.8125 0.3078234375 0.8185234375 0.32136718750000004 0.8215359375 0.3270109375 0.81400625 0.33039687500000003 0.77033125 0.33942656250000003 0.7763546875 0.3619984375 0.7763546875 0.384571875 0.7643078125 0.43423437500000006 0.76731875 0.442134375 0.7778609375000001 0.4353625 0.7959343750000001 0.4353625 0.81099375 0.45003593750000004 0.8094875 0.453421875 0.8049703125000001 0.45567812500000004 0.7447296875 0.46245 0.7356921875 0.46245 0.7236453125 0.46809375 0.7221390624999999 0.46875 0.72418125 0.46875 0.5443390625 0.41617499999999996 0.541415625 0.4003734375 0.5504515624999999 0.395859375 0.5594875 0.384571875 0.5625 0.37554375 0.5534640625 0.36651406249999996 0.5534640625 0.35748437499999997 0.5353921875000001 0.3461984375 0.5353921875000001 0.33039687500000003 0.541415625 0.323625 0.5504515624999999 0.29653593749999996 0.5594875 0.2762203125 0.5775609375 0.26041875000000003 0.6197296875 0.238975 0.60015 0.2276875 0.56400625 0.21301562500000001 0.544428125 0.19269843749999999 0.5564765625 0.1814125 0.5745484375000001 0.1588390625 0.5775609375 0.15658125 0.5926203125 0.1452953125 0.5926203125 0.14416562500000002 0.582078125 0.1385234375 0.5775609375 0.09337656250000001 0.5775609375 0.077575 0.5564765625 0.055001562500000004 0.5564765625 0.018884375000000002 0.5775609375 0 0.5553265625 0 0.83689375 0.0414578125 0.8305718750000001 0.0685453125 0.8185234375 0.1069203125 0.8215359375 0.1204640625 0.8094875 0.14303749999999998 0.8064765625 0.149809375 0.794428125 0.1588390625 0.794428125 0.16448281250000002 0.7868968749999999 0.161096875 0.746234375 0.12836406250000001 0.7447296875 0.12836406250000001 0.708584375 0.1407796875 0.707078125 0.149809375 0.72515 0.17915468750000002 0.72515 0.1847984375 0.7356921875 0.1847984375 0.7658125 0.1994703125 0.77334375 0.2039859375 0.7823796875 0.2085 0.77334375 0.2276875 0.7628015625 0.2186578125 0.7778609375000001 0.2186578125 0.81099375 0.23333125 0.8185234375 0.23671718749999998 0.8260546874999999 0.23671718749999998 0.8802703125000001 0.2559046875 0.914909375 0.2750921875 0.9194281249999999 0.272834375 0.958584375 0.2570328125 0.9676203125 0.2570328125 0.9887046875 0.268884375 1 0.31304375 1
13 0 0.7235640625 0.0166265625 0.7191265625 0.0222703125 0.6935234375 0.005340625 0.6950296875 0 0.7039375 0 0.7235640625
13 0 0.8380265625 0.0662875 0.8215359375 0.10127656249999999 0.7838859375 0.09450468749999999 0.7417171875 0.07305937500000001 0.7100906250000001 0.06515937499999999 0.7146078124999999 0.0696734375 0.72966875 0.0662875 0.7341875 0.045971875 0.7432234375 0.0346859375 0.7341875 0.0233984375 0.7341875 0 0.7482671875 0 0.8380265625
6 1 0.46875 0.46875 0.46875 0.46875 0.9390203125 0.48558124999999996 0.9263953125000001 0.48558124999999996 0.924140625 0.494603125 0.9173734375 0.494603125 0.9151187500000001 0.4976109375 0.9128624999999999 0.4976109375 0.9060953125 0.50061875 0.903840625 0.50061875 0.8993296875000001 0.502121875 0.8982015625 0.5051296875 0.8982015625 0.5111453125 0.893690625 0.5171593750000001 0.893690625 0.5201671875 0.891434375 0.5261812499999999 0.891434375 0.5291890625 0.8891796875000001 0.535203125 0.8891796875000001 0.5382109374999999 0.891434375 0.5442265625 0.891434375 0.5457296875 0.8903062500000001 0.5457296875 0.8767734375 0.550240625 0.8733906250000001 0.5532484375 0.8733906250000001 0.5547515625 0.8722625 0.5547515625 0.87000625 0.5517453125 0.8677515625 0.5517453125 0.8654953125 0.5592625 0.85985625 0.5622703125 0.85985625 0.5637749999999999 0.8587296875 0.5637749999999999 0.85421875 0.5697890625 0.84970625 0.5697890625 0.8474515625000001 0.5788109375 0.840684375 0.5788109375 0.8384296875 0.5818187499999999 0.8361734375 0.5818187499999999 0.8316625 0.583321875 0.830534375 0.5893375 0.830534375 0.5923453125 0.8282796875 0.598359375 0.8282796875 0.6013671875 0.8260234375 0.60738125 0.8260234375 0.6118921875 0.822640625 0.6118921875 0.820384375 0.605878125 0.8158734375 0.605878125 0.8113625000000001 0.6103890625 0.8079796874999999 0.6164046875 0.8079796874999999 0.6179078125 0.8068515625 0.6179078125 0.8045953125 0.62241875 0.8012124999999999 0.6254265625000001 0.8012124999999999 0.6284328125 0.79895625 0.6404625 0.79895625 0.6434703125000001 0.8012124999999999 0.6585078125 0.8012124999999999 0.661515625 0.8034687500000001 0.6675296875 0.8034687500000001 0.6705375 0.8012124999999999 0.6735453125 0.8012124999999999 0.67805625 0.7978296874999999 0.67805625 0.7910625 0.6690328125 0.7842953125000001 0.6690328125 0.779784375 0.6750484375 0.7752734375 0.6750484375 0.7730187500000001 0.67805625 0.7707625 0.67805625 0.7662515625 0.6810625 0.7639953125 0.6810625 0.759484375 0.6825671875 0.7583562500000001 0.687078125 0.7617406250000001 0.687078125 0.76850625 0.6915890625000001 0.7718906249999999 0.6976046874999999 0.7718906249999999 0.7006109375 0.7741453125 0.70361875 0.7741453125 0.709634375 0.7786562499999999 0.7141453125 0.7752734375 0.7111375 0.7730187500000001 0.7111375 0.7617406250000001 0.7081296874999999 0.759484375 0.7171515625 0.75271875 0.7171515625 0.7504625 0.726175 0.7436953125 0.726175 0.741440625 0.705121875 0.7256515625 0.705121875 0.7233953125 0.6961 0.7166296875 0.6961 0.7121187499999999 0.6930921875 0.7098625000000001 0.6930921875 0.70760625 0.6976046874999999 0.7042234374999999 0.7006109375 0.7042234374999999 0.702115625 0.7053515625 0.702115625 0.70760625 0.70361875 0.7087343749999999 0.709634375 0.7087343749999999 0.7141453125 0.7053515625 0.7141453125 0.7030953125 0.71865625 0.6997125 0.7216625 0.6997125 0.7246703125 0.70196875 0.7306859375 0.70196875 0.735196875 0.7053515625 0.735196875 0.70760625 0.7382046875 0.7098625000000001 0.7382046875 0.7143734375 0.7397078125000001 0.7155015625 0.745721875 0.7155015625 0.7547453125 0.7087343749999999 0.7577515625 0.7087343749999999 0.7622625000000001 0.7121187499999999 0.7622625000000001 0.7143734375 0.766775 0.71775625 0.7757968749999999 0.71775625 0.7788046875 0.7155015625 0.7818109375 0.7155015625 0.783315625 0.7143734375 0.783315625 0.70760625 0.78481875 0.7064796875 0.786321875 0.70760625 0.786321875 0.7098625000000001 0.7893296875 0.7121187499999999 0.7893296875 0.7143734375 0.7923375 0.7166296875 0.7923375 0.718884375 0.7968484375 0.72226875 0.79985625 0.72226875 0.8028640625 0.7245234375 0.8148921874999999 0.7245234375 0.8179000000000001 0.72226875 0.8209078125 0.72226875 0.8224109374999999 0.721140625 0.8224109374999999 0.7166296875 0.8179000000000001 0.7132453125 0.816396875 0.7143734375 0.816396875 0.7166296875 0.8148921874999999 0.71775625 0.8133890625 0.7166296875 0.8133890625 0.7121187499999999 0.816396875 0.7098625000000001 0.8133890625 0.70760625 0.8133890625 0.7053515625 0.808878125 0.70196875 0.78481875 0.70196875 0.783315625 0.700840625 0.783315625 0.6963296875 0.786321875 0.6940734375 0.786321875 0.69181875 0.7893296875 0.6895625 0.7893296875 0.68730625 0.790834375 0.6861796874999999 0.793840625 0.6861796874999999 0.7968484375 0.6839234375000001 0.8058703125 0.6839234375000001 0.808878125 0.6861796874999999 0.8118859374999999 0.6861796874999999 0.8148921874999999 0.688434375 0.8299296875 0.688434375 0.8359453125 0.6839234375000001 0.8539890625 0.6839234375000001 0.8569968749999999 0.6816671875 0.86601875 0.6816671875 0.8765453125 0.6737734375 0.8765453125 0.6715171875 0.88105625 0.668134375 0.905115625 0.668134375 0.908121875 0.6658796875 0.923159375 0.6658796875 0.9261671874999999 0.6636234375 0.9291750000000001 0.6636234375 0.930678125 0.6624953125 0.930678125 0.6602406249999999 0.93218125 0.6591125 0.9351890624999999 0.6591125 0.938196875 0.6568562499999999 0.9412046875 0.6568562499999999 0.9442109375 0.6546015625 0.94721875 0.6546015625 0.9502265624999999 0.6523453124999999 0.9532343750000001 0.6523453124999999 0.9562406250000001 0.650090625 0.96225625 0.650090625 0.9652640625 0.647834375 0.97729375 0.647834375 0.9787968749999999 0.64670625 0.9787968749999999 0.6421953125 0.9818046875 0.639940625 0.9818046875 0.6331734375 0.9833078125 0.6320453125000001 0.9893234375000001 0.6320453125000001 0.9923296875000001 0.6297906249999999 0.9983453125 0.6297906249999999 1 0.6285484375 1 0.46875
17 0.580315625 0.7183578125000001 0.5773078125 0.7206140624999999 0.5743 0.7206140624999999 0.5697890625 0.723996875 0.5697890625 0.7307640625 0.5743 0.734146875 0.5773078125 0.734146875 0.5788109375 0.73301875 0.580315625 0.7318921875 0.5863296874999999 0.7318921875 0.5893375 0.7296359375 0.5923453125 0.7296359375 0.5953515625 0.7273796875 0.6013671875 0.7273796875 0.605878125 0.723996875 0.605878125 0.714975 0.604375 0.713846875 0.6013671875 0.713846875 0.598359375 0.716103125 0.5953515625 0.716103125 0.5923453125 0.7183578125000001 0.580315625 0.7183578125000001
17 0.75925625 0.53001875 0.7622625000000001 0.532275 0.7622625000000001 0.5593421875 0.7652703125 0.561596875 0.7652703125 0.572875 0.7727890625 0.5785140625 0.7878265625 0.5785140625 0.7893296875 0.5773859375 0.7923375 0.5751296875 0.7923375 0.572875 0.7953453125000001 0.5706187500000001 0.7953453125000001 0.5458078125 0.7923375 0.5435531250000001 0.7923375 0.53001875 0.7893296875 0.5277640625 0.7893296875 0.520996875 0.786321875 0.5187421875 0.786321875 0.5164859374999999 0.78481875 0.5153578125 0.760759375 0.5153578125 0.75925625 0.5164859374999999 0.75925625 0.53001875
18 0.5036265625 0.6788859375 0.5051296875 0.6800140625 0.5066328125 0.6788859375 0.5051296875 0.6777578125 0.5036265625 0.6788859375
17 0.49911562500000006 0.684525 0.502121875 0.6867796875 0.5141515625 0.6867796875 0.5156562499999999 0.685653125 0.5171593750000001 0.684525 0.5201671875 0.684525 0.524678125 0.6811421875 0.524678125 0.6788859375 0.5276859375 0.6766296875 0.5276859375 0.6743750000000001 0.5261812499999999 0.673246875 0.5201671875 0.673246875 0.5171593750000001 0.675503125 0.4931 0.675503125 0.49159687500000004 0.6766296875 0.49159687500000004 0.6811421875 0.4961078125 0.684525 0.49911562500000006 0.684525
18 0.81038125 0.5458078125 0.8073750000000001 0.5435531250000001 0.8073750000000001 0.5367859375 0.79985625 0.531146875 0.793840625 0.531146875 0.7923375 0.532275 0.7923375 0.541296875 0.7953453125000001 0.5435531250000001 0.7953453125000001 0.5458078125 0.7968484375 0.5469359375 0.8028640625 0.5469359375 0.8058703125 0.5491921875 0.8073750000000001 0.5480640625000001 0.81038125 0.5458078125
18 0.793840625 0.5085921875 0.7968484375 0.5085921875 0.8058703125 0.5153578125 0.826921875 0.5153578125 0.8284265625 0.5142296875000001 0.8284265625 0.511975 0.8314343750000001 0.50971875 0.8314343750000001 0.502953125 0.8299296875 0.501825 0.8209078125 0.501825 0.8179000000000001 0.49956875 0.808878125 0.49956875 0.8058703125 0.4973140625 0.793840625 0.4973140625 0.790834375 0.49956875 0.7878265625 0.49956875 0.786321875 0.500696875 0.786321875 0.502953125 0.793840625 0.5085921875