6 0.56573125 0.19559375 0.553334375 0.197765625 0.5378390625 0.208625 0.5269921875 0.1988515625 0.5207937499999999 0.1749609375 0.513046875 0.16953125 0.4727578125 0.1651875 0.4572625 0.158671875 0.43556718749999995 0.16084375 0.43246874999999996 0.1651875 0.4169734375 0.167359375 0.40147656249999997 0.1651875 0.3937296875 0.1684453125 0.396828125 0.17278906249999998 0.38908125 0.17821875 0.3828828125 0.167359375 0.3611890625 0.167359375 0.3487921875 0.163015625 0.3379453125 0.1684453125 0.3363953125 0.180390625 0.3580890625 0.18256250000000002 0.3642875 0.173875 0.3658375 0.1793046875 0.37358437499999997 0.18256250000000002 0.38753125 0.1814765625 0.3828828125 0.189078125 0.31779999999999997 0.18690625 0.3023046875 0.19559375 0.2899078125 0.184734375 0.2775125 0.18256250000000002 0.25271875 0.189078125 0.24187187500000001 0.1966796875 0.238771875 0.2097109375 0.2449703125 0.22274218750000002 0.2697640625 0.24228906249999999 0.2682140625 0.267265625 0.2775125 0.2694375 0.42162187500000003 0.26835156250000003 0.534740625 0.267265625 0.5812265625 0.262921875 0.590525 0.25640625 0.6060203125 0.254234375 0.61066875 0.24446093750000003 0.5951734375 0.2336015625 0.598271875 0.21839843750000001 0.5858765625 0.1988515625 0.598271875 0.1814765625 0.5951734375 0.1662734375 0.590525 0.163015625 0.579678125 0.1662734375 0.5827765625 0.1814765625 0.56573125 0.19559375
6 0.5641812500000001 0.5767578125 0.578128125 0.590875 0.5486859374999999 0.5789296875 0.556434375 0.575671875 0.5471375 0.575671875 0.5362890625000001 0.5854453125 0.5362890625000001 0.5984765624999999 0.531640625 0.5995625 0.50065 0.5735 0.4929015625 0.5745859375 0.4944515625 0.57784375 0.5022 0.5789296875 0.4944515625 0.590875 0.48825312500000007 0.5821875000000001 0.47895625 0.5821875000000001 0.46810937499999994 0.5941328125 0.46036093749999996 0.597390625 0.42627031249999997 0.5821875000000001 0.40457656249999996 0.5800156249999999 0.3611890625 0.60390625 0.356540625 0.5963046875 0.3689359375 0.5680703125 0.34569218749999997 0.549609375 0.3363953125 0.5474375 0.330196875 0.549609375 0.2899078125 0.5452656250000001 0.25271875 0.5474375 0.221728125 0.562640625 0.21552968749999998 0.562640625 0.20623125 0.5539531249999999 0.1938359375 0.549609375 0.18918593749999998 0.5506953125 0.18608750000000002 0.5593828125 0.1783390625 0.5648125 0.16284375 0.558296875 0.128753125 0.558296875 0.085365625 0.58653125 0.0791671875 0.58653125 0.06832031250000001 0.5963046875 0.06832031250000001 0.6028203125 0.07451875 0.6049921875 0.07451875 0.6180234375 0.0807171875 0.6223671875 0.07141875 0.6440859375 0.0798578125 0.65 0.6418 0.65 0.6354625 0.6115078125 0.6292640625 0.6028203125 0.61221875 0.597390625 0.5998218750000001 0.58653125 0.56883125 0.575671875 0.5641812500000001 0.5767578125
13 0.2108796875 0.5963046875 0.20313281249999998 0.597390625 0.18608750000000002 0.5832734375 0.1922859375 0.5767578125 0.1907359375 0.566984375 0.1659421875 0.558296875 0.14115 0.556125 0.1256546875 0.558296875 0.085365625 0.58653125 0.07451875 0.5897890625 0.07141875 0.6180234375 0.09423437500000001 0.65 0.2327453125 0.65 0.24187187500000001 0.6180234375 0.24187187500000001 0.5963046875 0.22017812499999997 0.5811015625 0.21242968750000002 0.56915625 0.20778124999999997 0.5811015625 0.2108796875 0.5963046875
13 0.3658375 0.6006484375000001 0.32245 0.6484296875 0.32160937500000003 0.65 0.49482499999999996 0.65 0.4929015625 0.6419140624999999 0.47430781250000004 0.6201953125 0.46810937499999994 0.6006484375000001 0.41387343750000005 0.57784375 0.39837812499999997 0.5821875000000001 0.3658375 0.6006484375000001
13 0.5393890625 0.5789296875 0.534740625 0.601734375 0.5176953125 0.5832734375 0.5037484375 0.5735 0.49135156249999995 0.571328125 0.46810937499999994 0.5897890625 0.46810937499999994 0.6028203125 0.47430781250000004 0.6180234375 0.49600156249999994 0.6462578125 0.49555625000000003 0.65 0.6424593749999999 0.65 0.6385609375 0.6158515625 0.624615625 0.5995625 0.602921875 0.58653125 0.56573125 0.571328125 0.553334375 0.571328125 0.5393890625 0.5789296875
13 0.2806109375 0.5452656250000001 0.26046718750000003 0.5528671875 0.25116875 0.5854453125 0.24807031249999997 0.6158515625 0.238771875 0.6375703125000001 0.238771875 0.65 0.31934999999999997 0.65 0.31934999999999997 0.6462578125 0.34104375 0.6267109375000001 0.3689359375 0.5767578125 0.3658375 0.5615546874999999 0.3363953125 0.5474375 0.2806109375 0.5452656250000001
21 0.3689359375 0.2097109375 0.375134375 0.2292578125 0.38753125 0.2314296875 0.409225 0.22057031249999998 0.4154234375 0.2097109375 0.4154234375 0.2010234375 0.3921796875 0.19342187500000002 0.3797828125 0.19559375 0.3689359375 0.2097109375
16 0.34414375 0.2661796875 0.3503421875 0.2466328125 0.31934999999999997 0.22491406249999998 0.3162515625 0.20753906249999998 0.310053125 0.2010234375 0.28370937500000004 0.18256250000000002 0.2465203125 0.19125 0.238771875 0.20319531249999997 0.238771875 0.2118828125 0.25426875 0.2336015625 0.29145781249999997 0.25749218749999997 0.29920625 0.267265625 0.3348453125 0.26835156250000003 0.34414375 0.2661796875
13 0.4991 0.2466328125 0.4991 0.2379453125 0.4851546875 0.22165625000000003 0.45416249999999997 0.210796875 0.44176562500000005 0.210796875 0.39837812499999997 0.22599999999999998 0.3627375 0.2618359375 0.3642875 0.267265625 0.4805046875 0.2661796875 0.5022 0.2640078125 0.5052984375 0.2531484375 0.4991 0.2466328125
13 0.533190625 0.2162265625 0.533190625 0.22057031249999998 0.553334375 0.23034374999999999 0.5595328125 0.236859375 0.5858765625 0.23577343750000002 0.598271875 0.2270859375 0.598271875 0.2162265625 0.5858765625 0.1988515625 0.5858765625 0.1945078125 0.598271875 0.18364843749999998 0.5951734375 0.1619296875 0.590525 0.158671875 0.579678125 0.1619296875 0.5827765625 0.1814765625 0.5734796875 0.1879921875 0.5734796875 0.1923359375 0.56883125 0.19559375 0.556434375 0.19559375 0.533190625 0.2162265625
13 0.5037484375 0.206453125 0.513046875 0.21296875 0.5238937499999999 0.2140546875 0.5300921875 0.20319531249999997 0.5207937499999999 0.17278906249999998 0.5161453125000001 0.16953125 0.48205468749999997 0.1651875 0.4572625 0.1565 0.43556718749999995 0.158671875 0.4154234375 0.1662734375 0.41232499999999994 0.18364843749999998 0.43246874999999996 0.210796875 0.46965781250000005 0.208625 0.48825312500000007 0.210796875 0.4944515625 0.215140625 0.49600156249999994 0.20753906249999998 0.5037484375 0.206453125
13 0.5068484375 0.215140625 0.49600156249999994 0.22274218750000002 0.49600156249999994 0.2336015625 0.5052984375 0.2509765625 0.5161453125000001 0.258578125 0.531640625 0.254234375 0.5517859374999999 0.25749218749999997 0.5641812500000001 0.2466328125 0.557984375 0.2336015625 0.5285421875 0.219484375 0.5068484375 0.215140625
13 0.3348453125 0.20753906249999998 0.3270984375 0.208625 0.3162515625 0.2162265625 0.3162515625 0.22491406249999998 0.34414375 0.24446093750000003 0.34414375 0.2509765625 0.3503421875 0.2553203125 0.353440625 0.2466328125 0.3611890625 0.245546875 0.3720359375 0.2379453125 0.3658375 0.2292578125 0.3472421875 0.21839843750000001 0.3503421875 0.20753906249999998 0.378234375 0.1945078125 0.3673875 0.189078125 0.351890625 0.18690625 0.3147015625 0.18690625 0.306953125 0.1923359375 0.306953125 0.1966796875 0.31779999999999997 0.20428125000000003 0.3348453125 0.20753906249999998
13 0.418521875 0.16410156250000002 0.39837812499999997 0.163015625 0.3673875 0.167359375 0.3627375 0.1706171875 0.3627375 0.1814765625 0.3673875 0.18690625 0.3813328125 0.1879921875 0.38908125 0.18690625 0.39837812499999997 0.17821875 0.40767499999999995 0.176046875 0.418521875 0.16410156250000002
6 1 0.10823750000000001 0.96659375 0.091540625 0.8251828124999999 0.0764484375 0.8012515625000001 0.061353124999999994 0.781671875 0.091540625 0.72293125 0.12172968749999999 0.7055281250000001 0.14814531250000001 0.677246875 0.1670125 0.6674562500000001 0.19154374999999998 0.67289375 0.20852187500000002 0.685946875 0.216071875 0.8469390625000001 0.25758125 0.8806593749999999 0.2556953125 0.9383109375 0.2273921875 1 0.1581546875 1 0.10823750000000001
6 0.5483890625 1 0.56205625 0.9782375 0.5707703125 0.91871875 0.5468015625 0.8922625 0.55225 0.8608515625000001 0.5173890625 0.8740796874999999 0.45201874999999997 0.8013328124999999 0.441125 0.8211703124999999 0.38229375 0.8244781250000001 0.321284375 0.781490625 0.3060328125 0.738509375 0.45201874999999997 0.781490625 0.5631453125 0.77488125 0.602365625 0.8013328124999999 0.6154375 0.8013328124999999 0.6437640625000001 0.748425 0.6546609375 0.7914125000000001 0.659375 0.7914125000000001 0.659375 0.65 0.284890625 0.65 0.2744375 0.7004828125 0.21233906249999998 0.771575 0.20035468750000002 0.7666140625 0.1731171875 0.6955218750000001 0.1600453125 0.6955218750000001 0.14479375 0.758346875 0.046740625 0.7980265625 0.004253125 0.855890625 0 0.8700875 0 0.90234375 0.004253125 0.9087984375 0 0.9108437500000001 0 1 0.5483890625 1
21 0.391009375 0.652534375 0.498865625 0.69386875 0.5097609375000001 0.6674171875 0.5048421875 0.65 0.3911828125 0.65 0.391009375 0.652534375
3 0.23691718750000001 1 0.241753125 0.9583953125000001 0.2297703125 0.9302890625 0.1992640625 0.9203734375 0.13934531249999998 0.965009375 0.1376984375 1 0.23691718750000001 1
3 0.1354421875 1 0.1589546875 0.9286359375 0.1829234375 0.9253296875 0.1600453125 0.867465625 0.0511 0.9468249999999999 0.043471875 0.968315625 0.098153125 1 0.1354421875 1
15 0.19381718750000002 0.9253296875 0.2232328125 0.9104515624999999 0.224321875 0.8955703125 0.1829234375 0.9154125000000001 0.19381718750000002 0.9253296875
16 0.1524171875 0.7831453125000001 0.1469703125 0.7649609374999999 0.0532765625 0.79471875 0.039114062500000005 0.8195171875 0.0445625 0.8542375 0.11755625 0.8525828125 0.1328078125 0.7996796875000001 0.1524171875 0.7831453125000001
13 0.5411671874999999 0.65 0.5133625 0.65 0.5032234375 0.6905609375 0.4890625 0.6988296875 0.391009375 0.6591484375000001 0.38971875 0.65 0.31213125 0.65 0.34089375 0.741815625 0.4171578125 0.77488125 0.4966859375 0.7798421875 0.55225 0.771575 0.6143484375 0.7004828125 0.5411671874999999 0.65
13 0.3412875 1 0.372490625 0.9253296875 0.332178125 0.9369031250000001 0.314746875 0.983196875 0.29186875 0.9352499999999999 0.287509375 0.88895625 0.39318906249999996 0.8178640625 0.3125671875 0.7847984375 0.2156078125 0.8625046875000001 0.24393281249999998 0.9617015625 0.24393281249999998 1 0.24432187500000002 1 0.2602765625 0.9435171875 0.28097500000000003 0.991465625 0.27597499999999997 1 0.3412875 1
16 0.3158359375 0.882346875 0.332178125 0.9104515624999999 0.418246875 0.9121046875 0.435678125 0.905490625 0.4193359375 0.8310921875 0.369221875 0.8410125 0.3158359375 0.882346875