6 0 0 0 0.22286718749999998 0.0203875 0.22649375 0.0683765625 0.23929999999999998 0.130078125 0.241434375 0.1317921875 0.2489046875 0.154071875 0.2563734375 0.19520625 0.2606421875 0.277475 0.2777171875 0.2980421875 0.2777171875 0.31518125 0.2819859375 0.3528875 0.2819859375 0.3631703125 0.2862546875 0.373453125 0.2819859375 0.380309375 0.2862546875 0.3837375 0.28412031249999997 0.3820234375 0.287321875 0.3905921875 0.2926578125 0.45229375000000005 0.2990609375 0.4660046875 0.3033296875 0.509375 0.30419999999999997 0.509375 0 0 0
21 0.36145625 0.0931 0.32375 0.1357859375 0.3134671875 0.14218906250000002 0.296328125 0.16566562499999998 0.2980421875 0.1731359375 0.3254640625 0.1752703125 0.3563140625 0.1859421875 0.3785953125 0.1998140625 0.3940203125 0.220090625 0.41287343749999994 0.21902343750000003 0.4300125 0.195546875 0.45229375000000005 0.1816734375 0.47800312500000003 0.174203125 0.509375 0.1351359375 0.509375 0.040065625 0.5071390625000001 0.038675 0.4660046875 0.028003125 0.4351546875 0.028003125 0.395734375 0.044009375 0.3820234375 0.056815625 0.36145625 0.0931
21 0 0.222534375 0.07180468749999999 0.23929999999999998 0.100940625 0.24036718750000002 0.12664999999999998 0.22649375 0.160928125 0.224359375 0.183209375 0.21048593750000003 0.1780671875 0.20515 0.1575 0.20088124999999998 0.12836406250000001 0.18487499999999998 0.1060828125 0.1517921875 0.06152031249999999 0.1539265625 0.0375265625 0.1603296875 0.006675 0.1624640625 0 0.16424531250000002 0 0.222534375
21 0.14721718749999999 0.10697187500000001 0.1317921875 0.1165765625 0.114653125 0.1400546875 0.114653125 0.16353125 0.12493593750000001 0.178471875 0.160928125 0.20088124999999998 0.1849234375 0.20515 0.21063125 0.2040828125 0.2637625 0.1816734375 0.2929 0.174203125 0.296328125 0.1592625 0.32375 0.13365156250000002 0.320321875 0.11871093749999999 0.30146875 0.10697187500000001 0.2637625 0.12618125 0.2534796875 0.128315625 0.24490937499999998 0.12511406249999998 0.25519375 0.11230781249999999 0.2723328125 0.1016359375 0.2500515625 0.0963 0.1712109375 0.09843437499999999 0.14721718749999999 0.10697187500000001
21 0.21920156249999997 0.2649109375 0.277475 0.2777171875 0.2946140625 0.2777171875 0.31175312499999996 0.2819859375 0.34774531249999996 0.28091875 0.3665984375 0.2777171875 0.3854515625 0.26811250000000003 0.395734375 0.253171875 0.395734375 0.2275609375 0.3785953125 0.20194843750000002 0.3528875 0.1859421875 0.3186078125 0.1752703125 0.2877578125 0.1752703125 0.27404687499999997 0.1795390625 0.1746390625 0.220090625 0.1317921875 0.2446359375 0.1317921875 0.25103906249999997 0.1403609375 0.2542390625 0.21920156249999997 0.2649109375
21 0.4043046875 0.2947921875 0.41801562499999995 0.2969265625 0.424871875 0.2947921875 0.4351546875 0.2990609375 0.45229375000000005 0.2990609375 0.47628906249999997 0.3054625 0.509375 0.3046390625 0.509375 0.1768484375 0.486571875 0.1752703125 0.4454375 0.1859421875 0.42658593749999996 0.20194843750000002 0.395734375 0.25103906249999997 0.3888796875 0.28945625 0.4043046875 0.2947921875
21 0 0.22314531249999997 0.0032484375000000005 0.224359375 0.09408593750000001 0.2425015625 0.1026546875 0.241434375 0.12664999999999998 0.22862812500000002 0.1437890625 0.22862812500000002 0.160928125 0.224359375 0.1934921875 0.2083515625 0.1883515625 0.20515 0.1575 0.20088124999999998 0.1317921875 0.187009375 0.114653125 0.1678 0.1095109375 0.1517921875 0.07180468749999999 0.1539265625 0.054665624999999995 0.1517921875 0.0340984375 0.1603296875 0 0.1659921875 0 0.22314531249999997
16 0.158215625 0 0.1575 0.00025625 0.11979375 0.002390625 0.04438125 0.028003125 0.027242187499999997 0.0301375 0 0.040115625 0 0.0543140625 0.010103125000000001 0.053614062500000004 0.0203875 0.0600171875 0.04438125 0.0600171875 0.0495234375 0.06321875 0.05295156250000001 0.0674875 0.0495234375 0.069621875 0.05295156250000001 0.07175625 0.05295156250000001 0.1443234375 0.0649484375 0.14965781250000001 0.08380156250000001 0.148590625 0.1060828125 0.14325625 0.114653125 0.1379203125 0.12836406250000001 0.1165765625 0.154071875 0.102703125 0.1814953125 0.0963 0.2226296875 0.0963 0.2500515625 0.0920328125 0.27061875 0.0834953125 0.31518125 0.0728234375 0.3974484375 0.038675 0.42658593749999996 0.016264062500000002 0.4300125 0.0055921875 0.4287296875 0 0.158215625 0
15 0.35974218750000003 0.0685546875 0.3820234375 0.05895 0.3854515625 0.05254687500000001 0.37688125 0.0514796875 0.3563140625 0.0600171875 0.2637625 0.10910625 0.24490937499999998 0.12511406249999998 0.2466234375 0.128315625 0.25519375 0.12724843749999998 0.267190625 0.124046875 0.3254640625 0.0920328125 0.35974218750000003 0.0685546875
6 0.557678125 0 0.526628125 0.0319859375 0.54161875 0.07295625 0.59088125 0.11939531249999999 0.59088125 0.143978125 0.5726765625 0.1671953125 0.5212734375 0.186315625 0.509375 0.1841484375 0.509375 0.327709375 0.5276984375 0.33655 0.621934375 0.361134375 0.7065375 0.36523125 0.8168374999999999 0.3529421875 0.936778125 0.3201625 1 0.2940765625 1 0 0.557678125 0
3 0.5580828125 0 0.5341218750000001 0.0196921875 0.5287703125000001 0.045640625000000004 0.5962359375 0.12076093750000001 0.7515140625 0.22865625 0.78899375 0.213634375 0.908934375 0.08251875 0.9207124999999999 0.0620328125 0.91000625 0.0046703125 0.9215765625 0 0.5580828125 0
13 0.92653125 0 0.9121484375 0.0074015625 0.9142890625 0.0347171875 0.933565625 0.0647640625 0.9357078124999999 0.146709375 0.952840625 0.23412031249999998 0.969975 0.2942140625 0.98496875 0.299678125 1 0.292940625 1 0 0.92653125 0
6 0 0.6413640625 0.010434375 0.6449453125 0.18046562500000002 0.6646 0.3673109375 0.6488765625 0.5037078125 0.6279125 0.509375 0.625859375 0.509375 0.459375 0 0.459375 0 0.6413640625
17 0.3487140625 0.49552500000000005 0.3487140625 0.501928125 0.3532796875 0.5051296875 0.371540625 0.5051296875 0.383715625 0.5008625 0.4034984375 0.519003125 0.4034984375 0.523271875 0.41262968750000006 0.523271875 0.42480312500000006 0.5104656249999999 0.42480312500000006 0.501928125 0.43545468749999994 0.490190625 0.44154218749999996 0.490190625 0.4476296875 0.49659375 0.484153125 0.49872812499999997 0.500890625 0.4869890625 0.509375 0.46715937500000004 0.509375 0.46110625 0.5091281249999999 0.459375 0.3751546875 0.459375 0.37610625 0.46137656250000003 0.366975 0.46777968750000004 0.36088906249999997 0.4763171875 0.36393125 0.4784515625 0.3517578125 0.48485468750000005 0.3487140625 0.49552500000000005
6 1 0.494296875 0.9440484375 0.48527343749999996 0.90044375 0.459375 0.781215625 0.459375 0.7501046875 0.4735890625 0.7405140625 0.507184375 0.7479734375 0.53785625 0.8076484374999999 0.5495421875 0.8183046875000001 0.605046875 0.7735484375 0.5758328125000001 0.7564984375 0.5787546875 0.7266609374999999 0.6225734375 0.6552640625 0.6006640625 0.651003125 0.6941453125 0.636084375 0.7058296875 0.633953125 0.7554921875 0.61796875 0.7744796875 0.5860000000000001 0.7598734375 0.5465718749999999 0.8431296875 0.576409375 0.9512171875 0.55403125 0.9585203124999999 0.53975625 1 1 1 1 0.494296875
13 1 0.488490625 0.999459375 0.4881953125 0.9504421875 0.4881953125 0.9003015624999999 0.459375 0.779946875 0.459375 0.7596953125 0.47212812499999995 0.7533015625 0.5042625000000001 0.7447765625 0.5101046874999999 0.7533015625 0.5247109375 0.7778109375 0.52909375 0.7799421875 0.5174078125 0.7927296875 0.5174078125 0.8087140625 0.545159375 0.8215015625 0.5919 0.8438796875 0.613809375 0.8737171874999999 0.663471875 0.8875703125 0.6620109375000001 0.9056859375 0.605046875 0.9461796874999999 0.6196531249999999 0.9568359375 0.613809375 0.9749515625 0.6444828125 0.9728203125 0.670775 0.9951968750000001 0.69560625 1 0.6948734375 1 0.488490625
16 0.8983046874999999 1 0.9035546875 0.9848109375 0.9195390625 0.9775078125000001 0.9174078124999999 0.9395312499999999 0.8886359374999999 0.9030156249999999 0.8715859375000001 0.888409375 0.8524046875 0.8825671875 0.8300265625 0.8577359375 0.8310921875 0.8475109375000001 0.8268296875000001 0.8504328125 0.8225671875 0.84166875 0.8140421874999999 0.84166875 0.7948609375 0.859196875 0.7874015625 0.85189375 0.7842046875 0.8299843750000001 0.7810078125000001 0.834365625 0.7810078125000001 0.8957124999999999 0.7660890625000001 0.924925 0.7703515624999999 0.9453734375 0.7842046875 0.961440625 0.8332234375 0.990653125 0.8395875 1 0.8983046874999999 1
16 1 0.8177640625 0.9930671875 0.8212203125 0.9365890625000001 0.9015546875 0.9259328124999999 0.9336890625 0.9238015624999999 0.9775078125000001 0.9301953125000001 0.99795625 0.9320359375 1 1 1 1 0.8177640625
16 0.7641171875 1 0.7533015625 0.9745859375 0.7394484375 0.9585203124999999 0.7202671875 0.9672828125 0.6989546875 0.9643625 0.6946921875000001 0.9585203124999999 0.6861671874999999 0.9585203124999999 0.6851015625 0.9745859375 0.6893640624999999 0.9833500000000001 0.6899437500000001 1 0.7641171875 1
3 1 0.70655 0.9973281249999999 0.7102125 0.9376546875 0.7131328124999999 0.9216703125000001 0.7292 0.9216703125000001 0.74380625 0.9280640625000001 0.7525703125 0.9387203124999999 0.787625 0.9536390625 0.805153125 0.9600328125 0.8168374999999999 0.9621640625 0.8285234375 0.9696234374999999 0.838746875 0.9749515625 0.8372875000000001 1 0.8084453125 1 0.70655
3 0.6755109375 0.932228125 0.6829703125 0.9307671875000001 0.7564984375 0.9234640625000001 0.7724828125000001 0.9073968750000001 0.7767453125 0.892790625 0.7746140625 0.8139171875000001 0.7703515624999999 0.7963890625000001 0.7650234375 0.7890859375 0.7522359375 0.780321875 0.7223984375 0.78324375 0.6797734375 0.780321875 0.6669859375 0.7861640624999999 0.6552640625 0.80223125 0.651003125 0.9015546875 0.6627234375 0.9234640625000001 0.6755109375 0.932228125
3 0.608378125 0.9512171875 0.636084375 0.8957124999999999 0.642478125 0.8577359375 0.619034375 0.7817828125 0.6009187500000001 0.7569515625000001 0.5902624999999999 0.7569515625000001 0.580671875 0.7671765625 0.552965625 0.8226812499999999 0.5465718749999999 0.8402078124999999 0.5465718749999999 0.8635781250000001 0.578540625 0.9482953125 0.58813125 0.961440625 0.597721875 0.9629015624999999 0.608378125 0.9512171875
3 0.6648546875 0.7335812500000001 0.6904296875 0.7481890625000001 0.7149390624999999 0.746728125 0.7458421875 0.7335812500000001 0.7575640625 0.7204359375 0.7490390625 0.6649328125 0.7426453125 0.6444828125 0.7266609374999999 0.6254953125 0.7138734375 0.6225734375 0.6755109375 0.5962828124999999 0.6584609375 0.5962828124999999 0.6552640625 0.6006640625 0.6573953125 0.62695625 0.646740625 0.653246875 0.6531343749999999 0.7116718750000001 0.6573953125 0.7233578125 0.6648546875 0.7335812500000001
3 0.7618265625 0.6912234374999999 0.7916640625 0.7292 0.8097796875000001 0.7598734375 0.8183046875000001 0.765715625 0.8321578125 0.7642546875 0.8396171875 0.7598734375 0.8566671875 0.736503125 0.8758484375 0.7248187500000001 0.8854390625 0.7116718750000001 0.8875703125 0.6941453125 0.8811765625 0.6766171875 0.8492078125000001 0.6327984375 0.8417484375000001 0.6167312500000001 0.8289609375 0.6079671875 0.8204359374999999 0.6079671875 0.7650234375 0.6547078125 0.7575640625 0.6678531249999999 0.7575640625 0.6795390625 0.7618265625 0.6912234374999999