6 0 0 0 0.1378125 0.0029859375 0.14099375 0.12877812500000002 0.14099375 0.1596328125 0.183128125 0.1703125 0.181021875 0.192859375 0.13256718750000002 0.2142203125 0.1494203125 0.2664359375 0.1494203125 0.278303125 0.1199265625 0.334078125 0.0798984375 0.3364515625 0.03355 0.3459453125 0.0166953125 0.3459453125 0 0 0
6 0 0.51875 0.300359375 0.51875 0.2984765625 0.4970328125 0.30085 0.3748421875 0.278303125 0.30531874999999997 0.22371406249999998 0.313746875 0.2142203125 0.3263875 0.100296875 0.26318437499999997 0.08486875 0.3032125 0.0789359375 0.3643078125 0.0646953125 0.3474546875 0.0006125 0.343240625 0 0.3438703125 0 0.51875
14 0 0.51875 0.10294375 0.51875 0.1204703125 0.49281874999999997 0.1204703125 0.4717515625 0.0919890625 0.4548984375 0.080121875 0.40854999999999997 0.080121875 0.370628125 0.0694421875 0.35166718750000003 0.0409609375 0.343240625 0 0.3495640625 0 0.51875
14 0.2071 0.44436406249999993 0.2201546875 0.42119062500000004 0.2201546875 0.3369203125 0.2071 0.317959375 0.166753125 0.30531874999999997 0.1145375 0.26318437499999997 0.100296875 0.26318437499999997 0.0824953125 0.31585312499999996 0.080121875 0.395909375 0.0979234375 0.46121875 0.1252171875 0.46332500000000004 0.18099218749999998 0.46121875 0.2071 0.44436406249999993
3 0.2806765625 0.30531874999999997 0.22371406249999998 0.313746875 0.21778124999999998 0.32006718749999996 0.22252812500000002 0.341134375 0.2533828125 0.38326875 0.25575625 0.475965625 0.2652484375 0.49281874999999997 0.28304999999999997 0.46121875 0.2984765625 0.475965625 0.30085 0.3748421875 0.2806765625 0.30531874999999997
6 0.46875 0 0.46875 0.51875 1 0.51875 1 0.44985468749999996 0.980115625 0.38625937499999996 0.908603125 0.1422140625 0.8424859375 0.0018874999999999999 0.8411546875000001 0 0.46875 0
22 0.571490625 0.3130390625 0.5667453124999999 0.3451921875 0.5501406249999999 0.3630578125 0.5667453124999999 0.41665 0.5204859374999999 0.47917343749999997 0.50388125 0.46488125 0.49320624999999996 0.4916765625 0.49320624999999996 0.5166859374999999 0.500321875 0.5166859374999999 0.5157406250000001 0.5041828125000001 0.5394640625 0.50775625 0.6272375 0.40414374999999997 0.649771875 0.35948437499999997 0.649771875 0.24872812500000002 0.640284375 0.2165734375 0.5608140625 0.071875 0.54658125 0.07544843749999999 0.5015078125 0.1326125 0.475415625 0.139759375 0.46875 0.163178125 0.46875 0.27281875 0.47067031249999997 0.2719515625 0.4801578125 0.23264999999999997 0.5181140625 0.22550625000000002 0.5453953125 0.25944531249999997 0.5548828125 0.298746875 0.571490625 0.3130390625
22 0.774871875 0 0.767196875 0.0254296875 0.63079375 0.187990625 0.65214375 0.2523015625 0.65214375 0.29159999999999997 0.661634375 0.2951734375 0.8490390624999999 0.077234375 0.84429375 0.048653125000000005 0.8162984375000001 0 0.774871875 0
3 0.46875 0 0.46875 0.036415625 0.48134375 0.052225 0.46948437500000006 0.0700890625 0.4943921875 0.0683015625 0.5050671875 0.077234375 0.50388125 0.0933109375 0.5264171875 0.095096875 0.54658125 0.071875 0.575046875 0.064728125 0.6165609375 0.012923437500000001 0.61846875 0 0.48274531249999997 0 0.48253124999999997 0.0004203125 0.4789 0 0.46875 0
12 0.54658125 0.039718750000000004 0.5501406249999999 0.0272171875 0.47067031249999997 0.06115625 0.46875 0.06302656250000001 0.46875 0.0830734375 0.54658125 0.039718750000000004
6 0.46875 1 0.46875 0.51875 0.1051765625 0.51875 0.0917375 0.5286046875 0.08699375000000001 0.5259 0.0466703125 0.5421328125 0.0205796875 0.5448390625 0 0.5510984375 0 1 0.46875 1
16 0 0.77961875 0.0087203125 0.782934375 0.03836875 0.78158125 0.0632734375 0.7775234375 0.08462031249999999 0.7639953125 0.136803125 0.7531718749999999 0.14391875 0.7477609375000001 0.18187031250000002 0.7531718749999999 0.2530265625 0.7369390625000001 0.25777031250000004 0.7315265625 0.3028375 0.7315265625 0.328928125 0.7207046874999999 0.3550203125 0.699059375 0.3787390625 0.68553125 0.40127187500000006 0.657121875 0.4119453125 0.6368296875 0.4463390625 0.61924375 0.4581984375 0.5921875 0.4665 0.5827171875 0.46875 0.5827171875 0.46875 0.51875 0.10706875 0.51875 0.094109375 0.5286046875 0.08699375000000001 0.5259 0.0466703125 0.5421328125 0.0039765625 0.5475453124999999 0 0.54905625 0 0.77961875
12 0.21951874999999998 1 0.247096875 0.960153125 0.2755609375 0.8871015625 0.2969078125 0.8465171874999999 0.3040234375 0.822165625 0.3253703125 0.7924046875 0.3253703125 0.7788765625 0.31706875 0.7694062500000001 0.26963125 0.7369390625000001 0.2293078125 0.7450546874999999 0.1984734375 0.7585843750000001 0.1771265625 0.7612890625000001 0.165265625 0.755878125 0.14391875 0.755878125 0.103596875 0.7639953125 0 0.9149265625 0 0.9773578125 0.0248125 1 0.21951874999999998 1
6 1 0.5499640625 0.9874562499999999 0.5490796875 0.9640328125 0.51875 0.7967515625 0.51875 0.79585625 0.51913125 0.65148125 0.5370984375 0.6281390625000001 0.51875 0.5922203125000001 0.51875 0.53004375 0.579028125 0.46875 0.7037375 0.46875 1 1 1 1 0.5499640625