6 0.7692609375 0.13733125 0.7433375 0.132934375 0.71045625 0.13924375 0.680825 0.12431406250000002 0.649103125 0.053559375 0.633253125 0.052851562500000004 0.6147453125 0.0695234375 0.56483125 0.08284843750000001 0.520828125 0.05755781250000001 0.5066515625 0.071990625 0.527025 0.09525625 0.43671718750000005 0.120553125 0.3431890625 0.158178125 0.288215625 0.21323750000000002 0.28965 0.29074218749999997 0.30605625000000003 0.296496875 0.35628906250000003 0.35058125 0.4529546875 0.396690625 0.554021875 0.42274687499999997 0.6560453125000001 0.4251921875 0.668415625 0.431253125 0.7973484375 0.4055734375 0.850546875 0.3621 0.88488125 0.2767953125 0.900503125 0.261615625 0.8943406250000001 0.21500625 0.906484375 0.20517968749999999 0.9031062500000001 0.1838046875 0.8697015625000001 0.1761578125 0.8618234375 0.20156718749999997 0.8208343749999999 0.21739843749999999 0.8059406250000001 0.19307968749999999 0.7768671875 0.1831953125 0.759675 0.15650625 0.7692609375 0.13733125
6 0.7970359375 0.7898453125 0.7061671875 0.8100921874999999 0.645259375 0.8344296874999999 0.62415625 0.8506609375 0.62254375 0.8959515625 0.6573234375 0.9206703125000001 0.6993578125 0.932753125 0.7270203125 0.9344718750000001 0.8770234374999999 0.9014734375 0.897375 0.8553984375000001 0.863253125 0.8089999999999999 0.7970359375 0.7898453125
16 0.7970359375 0.7898453125 0.7061671875 0.8100921874999999 0.645259375 0.8344296874999999 0.62415625 0.8506609375 0.62254375 0.8959515625 0.6573234375 0.9206703125000001 0.6993578125 0.932753125 0.7270203125 0.9344718750000001 0.8770234374999999 0.9014734375 0.8976703125000001 0.85346875 0.863253125 0.8089999999999999 0.7970359375 0.7898453125
16 0.9088499999999999 0.18973281250000001 0.8884390625 0.175375 0.8656671875 0.1764640625 0.85923125 0.20112812500000002 0.81473125 0.23121874999999997 0.7900125 0.2884390625 0.78883125 0.2961640625 0.8253171874999999 0.3271140625 0.8537984375000001 0.340859375 0.9039828125 0.2562625 0.8946359375 0.213075 0.9061890625 0.20711093749999998 0.9088499999999999 0.18973281250000001
21 0.6720296875 0.3902640625 0.713734375 0.413184375 0.7333234375 0.415515625 0.8012234375 0.37156406249999996 0.8223953125 0.3375140625 0.8195734375000001 0.3211890625 0.7850890625 0.2945390625 0.739803125 0.30369687500000003 0.6611703125 0.3656390625 0.6720296875 0.3902640625
21 0.4778015625 0.3127171875 0.478571875 0.287409375 0.4403859375 0.24277500000000002 0.41768906250000004 0.238925 0.362103125 0.25724843750000004 0.306871875 0.2935546875 0.3308359375 0.3398234375 0.36810624999999997 0.3600203125 0.3943859375 0.350603125 0.4420578125 0.33325 0.4778015625 0.3127171875
7 0.6102328124999999 0.1945546875 0.6533234375 0.1563 0.6519125 0.14813437499999998 0.6113562499999999 0.1264 0.5243078125 0.052203124999999996 0.5040578124999999 0.0715515625 0.58815 0.16505625 0.5857859375000001 0.18050312500000001 0.6102328124999999 0.1945546875
16 0.6904125 0.3309796875 0.7441703125 0.29255 0.738234375 0.26182812499999997 0.7121171875 0.232634375 0.6726078125 0.2388109375 0.6555078125 0.263646875 0.6564859375000001 0.309375 0.6786 0.329965625 0.6904125 0.3309796875
16 0.3284765625 0.23690625 0.3690671875 0.2497328125 0.41464999999999996 0.23864375 0.4279171875 0.16066249999999999 0.5139171874999999 0.20694531249999998 0.5320984375 0.20111249999999997 0.5365328125 0.1721484375 0.574371875 0.1508328125 0.5281734375 0.0964421875 0.439603125 0.11906093749999999 0.33019375 0.1648890625 0.3081359375 0.20473124999999998 0.287625 0.2171 0.2875578125 0.2349171875 0.3010421875 0.251071875 0.3284765625 0.23690625
17 0.7210421874999999 0.2351390625 0.7479453125 0.2852671875 0.7709796875 0.2911546875 0.7877156249999999 0.28607031250000003 0.7918546875 0.2590359375 0.8219828124999999 0.21858125 0.8010515625 0.19026875000000001 0.7466125 0.1810359375 0.7342078125 0.18388437500000002 0.7210421874999999 0.2351390625
12 0.5633859375 0.08359531249999999 0.6113562499999999 0.1264 0.65739375 0.147084375 0.6761999999999999 0.1284828125 0.674265625 0.1063625 0.6567765624999999 0.0816046875 0.655140625 0.0575546875 0.636140625 0.0513609375 0.6173359375 0.06996250000000001 0.5633859375 0.08359531249999999