6 0.88895 0.14029687500000002 0.883046875 0.1338984375 0.8635187500000001 0.1377515625 0.8595328125 0.124728125 0.8399281249999999 0.11544218749999999 0.8122765624999999 0.06697031249999999 0.802503125 0.0672546875 0.7947984375 0.087190625 0.785025 0.087475 0.7790843749999999 0.0745078125 0.7692734375 0.0682234375 0.763409375 0.06839375 0.75373125 0.0851015625 0.7204046875000001 0.0696453125 0.70488125 0.089809375 0.6718046875 0.11705312500000001 0.6629421875 0.1058140625 0.6588796875 0.07965 0.6381734375 0.049043750000000004 0.6244328125 0.0395890625 0.579475 0.0408984375 0.5522421875 0.0646875 0.5425640625 0.08139531250000001 0.535675 0.0733828125 0.5306265625 0.04560625 0.46809375 0.05071250000000001 0.4603515625 0.064078125 0.45441093749999995 0.051110937499999995 0.43484531249999997 0.048395312499999996 0.4171 0.022629687500000002 0.39165 0.0168015625 0.35652343750000004 0.0276796875 0.3536390625 0.035976562499999996 0.3557078125 0.0556265625 0.3421390625 0.0757328125 0.3393125 0.09388437499999999 0.31589375 0.10113593750000001 0.3138828125 0.0913390625 0.30410781249999996 0.0916234375 0.2944109375 0.10504687500000001 0.2709359375 0.1024453125 0.2573671875 0.12255156250000002 0.2279515625 0.1069828125 0.20075625000000002 0.137340625 0.191003125 0.1409109375 0.18714999999999998 0.150878125 0.17933125 0.15110625 0.18132500000000001 0.15761875 0.15004843750000002 0.158528125 0.1500109375 0.151959375 0.11879218750000001 0.1627234375 0.097271875 0.160065625 0.09047812499999999 0.1684765625 0.0944640625 0.1815015625 0.08865625 0.191525 0.0887140625 0.20137968750000002 0.08581093749999999 0.20639218750000002 0.07015468750000001 0.2035625 0.0634359375 0.2251125 0.0979203125 0.2717421875 0.22300312500000002 0.264815625 0.2758 0.2665625 0.287565625 0.272790625 0.29339218749999996 0.26605 0.33833125000000003 0.26145625 0.3793796875 0.2602609375 0.391146875 0.2664890625 0.4321578125 0.258725 0.4771546875 0.263984375 0.48884375 0.2570734375 0.49672031250000004 0.2667 0.5045390624999999 0.266471875 0.5123015625 0.256390625 0.596353125 0.25394218749999997 0.614003125 0.263284375 0.6286546875 0.261215625 0.6550328125 0.25880468749999996 0.660859375 0.2520640625 0.7195390625 0.2569265625 0.7331453125 0.2433890625 0.7683296875 0.2423640625 0.7859609375 0.24842187500000001 0.8934703125000001 0.24529062499999998 0.9149328125 0.2380953125 0.9178171875000001 0.2297984375 0.911915625 0.2234 0.9156718749999999 0.197009375 0.8998625 0.167903125 0.900678125 0.1399546875 0.88895 0.14029687500000002
16 0.206696875 0.150309375 0.2301921875 0.15619531250000002 0.2585265625 0.1537265625 0.25641875000000003 0.1275078125 0.24951093750000003 0.1162109375 0.22990624999999998 0.106925 0.21821562499999997 0.11383593750000001 0.1998078125 0.142296875 0.206696875 0.150309375
3 0.24328906250000001 0.223159375 0.2502171875 0.23774062499999998 0.2629890625 0.2488671875 0.2765578125 0.2287609375 0.27837812500000003 0.20571250000000002 0.2714515625 0.19112968749999998 0.24992968750000003 0.188471875 0.24315625000000002 0.2001671875 0.24328906250000001 0.223159375
3 0.548453125 0.2536953125 0.5699546875 0.25306875 0.5658359374999999 0.21705156250000002 0.55505625 0.2124375 0.5463453125 0.227475 0.548453125 0.2536953125
16 0.738628125 0.1775265625 0.7445296875 0.183925 0.7611359375 0.1817984375 0.76496875 0.1685453125 0.7560484375 0.1474515625 0.7403906250000001 0.1446234375 0.7355328125 0.1496921875 0.7336734375 0.166171875 0.738628125 0.1775265625
16 0.7939265625 0.10528437500000001 0.7988609375 0.11335312500000001 0.81155625 0.111340625 0.823228125 0.1011453125 0.8231328124999999 0.0847234375 0.8162437499999999 0.07671093749999999 0.7986703125 0.0805078125 0.79383125 0.0888609375 0.7939265625 0.10528437500000001
16 0.7922390625 0.1513265625 0.803890625 0.1378453125 0.8037765625000001 0.1181375 0.7890109375 0.10049999999999999 0.782275 0.1187640625 0.7823890625 0.138471875 0.789315625 0.15305312499999998 0.7922390625 0.1513265625
16 0.8274234375 0.15030156249999999 0.83905625 0.13353593749999998 0.8389421875 0.11382812499999999 0.8261687500000001 0.102703125 0.8105890625000001 0.1130125 0.8058265625000001 0.1345046875 0.8186375 0.1522 0.8274234375 0.15030156249999999
21 0.2785703125 0.2385578125 0.28354218750000004 0.253196875 0.294321875 0.2578109375 0.325234375 0.1944921875 0.3251390625 0.17806875 0.3162765625 0.166828125 0.306521875 0.1703984375 0.2978109375 0.18543437499999998 0.2785703125 0.2385578125
21 0.35540781250000003 0.172259375 0.3370578125 0.2105734375 0.337134375 0.22371249999999998 0.3460171875 0.2382359375 0.3528484375 0.2363953125 0.3645 0.222915625 0.3721859375 0.1996953125 0.37408281250000003 0.189784375 0.36518125 0.171975 0.35540781250000003 0.172259375
21 0.5914375 0.24915781250000002 0.593278125 0.22939375 0.5892546875 0.2098 0.578475 0.20518593749999997 0.5698218749999999 0.2300765625 0.571871875 0.24644218750000002 0.5748328125 0.251284375 0.5914375 0.24915781250000002
16 0.41269999999999996 0.1065296875 0.416571875 0.099846875 0.41353437499999995 0.08186718750000001 0.3998515625 0.082265625 0.38806562499999997 0.072753125 0.3607 0.07355 0.35394375 0.0885296875 0.41269999999999996 0.1065296875
13 0.5967875 0.160303125 0.6211734375 0.1513796875 0.6269796875 0.1413546875 0.675846875 0.13993125 0.6767765625 0.1316921875 0.6629421875 0.1058140625 0.6588609375 0.076365625 0.6362 0.0458171875 0.614640625 0.036589062500000005 0.583365625 0.0375 0.5483515625 0.0680859375 0.5456015625 0.099375 0.5575390625 0.1351640625 0.576271875 0.1625421875 0.5967875 0.160303125
13 0.5163765625 0.1166515625 0.519221875 0.1017859375 0.5416921875 0.0994890625 0.5306265625 0.04560625 0.513071875 0.0526875 0.4700484375 0.0506546875 0.459421875 0.07231875 0.4575625 0.08879843750000001 0.43816875 0.11564375 0.44116718749999995 0.12705468749999999 0.4627078125 0.1329984375 0.48436250000000003 0.1586484375 0.49119375 0.1568078125 0.5163765625 0.1166515625
13 0.4865453125 0.1980078125 0.49831250000000005 0.20423437500000002 0.516871875 0.20205156249999998 0.5713953125 0.1643265625 0.5426796875 0.101103125 0.5192421875 0.10507031250000001 0.5163765625 0.1166515625 0.47956093749999995 0.173571875 0.4865453125 0.1980078125
3 0.69806875 0.094934375 0.7010484375 0.1030609375 0.7127765625 0.1027203125 0.71875625 0.12225625 0.733425 0.12347187500000001 0.7392328125 0.11344687499999999 0.73911875 0.0937390625 0.7301984375 0.0726453125 0.722359375 0.06958906249999999 0.69806875 0.094934375
3 0.7373921875 0.1332125 0.7423453125 0.144565625 0.7530875 0.1426109375 0.75889375 0.1325859375 0.75278125 0.09005625 0.7380546875 0.0789875 0.7351515625 0.08399999999999999 0.7391375 0.097025 0.7373921875 0.1332125
3 0.7587796875 0.11287812500000001 0.7637140625 0.12094687500000001 0.7803203125 0.11882187500000001 0.7861078125 0.10551250000000001 0.780071875 0.076121875 0.763428125 0.07167812500000001 0.7576015625 0.07841875000000001 0.7548125 0.1031375 0.7587796875 0.11287812500000001
3 0.4428234375 0.2436296875 0.46798593750000006 0.200190625 0.459046875 0.17581249999999998 0.4472796875 0.169584375 0.43853125000000004 0.1780515625 0.4289109375 0.2046140625 0.4330484375 0.243915625 0.4428234375 0.2436296875
3 0.2068890625 0.1831546875 0.20400468749999998 0.1914515625 0.212109375 0.24049375 0.21899843749999998 0.24850625 0.22583125 0.2466640625 0.23258593749999998 0.231684375 0.24328906250000001 0.223159375 0.24323125 0.21330624999999998 0.22840937499999997 0.18581406250000002 0.2068890625 0.1831546875
3 0.2801234375 0.1695234375 0.287884375 0.1594421875 0.2916984375 0.14290624999999998 0.2836703125 0.107003125 0.2709359375 0.1024453125 0.25641875000000003 0.1275078125 0.2585265625 0.1537265625 0.2801234375 0.1695234375
21 0.758328125 0.20323281249999997 0.7466375000000001 0.21014375 0.7438484375 0.23486406249999997 0.7507375 0.2428765625 0.763434375 0.24086406249999998 0.7652359375 0.2145296875 0.758328125 0.20323281249999997
16 0.3040953125 0.257525 0.3090296875 0.2655953125 0.319771875 0.2636390625 0.325559375 0.2503296875 0.3254828125 0.23719218749999998 0.318575 0.2258953125 0.31075624999999996 0.22612187499999997 0.30398125 0.23781875000000002 0.3040953125 0.257525
3 0.4362328125 0.1189859375 0.4594609375 0.0788875 0.45938437499999996 0.0657484375 0.448528125 0.047996875 0.41450156250000003 0.080196875 0.416590625 0.10313125000000001 0.42547187500000005 0.11765624999999999 0.4362328125 0.1189859375
16 0.48983125000000005 0.2586875 0.49869375 0.26992656249999997 0.503571875 0.26814218749999996 0.509396875 0.261403125 0.51125625 0.2449234375 0.50235625 0.22711406250000002 0.4984453125 0.2272265625 0.4897359375 0.24226406250000002 0.48983125000000005 0.2586875
16 0.22015156249999998 0.1104953125 0.21242812500000002 0.1271453125 0.20656406249999998 0.1273171875 0.19785312500000002 0.142353125 0.198859375 0.1472515625 0.2301921875 0.15619531250000002 0.2585265625 0.1537265625 0.25641875000000003 0.1275078125 0.24951093750000003 0.1162109375 0.23383437499999998 0.11009687500000001 0.22015156249999998 0.1104953125