6 0 0 0 0.56875 0.55 0.56875 0.55 0 0 0
16 0.330515625 0 0.329621875 0.0005140625 0.3145921875 0.071040625 0.320603125 0.1550734375 0.3276171875 0.17157968750000002 0.341646875 0.165578125 0.3476578125 0.183584375 0.354671875 0.18208437500000002 0.3907453125 0.1490703125 0.4047734375 0.10105312500000001 0.40076406249999996 0.0230234375 0.38908125 0 0.330515625 0
16 0.16629375 0.2721171875 0.198359375 0.2060921875 0.1853328125 0.1805828125 0.1733078125 0.183584375 0.1402421875 0.23910468749999997 0.13823749999999999 0.2601140625 0.1432484375 0.267615625 0.16629375 0.2721171875
16 0.4689015625 0.3501484375 0.4829296875 0.33814375 0.48493281250000003 0.317134375 0.47791875 0.3036296875 0.45988281249999996 0.297628125 0.4488609375 0.3111328125 0.45086562499999994 0.33814375 0.4689015625 0.3501484375
16 0.3970921875 0.56875 0.39675625000000003 0.560228125 0.380725 0.545221875 0.3737109375 0.5197125 0.3626890625 0.5332171875 0.3608625 0.56875 0.3970921875 0.56875
20 0.3707046875 0.5122093750000001 0.382728125 0.5392203125 0.3927484375 0.545221875 0.4188015625 0.45518749999999997 0.397759375 0.429678125 0.37771875 0.42667656249999997 0.360684375 0.48519843749999997 0.3707046875 0.494203125 0.3707046875 0.5122093750000001
13 0.1592796875 0.42367499999999997 0.1753125 0.42667656249999997 0.1963546875 0.4161734375 0.186334375 0.3501484375 0.1632875 0.2766203125 0.1292203125 0.26161406249999997 0.09915937500000001 0.264615625 0.074109375 0.299128125 0.074109375 0.32313749999999997 0.0640890625 0.3501484375 0.068096875 0.3921640625 0.10717499999999999 0.4416828125 0.1342296875 0.4431828125 0.1592796875 0.42367499999999997
13 0.4799234375 0.0965515625 0.4618875 0.0965515625 0.441846875 0.10855624999999999 0.410784375 0.1490703125 0.43984375 0.17157968750000002 0.469903125 0.1565734375 0.4749140625 0.1700796875 0.47090468750000003 0.185084375 0.45286875000000004 0.20309218750000002 0.47791875 0.21059375 0.5099843749999999 0.21059375 0.5220078125 0.1925875 0.5400437499999999 0.20759375000000002 0.55 0.18075625 0.55 0.02640625 0.54605625 0.024523437500000002 0.526015625 0.024523437500000002 0.49295 0.086046875 0.4999640625 0.117559375 0.4859359375 0.117559375 0.4799234375 0.0965515625
13 0.12827187499999998 0 0.14124375 0.0305265625 0.1753125 0.036528125 0.18232656249999998 0.0470328125 0.18232656249999998 0.07704375 0.18934062499999998 0.087546875 0.2003625 0.086046875 0.2604828125 0.0500328125 0.241921875 0 0.12827187499999998 0
13 0.3476578125 0.4867 0.354671875 0.4731953125 0.34264843749999996 0.4251765625 0.30958125000000003 0.39366406249999997 0.267496875 0.396665625 0.25547343749999996 0.38466093749999997 0.2334296875 0.381659375 0.21338906249999998 0.41467187499999997 0.17831875 0.431178125 0.223409375 0.4656921875 0.23543281249999998 0.462690625 0.27952187500000003 0.4927015625 0.3145921875 0.5002046874999999 0.3476578125 0.4867
16 0.124209375 0.48519843749999997 0.14124375 0.513709375 0.18833906250000002 0.5182109374999999 0.19735625 0.4506859375 0.16529218750000002 0.43868124999999997 0.1432484375 0.43868124999999997 0.130221875 0.44918593749999997 0.1322265625 0.46719218749999997 0.124209375 0.48519843749999997
13 0.290996875 0.56875 0.2805234375 0.545221875 0.2695015625 0.53471875 0.23543281249999998 0.546721875 0.19735625 0.543721875 0.1908765625 0.56875 0.290996875 0.56875
13 0.025662499999999998 0 0.0420453125 0.014020312500000002 0.0300203125 0.0230234375 0.015992187499999998 0.0620375 0.0340296875 0.07704375 0.0360328125 0.0980515625 0.0640890625 0.0650390625 0.08890624999999999 0 0.025662499999999998 0
16 0.1843296875 0.086046875 0.1572765625 0.054534375 0.1171953125 0.0605375 0.09715625 0.036528125 0.08513125 0.0395296875 0.07811718749999999 0.0560359375 0.080121875 0.0800453125 0.10316718750000001 0.10555468750000001 0.11619375000000001 0.10405468749999999 0.1432484375 0.087546875 0.1753125 0.102553125 0.1843296875 0.086046875
13 0.2494609375 0.23460312499999997 0.22541250000000002 0.23760468750000002 0.1963546875 0.2631140625 0.1963546875 0.2931265625 0.214390625 0.30513124999999997 0.2194015625 0.297628125 0.23743750000000002 0.3036296875 0.2584796875 0.281121875 0.2604828125 0.25711249999999997 0.2494609375 0.23460312499999997
13 0.2915453125 0.17758125 0.223409375 0.198590625 0.20437031249999998 0.23010156249999997 0.2023671875 0.248109375 0.208378125 0.248109375 0.23743750000000002 0.231603125 0.26348906250000004 0.2436078125 0.3055734375 0.2045921875 0.304571875 0.19108750000000002 0.2915453125 0.17758125
6 1 0.43338593750000004 0.55 0.447565625 0.55 0.56875 1 0.56875 1 0.43338593750000004
6 0.55 1 0.55 0.56875 0 0.56875 0 1 0.55 1
3 0.55 1 0.55 0.772421875 0.44436406249999993 0.7762671875 0.33035625 0.8166453125 0.38020312500000003 0.8726046875 0.3862640625 1 0.55 1
13 0.1959328125 1 0.22835624999999998 0.954490625 0.256159375 0.9593078125 0.278615625 0.9882078125 0.30000312500000004 0.9288000000000001 0.3427765625 0.9609125000000001 0.38448125 0.952884375 0.3780640625 0.8742093750000001 0.328875 0.8292531249999999 0.3534703125 0.7875062500000001 0.44008593749999997 0.77305625 0.55 0.77305625 0.55 0.56875 0.44877500000000003 0.56875 0.10538281249999999 0.9753624999999999 0.065534375 1 0.1959328125 1
13 0.0570203125 1 0.0573609375 0.9993296875000001 0.0703953125 0.982778125 0.08242812499999999 0.9797671875 0.0844328125 0.9767578125 0.110503125 0.9767578125 0.137575 0.9391375 0.13958125 0.93311875 0.13958125 0.9120515625 0.1355703125 0.9000125000000001 0.1355703125 0.890984375 0.14459375000000002 0.8804500000000001 0.150609375 0.8804500000000001 0.1606359375 0.8714203125 0.1696609375 0.857878125 0.173671875 0.8458390625 0.171665625 0.791665625 0.1776828125 0.7796265625000001 0.1796875 0.746521875 0.17567656250000002 0.7374921875 0.173671875 0.719434375 0.1566265625 0.69084375 0.150609375 0.69084375 0.1486046875 0.6878328125000001 0.1466 0.69084375 0.0924546875 0.693853125 0.0784171875 0.70288125 0.0734046875 0.713415625 0.0713984375 0.7374921875 0.0673875 0.746521875 0.0653828125 0.7886562500000001 0.059367187499999995 0.8067140625 0.059367187499999995 0.8127328125 0.054353125 0.8232671874999999 0.040315625 0.8202578125000001 0.0363046875 0.8142375 0.0242734375 0.80821875 0.0222671875 0.8112281250000001 0.008229687500000001 0.8142375 0 0.821296875 0 0.8923546874999999 0.014246875 0.9015171875 0.0232703125 0.9120515625 0.0152484375 0.930109375 0.0092328125 0.936128125 0.007228125 0.9481671875 0 0.9611828125 0 1 0.0570203125 1
6 1 0.5730828125 0.9954515625000001 0.56875 0.6716249999999999 0.56875 0.6147484375000001 0.6210625000000001 0.5814421875 0.56875 0.55 0.56875 0.55 1 1 1 1 0.705121875 0.97309375 0.7247656250000001 0.974975 0.6607515625 1 0.615596875 1 0.5730828125
3 1 0.74148125 0.99661875 0.7368781249999999 0.9825796875 0.7368781249999999 0.9755609375000001 0.743703125 0.9635265625 0.809228125 0.988596875 0.8297046874999999 0.9936109375 0.8283390624999999 1 0.8196406250000001 1 0.74148125
3 0.5804609375 0.7737359374999999 0.5614078124999999 0.7723703125 0.5533859375 0.77783125 0.550378125 0.7819265625 0.5523828125 0.8037671874999999 0.5794578125000001 0.8351640625 0.5824671875 0.8337999999999999 0.5924953125 0.8174187500000001 0.5924953125 0.8064984374999999 0.584471875 0.7955765625 0.5804609375 0.7737359374999999
16 0.6646953124999999 0.650878125 0.671715625 0.6658937500000001 0.6947796875 0.6863703125 0.6937765625 0.6904656250000001 0.6897656249999999 0.6904656250000001 0.68174375 0.6795453124999999 0.671715625 0.674084375 0.66870625 0.6781796875 0.6727171875 0.69183125 0.69979375 0.7123062499999999 0.7038046875 0.7286875 0.718846875 0.7273234375000001 0.7208515625 0.713671875 0.716840625 0.7082109375 0.716840625 0.69183125 0.7208515625 0.683640625 0.7208515625 0.6699890625 0.716840625 0.6563375 0.7028015625 0.6372265625 0.68675625 0.5826234375 0.6737203125 0.5703375 0.6556703125000001 0.578528125 0.65065625 0.588084375 0.65065625 0.601734375 0.6646953124999999 0.6399578125 0.6646953124999999 0.650878125
17 0.6025234375 0.8911328125000001 0.586478125 0.8720218750000001 0.57645 0.85018125 0.5824671875 0.841990625 0.5634140624999999 0.816053125 0.55 0.804815625 0.55 0.91368125 0.5513796875 0.9143390625000001 0.5614078124999999 0.9225296875 0.5704328125 0.9211656250000001 0.5814640625 0.9088796875 0.6025234375 0.8965937500000001 0.6025234375 0.8911328125000001
17 0.6757265625 0.8133234375 0.696784375 0.8201484375 0.7108234375 0.7819265625 0.7268687500000001 0.7573546875 0.7288734375 0.746434375 0.7038046875 0.7286875 0.6917703125 0.7423390624999999 0.6857546875 0.73141875 0.6757265625 0.723228125 0.6707124999999999 0.7273234375000001 0.662690625 0.7491640625 0.65065625 0.760084375 0.6566734375000001 0.7655453125 0.65065625 0.7819265625 0.65065625 0.7928468750000001 0.6757265625 0.8133234375
17 0.759709375 1 0.7689859375 0.9621171875 0.7599609375 0.9525625 0.75394375 0.9525625 0.725865625 0.93618125 0.7238609375 0.9307203124999999 0.7118265625 0.9225296875 0.69979375 0.9198000000000001 0.6907687499999999 0.967578125 0.680740625 0.9839593750000001 0.6760265624999999 1 0.759709375 1
17 0.9314375 0.9075140625 0.9194046874999999 0.8829421875 0.91539375 0.8583718749999999 0.8983453125 0.840625 0.8722734375 0.8242437499999999 0.86625625 0.8242437499999999 0.8572312500000001 0.84745 0.8552250000000001 0.8774828125 0.876284375 0.895228125 0.9284296875000001 0.927990625 0.9314375 0.9266249999999999 0.92943125 0.9211656250000001 0.9314375 0.9075140625
17 0.9645296875 0.624940625 0.9845859375 0.61948125 0.9996265624999999 0.6071953125 0.9996265624999999 0.601734375 0.9736015625000001 0.56875 0.9649703125 0.56875 0.921409375 0.5990046875 0.921409375 0.604465625 0.9344453125 0.6222109375 0.9504906249999999 0.6385921875 0.9575093750000001 0.6399578125 0.9645296875 0.624940625
17 0.7940546875 0.6222109375 0.801075 0.6208453125 0.8131078125 0.5990046875 0.811103125 0.5853531249999999 0.8040828125000001 0.578528125 0.7980671874999999 0.5812578125 0.7920499999999999 0.5921796875 0.7860328125 0.5921796875 0.7780109375 0.5812578125 0.7679828125 0.5812578125 0.761965625 0.5894484375 0.754946875 0.5908140625 0.7599609375 0.6003703125000001 0.7780109375 0.6140203125 0.7900437499999999 0.61675 0.7940546875 0.6222109375
17 0.7479265625 0.6385921875 0.7278718750000001 0.6467828124999999 0.7208515625 0.6563375 0.7228578125 0.6781796875 0.7288734375 0.69183125 0.7288734375 0.713671875 0.734890625 0.713671875 0.73589375 0.69865625 0.7699890625 0.7013859375 0.7860328125 0.6904656250000001 0.7900437499999999 0.682275 0.8161171875000001 0.6795453124999999 0.819125 0.67271875 0.8000718750000001 0.644053125 0.7880390625 0.63313125 0.7820218750000001 0.63313125 0.765978125 0.611290625 0.7609640625 0.6208453125 0.76296875 0.6372265625 0.7599609375 0.641321875 0.7479265625 0.6385921875
3 0.9097937500000001 1 0.9093765625 0.9948796874999999 0.9194046874999999 0.9593875000000001 0.9194046874999999 0.9484671875 0.9083734375000001 0.9416421875 0.8823015625 0.9389109375 0.8772875000000001 0.9484671875 0.8788015625 1 0.9097937500000001 1
17 0.6265890625 0.8911328125000001 0.6306015625 0.8993234375 0.6185671875 0.9238953125 0.6195703124999999 0.9307203124999999 0.6366171875 0.9320859374999999 0.660684375 0.8965937500000001 0.660684375 0.888403125 0.64163125 0.87065625 0.6285953125 0.8856734375 0.6265890625 0.8911328125000001
17 0.7800171875 0.81059375 0.7669796875 0.8283390624999999 0.7669796875 0.8392593749999999 0.74491875 0.8665609375000001 0.7479265625 0.8761171875 0.761965625 0.8843078125 0.7669796875 0.8829421875 0.7910468749999999 0.8337999999999999 0.7970640625 0.8174187500000001 0.7960609375 0.81059375 0.7800171875 0.81059375
17 0.96954375 0.8747515625 0.9675375 0.8856734375 0.9855875 0.8856734375 0.9916046875 0.8829421875 0.9956156249999999 0.8692921874999999 0.980575 0.8570062500000001 0.9745578125 0.8570062500000001 0.9675375 0.8665609375000001 0.96954375 0.8747515625
16 0.9595156250000001 0.6454171875 0.9364515625 0.624940625 0.9274265625 0.6399578125 0.923415625 0.6617984375 0.9254203125 0.67271875 0.9133875 0.7191328125 0.9133875 0.730053125 0.9184015625 0.7423390624999999 0.9354484375000001 0.746434375 0.9534984375000001 0.7109421874999999 0.9615218750000001 0.667259375 0.9595156250000001 0.6454171875
13 0.79906875 0.809228125 0.7970640625 0.825609375 0.801075 0.8365296875 0.7970640625 0.8611015625 0.801075 0.8720218750000001 0.801075 0.888403125 0.81210625 0.9116093749999999 0.8201281249999999 0.9088796875 0.8301562499999999 0.8979593749999999 0.829153125 0.912975 0.8331640625000001 0.912975 0.8522171875 0.9088796875 0.8592375000000001 0.8965937500000001 0.8612421875 0.888403125 0.8532203125000001 0.8774828125 0.8532203125000001 0.8720218750000001 0.8612421875 0.825609375 0.865253125 0.8174187500000001 0.865253125 0.8037671874999999 0.8732765625000001 0.7928468750000001 0.874278125 0.7751015625 0.8522171875 0.7805609375 0.8261453124999999 0.7805609375 0.8080937499999999 0.7942125 0.79906875 0.809228125