6 0 0.4296875 0.29833125 0.4296875 0.305934375 0.416828125 0.348534375 0.4227265625 0.34997656250000003 0.4296875 0.35 0.4296875 0.35 0.17169218749999998 0.3496546875 0.1705578125 0.33508125 0.1572859375 0.3036921875 0.163184375 0.296965625 0.19267812499999998 0.2812703125 0.1838296875 0.2431546875 0.1838296875 0.23755 0.20299999999999999 0.2308234375 0.20889843749999998 0.2308234375 0.22659531249999998 0.2341859375 0.23396875 0.23979218750000003 0.2295453125 0.2476390625 0.2546140625 0.26109218749999996 0.2546140625 0.27118125000000004 0.273784375 0.2554859375 0.2855828125 0.236428125 0.331296875 0.2095234375 0.331296875 0.2128859375 0.3091765625 0.20840312499999997 0.2944296875 0.18261875 0.2811578125 0.1837390625 0.273784375 0.1747703125 0.2590375 0.181496875 0.244290625 0.1747703125 0.2118484375 0.1534703125 0.20742500000000003 0.1321703125 0.161709375 0.117596875 0.14253906249999998 0.10414375000000001 0.1395890625 0.08845 0.1100953125 0.0727546875 0.107146875 0.06715 0.09977343749999999 0.06715 0.0850265625 0.054818750000000006 0.06290625 0.007734375 0.027514062500000002 0 0.027514062500000002 0 0.4296875
13 0.3126609375 0.3696390625 0.32162812500000004 0.3843859375 0.35 0.385671875 0.35 0.26051250000000004 0.3373234375 0.26051250000000004 0.32162812500000004 0.248715625 0.3036921875 0.2546140625 0.27790781249999996 0.2944296875 0.27118125000000004 0.3386703125 0.3126609375 0.3696390625
17 0.296965625 0.248715625 0.3070546875 0.250190625 0.330596875 0.248715625 0.3474125 0.23544375 0.35 0.2048171875 0.35 0.179090625 0.3373234375 0.1572859375 0.3036921875 0.163184375 0.300328125 0.1705578125 0.30481250000000004 0.217746875 0.293603125 0.2413421875 0.296965625 0.248715625
17 0.23979218750000003 0.23544375 0.25436562500000004 0.248715625 0.27342343750000003 0.24724062500000002 0.28799687500000004 0.24281718749999998 0.30481250000000004 0.20889843749999998 0.279028125 0.1808796875 0.23867031249999998 0.1838296875 0.23530781250000002 0.20595 0.23979218750000003 0.23544375
13 0.2767859375 0.26051250000000004 0.27342343750000003 0.2649375 0.2767859375 0.2841078125 0.2554859375 0.2826328125 0.23755 0.335721875 0.23867031249999998 0.34604375 0.2487609375 0.34751875 0.2689390625 0.3386703125 0.28015 0.2855828125 0.2992078125 0.2546140625 0.2767859375 0.26051250000000004
6 0.35 0 0.35 0.4296875 0.9451875 0.4296875 0.9480437500000001 0.4115421875 0.9862640624999999 0.3645 0.9660296875000001 0.20656875000000002 0.9457953124999999 0.18976874999999999 0.9480437500000001 0.139365625 0.9795187500000001 0.082240625 0.9727750000000001 0.048639062500000003 0.9221890625 0.0402390625 0.9019562499999999 0.0570390625 0.8839703125 0.046959375 0.8794734375000001 0.060399999999999995 0.8682328125 0.0435984375 0.8671093750000001 0.082240625 0.8581156249999999 0.082240625 0.8637359375000001 0.07048125 0.846875 0.07552031249999999 0.8502468750000001 0.0906421875 0.8626125 0.0956828125 0.8479984375 0.09736249999999999 0.843503125 0.110803125 0.842378125 0.0721609375 0.8198968750000001 0.031837500000000005 0.7783046875 0.0032765625 0.7243484375 0.0200765625 0.5939515625 0.0267984375 0.5789296875 0 0.35 0
22 0.4242125 0.11920312500000001 0.44781875 0.174646875 0.4736734375 0.1763265625 0.48041875 0.1628859375 0.47704531250000004 0.063759375 0.429834375 0.1040828125 0.4242125 0.11920312500000001
22 0.42870937500000006 0.1796875 0.414096875 0.13096406249999998 0.35 0.14950625 0.35 0.24848750000000003 0.3522703125 0.25697187499999996 0.359015625 0.25697187499999996 0.3725046875 0.22673125 0.38037343749999997 0.1780078125 0.41184843750000005 0.17128749999999998 0.42870937500000006 0.1796875
24 0.35 0 0.35 0.13600625 0.35002187500000004 0.1360046875 0.36688437500000004 0.1276046875 0.382621875 0.134325 0.4028546875 0.11752343750000001 0.4242125 0.052000000000000005 0.44781875 0.0167171875 0.47704531250000004 0.0032765625 0.47820625000000005 0 0.35 0
13 0.9457953124999999 0.1460859375 0.9795187500000001 0.08560156249999999 0.9795187500000001 0.0620796875 0.967153125 0.036878125 0.9199421875 0.0402390625 0.8502468750000001 0.134325 0.8097796875000001 0.151125 0.7693125000000001 0.2048890625 0.7412093750000001 0.2099296875 0.7715609375 0.2284109375 0.8142765624999999 0.1948078125 0.8457515624999999 0.1914484375 0.8502468750000001 0.17128749999999998 0.9008312500000001 0.16960625000000001 0.8985843750000001 0.1864078125 0.88509375 0.1964890625 0.8378828125 0.2972953125 0.8333859374999999 0.34769843749999996 0.8018015625 0.4296875 0.94781875 0.4296875 0.9525406249999999 0.4014609375 0.9783953125 0.3796203125 0.9862640624999999 0.3611390625 0.9660296875000001 0.20656875000000002 0.9457953124999999 0.1998484375 0.9457953124999999 0.1460859375
6 0.3392609375 1 0.35 0.9950546875 0.35 0.4296875 0 0.4296875 0 0.81945625 0.05443125 1 0.3392609375 1
6 1 0.4296875 0.35 0.4296875 0.35 0.6687609375 0.45396562500000004 0.705890625 0.5033984375 0.705890625 0.5595718749999999 0.636234375 0.5595718749999999 0.7081375000000001 0.664053125 0.72274375 0.665178125 0.7103859375 0.61574375 0.7103859375 0.6325984375 0.69353125 0.61574375 0.6924078125 0.614625 0.6755578125 0.6831546875 0.6811734375 0.68989375 0.6452218750000001 0.693265625 0.68005 0.7258453125 0.6834203125 0.7528109374999999 0.719371875 0.8494296875 0.7103859375 0.9887390625 0.6744343749999999 1 0.6620468749999999 1 0.4296875