6 0 0.5634765625 0.0309515625 0.5791015625 0.0967234375 0.6591796875 0.1141328125 0.66796875 0.137346875 0.669921875 0.1547578125 0.6865234375 0.19538125 0.705078125 0.2456765625 0.705078125 0.284365625 0.6953125 0.2921046875 0.697265625 0.3849578125 0.75 0.4275171875 0.748046875 0.45266406249999996 0.7353515625 0.4294515625 0.6533203125 0.4294515625 0.6044921875 0.4371890625 0.5966796875 0.4294515625 0.5947265625 0.4294515625 0.5732421875 0.41397500000000004 0.5517578125 0.4294515625 0.5439453125 0.42171250000000005 0.5263671875 0.42558281249999996 0.5087890625 0.4391234375 0.529296875 0.4623375 0.529296875 0.4913546875 0.5126953125 0.5223046874999999 0.4736328125 0.5223046874999999 0.4521484375 0.5087640625 0.44140625 0.47781250000000003 0.4375 0.45459843749999995 0.42578125 0.42558281249999996 0.4189453125 0.43332031249999997 0.4013671875 0.4275171875 0.3828125 0.38882812499999997 0.380859375 0.3656140625 0.384765625 0.3636796875 0.3798828125 0.38882812499999997 0.37109375 0.42558281249999996 0.3486328125 0.41784375 0.3349609375 0.42558281249999996 0.3056640625 0.4391234375 0.296875 0.48942031249999995 0.296875 0.5203703125 0.3046875 0.531978125 0.296875 0.5261750000000001 0.2822265625 0.49909218749999995 0.2783203125 0.5029609374999999 0.2666015625 0.4932890625 0.24609375 0.4623375 0.244140625 0.45846875000000004 0.248046875 0.4391234375 0.248046875 0.400434375 0.2578125 0.3424 0.236328125 0.27469375 0.2763671875 0.2514796875 0.2841796875 0.2514796875 0.2900390625 0.23407031250000002 0.298828125 0.20311875000000001 0.3046875 0.205053125 0.2998046875 0.19538125 0.296875 0.17216718749999999 0.310546875 0.127675 0.3154296875 0.07737812499999999 0.3564453125 0.069640625 0.3837890625 0.046426562500000004 0.4169921875 0.054165624999999995 0.4345703125 0.0367546875 0.4375 0 0.4619140625 0 0.5634765625
13 0.4294515625 0.6064453125 0.408171875 0.599609375 0.35400624999999997 0.60546875 0.340465625 0.6123046875 0.324990625 0.6552734375 0.332728125 0.6767578125 0.321121875 0.7177734375 0.3772203125 0.75 0.4313859375 0.748046875 0.45266406249999996 0.7333984375 0.4507296875 0.724609375 0.43332031249999997 0.6806640625 0.4294515625 0.6064453125
13 0.3191859375 0.658203125 0.324990625 0.6513671875 0.3133828125 0.6337890625 0.32305625 0.603515625 0.2785625 0.5576171875 0.2418078125 0.54296875 0.20698750000000002 0.544921875 0.1025265625 0.5703125 0.0889859375 0.5849609375 0.073509375 0.5908203125 0.073509375 0.6005859375 0.1199375 0.6396484375 0.14701875 0.6787109375 0.19538125 0.705078125 0.2456765625 0.705078125 0.2863 0.6943359375 0.2863 0.6708984375 0.3191859375 0.658203125
13 0 0.5634765625 0.0367546875 0.580078125 0.0638375 0.58203125 0.071575 0.58984375 0.0986578125 0.5703125 0.1508875 0.5556640625 0.1566921875 0.525390625 0.1663640625 0.5263671875 0.1702328125 0.5419921875 0.1799046875 0.548828125 0.19924999999999998 0.546875 0.19924999999999998 0.541015625 0.1586265625 0.5009765625 0.1624953125 0.4814453125 0.1547578125 0.4677734375 0.06770625 0.4609375 0.069640625 0.4306640625 0.056100000000000004 0.4296875 0 0.4599609375 0 0.5634765625
13 0.1663640625 0.3642578125 0.1779703125 0.3486328125 0.1779703125 0.3349609375 0.197315625 0.3232421875 0.19924999999999998 0.3046875 0.1837734375 0.30078125 0.17216718749999999 0.30859375 0.145084375 0.310546875 0.1121984375 0.3232421875 0.073509375 0.3603515625 0.069640625 0.3837890625 0.0425578125 0.4169921875 0.0444921875 0.431640625 0.06577187500000001 0.4248046875 0.06577187500000001 0.4150390625 0.07544375 0.41015625 0.14315 0.4091796875 0.1199375 0.3955078125 0.1663640625 0.3642578125
13 0.2959734375 0.4453125 0.2998421875 0.453125 0.34626875 0.4609375 0.340465625 0.4482421875 0.3559421875 0.4404296875 0.348203125 0.4345703125 0.3559421875 0.4267578125 0.32305625 0.419921875 0.321121875 0.4111328125 0.3424 0.400390625 0.36174531249999997 0.400390625 0.3656140625 0.388671875 0.34626875 0.38671875 0.33853125 0.392578125 0.3114484375 0.3828125 0.2437421875 0.3232421875 0.2321359375 0.3232421875 0.212790625 0.3388671875 0.208921875 0.3779296875 0.22052968750000002 0.4130859375 0.2360046875 0.4228515625 0.212790625 0.4306640625 0.214725 0.4375 0.2456765625 0.4375 0.272759375 0.447265625 0.2959734375 0.4453125
13 0.4313859375 0.419921875 0.392696875 0.421875 0.3675484375 0.4306640625 0.352071875 0.4677734375 0.3559421875 0.4794921875 0.36174531249999997 0.484375 0.3830234375 0.4853515625 0.44299218749999997 0.52734375 0.47394375 0.525390625 0.4952234375 0.5107421875 0.524240625 0.46875 0.5223046874999999 0.4462890625 0.4313859375 0.419921875
13 0.3907625 0.3095703125 0.4313859375 0.298828125 0.40236875000000005 0.2880859375 0.41784375 0.2646484375 0.38108906249999996 0.25390625 0.3578765625 0.23828125 0.3424 0.236328125 0.3056453125 0.2548828125 0.24761093750000002 0.2978515625 0.24761093750000002 0.3271484375 0.2998421875 0.373046875 0.34626875 0.380859375 0.41397500000000004 0.3564453125 0.41784375 0.3369140625 0.40236875000000005 0.3291015625 0.3907625 0.3095703125
3 0.2901703125 0.5166015625 0.2882359375 0.498046875 0.2785625 0.4892578125 0.28243125 0.4755859375 0.26695625 0.4619140625 0.2263328125 0.443359375 0.19924999999999998 0.439453125 0.193446875 0.4423828125 0.197315625 0.4580078125 0.1663640625 0.4794921875 0.1624953125 0.5048828125 0.193446875 0.5263671875 0.20118437500000003 0.5400390625 0.2263328125 0.54296875 0.276628125 0.52734375 0.2901703125 0.5166015625
3 0.4313859375 0.390625 0.392696875 0.380859375 0.37141718749999997 0.3935546875 0.37141718749999997 0.4033203125 0.38108906249999996 0.41015625 0.40430312500000004 0.400390625 0.4275171875 0.40625 0.4313859375 0.390625
3 0.208921875 0.3857421875 0.20698750000000002 0.375 0.1915125 0.3671875 0.1702328125 0.3818359375 0.19538125 0.390625 0.208921875 0.3857421875