6 0.150984375 0 0.1310390625 0.0372765625 0.1478453125 0.08103125 0.134640625 0.0692546875 0.1250359375 0.08271406249999999 0.133440625 0.067571875 0.11543125000000001 0.055790625 0.10822968749999999 0.08271406249999999 0.10342812500000001 0.05915625 0.057809374999999996 0.0692546875 0.05180625 0.0944953125 0.2198734375 0.101228125 0.3315203125 0.09281249999999999 0.35 0.0225 0.35 0 0.150984375 0
16 0.21557656249999999 0 0.2210734375 0.008670312500000001 0.24748437499999998 0.022134375 0.26309375 0.050740625 0.2558890625 0.0642046875 0.258290625 0.07429843750000001 0.2534875 0.0911296875 0.257090625 0.096178125 0.2798984375 0.0944953125 0.3147140625 0.09281249999999999 0.33031875 0.08103125 0.33752343749999997 0.0608390625 0.339925 0.030548437499999997 0.35 0.0121875 0.35 0 0.21557656249999999 0
13 0.010990625 0 0.010990625 0.0069859375 0.013389062500000002 0.017084375 0.02179375 0.028865625 0.043401562500000004 0.045692187499999995 0.0614109375 0.044009375 0.093821875 0.022134375 0.10859375 0 0.010990625 0
6 0.35 0 0.35 0.09826718749999999 0.356090625 0.09826718749999999 0.35847656250000004 0.0950828125 0.3620578125 0.0998578125 0.3596703125 0.1062234375 0.3596703125 0.11577343749999999 0.357284375 0.11895625000000001 0.357284375 0.12850625 0.354896875 0.1316875 0.3525109375 0.157153125 0.350125 0.1603359375 0.350125 0.17306875 0.35 0.173234375 0.35 0.1983671875 0.350125 0.19853281250000002 0.3525109375 0.21763125 0.357284375 0.2271796875 0.357284375 0.2367296875 0.3537046875 0.241503125 0.35 0.2365640625 0.35 0.4296875 1 0.4296875 1 0 0.35 0
6 0 0.5323203125 0.0036515625000000003 0.539996875 0.0309375 0.56150625 0.029231249999999997 0.5889890624999999 0.0394640625 0.5913781250000001 0.19805625 0.590184375 0.32254375 0.5889890624999999 0.35 0.5864234374999999 0.35 0.5112890625000001 0.3430078125 0.5125140625 0.3259546875 0.5244640625 0.3140171875 0.513709375 0.307196875 0.487421875 0.2986703125 0.48144687499999994 0.25433125 0.47666718750000003 0.237278125 0.46949687500000004 0.21340468750000002 0.47188749999999996 0.20999374999999998 0.47666718750000003 0.192940625 0.47905625 0.1758875 0.47666718750000003 0.1673609375 0.4802515625 0.170771875 0.48503125 0.16224531250000002 0.49100625000000003 0.1554234375 0.47905625 0.13155 0.47905625 0.1179078125 0.47427656249999994 0.1059703125 0.4802515625 0.104265625 0.4933953125 0.1281390625 0.4957859375 0.1349609375 0.4862265625 0.13666562499999999 0.4922015625 0.14519218750000001 0.4957859375 0.160540625 0.494590625 0.1554234375 0.5029546875 0.08380156250000001 0.500565625 0.06674843750000001 0.510125 0.05310625 0.498175 0.0394640625 0.4957859375 0.012178125 0.5029546875 0.0002421875 0.51131875 0 0.512334375 0 0.5323203125
6 0.35 1 0.35 0.936840625 0.3378921875 0.9319296874999999 0.34641875 0.92834375 0.3361859375 0.92834375 0.3242484375 0.9390984375 0.3242484375 0.9534375 0.31913281250000003 0.9546328125000001 0.2850265625 0.9259546875 0.2765 0.9271499999999999 0.27820625 0.9307343749999999 0.2867328125 0.9319296874999999 0.27820625 0.9450734375 0.271384375 0.9355140625 0.261153125 0.9355140625 0.249215625 0.9486578124999999 0.2406890625 0.9522421874999999 0.203171875 0.9355140625 0.17929843750000002 0.9331234374999999 0.13155 0.9594125 0.12643437500000002 0.9510484375000001 0.1400765625 0.9199796875 0.11449687500000001 0.8996671875000001 0.104265625 0.8972765624999999 0.09744375 0.8996671875000001 0.05310625 0.8948875 0.012178125 0.8972765624999999 0 0.9032500000000001 0 1 0.35 1
13 0.27544375 1 0.25603750000000003 0.9773359375 0.249215625 0.955828125 0.18952968750000002 0.9307343749999999 0.1724765625 0.9355140625 0.13666562499999999 0.955828125 0.0965484375 1 0.27544375 1
13 0.35 1 0.35 0.9235640625 0.3430078125 0.9235640625 0.327659375 0.9319296874999999 0.32254375 0.957021875 0.3037859375 0.9367093750000001 0.2884375 0.9259546875 0.2747953125 0.9235640625 0.249215625 0.943878125 0.249215625 0.9582171875000001 0.25603750000000003 0.9749453125 0.275290625 1 0.35 1
13 0.09218125 1 0.10938125000000001 0.9845046875 0.1400765625 0.9295390625 0.13666562499999999 0.9128109375 0.104265625 0.8972765624999999 0.0428734375 0.8948875 0.0207046875 0.9032515625 0.0104734375 0.9390984375 0.007062499999999999 0.97255625 0 0.9890515625 0 1 0.09218125 1
21 0.1400765625 0.5256578125 0.14689687499999998 0.5471671875 0.160540625 0.54955625 0.1844140625 0.5376078125 0.1912359375 0.5256578125 0.1912359375 0.5160984375 0.16565625 0.507734375 0.1520140625 0.510125 0.1400765625 0.5256578125
16 0 0.5324890625 0.013884375 0.551946875 0.054810937500000004 0.578234375 0.0633375 0.5889890624999999 0.10255937500000001 0.590184375 0.1127921875 0.58779375 0.11961250000000001 0.5662859375 0.08550624999999999 0.5423875 0.08209531249999999 0.52326875 0.07527500000000001 0.5160984375 0.046284375 0.4957859375 0.0053578125 0.5053453125 0 0.513603125 0 0.5324890625
13 0.283321875 0.5662859375 0.283321875 0.5567265625 0.26797343749999997 0.538803125 0.23386875 0.5268531249999999 0.22022499999999998 0.5268531249999999 0.1724765625 0.5435828125 0.1332546875 0.5830140625 0.1349609375 0.5889890624999999 0.2628578125 0.58779375 0.2867328125 0.5854046875 0.29014375000000003 0.5734546875000001 0.283321875 0.5662859375
13 0.35 0.555525 0.35 0.510125 0.34641875 0.510125 0.3208390625 0.532828125 0.3208390625 0.5376078125 0.3430078125 0.5483625 0.349828125 0.55553125 0.35 0.555525
13 0.2884375 0.5220734375 0.2986703125 0.52924375 0.31060625000000003 0.5304375 0.317428125 0.5184890625 0.307196875 0.48503125 0.30207968749999997 0.48144687499999994 0.2645640625 0.47666718750000003 0.237278125 0.4671078125 0.21340468750000002 0.46949687500000004 0.1912359375 0.47786249999999997 0.187825 0.49698125 0.20999374999999998 0.5268531249999999 0.250921875 0.5244640625 0.271384375 0.5268531249999999 0.27820625 0.5316328125 0.2799109375 0.52326875 0.2884375 0.5220734375
13 0.29014375000000003 0.571065625 0.30207968749999997 0.5794296875 0.31913281250000003 0.57465 0.3413015625 0.578234375 0.35 0.5706171875 0.35 0.555890625 0.3481234375 0.551946875 0.3157234375 0.5364125 0.2918484375 0.5316328125 0.2799109375 0.539996875 0.2799109375 0.551946875 0.29014375000000003 0.571065625
13 0.10255937500000001 0.52326875 0.0940328125 0.5244640625 0.08209531249999999 0.532828125 0.08209531249999999 0.5423875 0.1127921875 0.5638953124999999 0.1127921875 0.571065625 0.11961250000000001 0.5758453125 0.1230234375 0.5662859375 0.13155 0.5650906250000001 0.1434875 0.5567265625 0.13666562499999999 0.5471671875 0.1162015625 0.5352171875 0.11961250000000001 0.52326875 0.1503078125 0.5089296875 0.1383703125 0.5029546875 0.12131875 0.500565625 0.08039062500000001 0.500565625 0.0718640625 0.506540625 0.0718640625 0.51131875 0.08380156250000001 0.519684375 0.10255937500000001 0.52326875
13 0.1946453125 0.47547187500000004 0.1724765625 0.47427656249999994 0.1383703125 0.47905625 0.1332546875 0.48264218750000004 0.1332546875 0.494590625 0.1383703125 0.500565625 0.15371875 0.5017609375000001 0.16224531250000002 0.500565625 0.1724765625 0.49100625000000003 0.182709375 0.488615625 0.1946453125 0.47547187500000004
6 1 0.4296875 0.35 0.4296875 0.35 0.729196875 0.3943265625 0.733175 0.796240625 0.659078125 1 0.436646875 1 0.4296875
12 0.7605046875 0.5111609374999999 0.78608125 0.5278921875 0.810059375 0.48367187500000003 0.7844828125000001 0.4525984375 0.7528484375 0.4296875 0.46153750000000004 0.4296875 0.45837031250000004 0.531478125 0.5047312500000001 0.5422343749999999 0.6038421875 0.5350625 0.6310171875 0.5434296875 0.7125468749999999 0.5111609374999999 0.7605046875 0.5111609374999999