6 0.06275937499999999 0.4160390625 0.17231875000000002 0.4082203125 0.16640625 0.43919687500000004 0.191425 0.469625 0.2642875 0.4536390625 0.3037328125 0.41471875 0.3611640625 0.39018437499999997 0.379584375 0.463359375 0.41944375 0.48764375 0.4539671875 0.3841328125 0.43296250000000003 0.313940625 0.4493390625 0.24014687499999998 0.4404078125 0.21531562499999998 0.371475 0.21359374999999997 0.3696375 0.187165625 0.35594375 0.2315109375 0.3179078125 0.23805937500000002 0.318659375 0.20864531249999999 0.16683125000000001 0.146646875 0.09693437499999999 0.231678125 0.1296046875 0.284021875 0.109603125 0.2917265625 0.08370625000000001 0.3259953125 0.0654921875 0.3733578125 0.06275937499999999 0.4160390625
13 0.18756250000000002 0.29181875 0.2399 0.2512 0.2695484375 0.24773593749999998 0.281771875 0.2534015625 0.289534375 0.24444218750000002 0.29402343750000004 0.25024375 0.30695 0.2397234375 0.31992031249999997 0.21597499999999997 0.31672812499999997 0.20867968750000002 0.21640156250000003 0.1575328125 0.16683125000000001 0.146646875 0.146140625 0.166125 0.10145625 0.2286578125 0.10077031249999999 0.240428125 0.13993906250000002 0.2764875 0.17273750000000002 0.29355000000000003 0.18756250000000002 0.29181875
13 0.10078125 0.413896875 0.10980625 0.412265625 0.11693125 0.4018484375 0.11889687499999999 0.392996875 0.1182734375 0.3871265625 0.1099515625 0.372571875 0.1100484375 0.346109375 0.105575 0.335896875 0.0952875 0.3302015625 0.0791203125 0.34665625 0.07260156250000001 0.36735 0.066115625 0.37922656250000003 0.06021875 0.4057921875 0.063415625 0.4130859375 0.07307812500000001 0.412915625 0.07435625 0.4158328125 0.10078125 0.413896875
13 0.12087812499999999 0.37972968749999997 0.1260234375 0.382578125 0.13311718749999998 0.3809828125 0.154428125 0.367375 0.1582953125 0.36730625 0.167990625 0.3583171875 0.17185625 0.3582484375 0.181571875 0.3448453125 0.181634375 0.3272046875 0.1765546875 0.3067109375 0.168871875 0.29361875 0.160515625 0.2878859375 0.149540625 0.29396093749999996 0.1314890625 0.29722031250000003 0.1191875 0.31360625 0.11132656249999999 0.3490265625 0.1132265625 0.357815625 0.1112625 0.3666671875 0.12087812499999999 0.37972968749999997
13 0.19329687499999998 0.30935625 0.19713125 0.318109375 0.1970984375 0.32693125 0.20483125000000002 0.3267953125 0.21323281249999998 0.3192953125 0.229978125 0.3219390625 0.231253125 0.3248578125 0.2563828125 0.3244140625 0.2628390625 0.321359375 0.28159375 0.30191406249999997 0.2887359375 0.2870890625 0.29135625 0.27528125000000003 0.2804609375 0.2593046875 0.2650296875 0.25075625 0.24956406250000002 0.2510296875 0.246975 0.25401562499999997 0.22633437500000003 0.2602625 0.2192265625 0.26626875 0.19398593749999998 0.2975859375 0.19329687499999998 0.30935625
13 0.372590625 0.26061718749999996 0.370034375 0.25478125 0.36743281250000004 0.26217812500000004 0.3719203125 0.2679765625 0.370578125 0.2827015625 0.3660234375 0.2945453125 0.344009375 0.324334375 0.3400796875 0.34204375 0.3438828125 0.3596140625 0.34129375 0.3626015625 0.35215625 0.38740312499999996 0.3637375 0.3916046875 0.379584375 0.463359375 0.3962953125 0.47482499999999994 0.4046171875 0.48937656250000006 0.4175109375 0.48767812499999996 0.42786093750000004 0.4757375 0.42926875000000003 0.44337187499999997 0.4415859375 0.4225703125 0.4513484375 0.3959375 0.4533765625 0.369440625 0.4406296875 0.33144375 0.43165156250000003 0.3198453125 0.43299374999999996 0.30511875 0.4285203125 0.294909375 0.42210000000000003 0.2891421875 0.3982484375 0.2925046875 0.3982640625 0.28809375 0.40989375 0.27906718750000004 0.3989984375 0.26309062499999997 0.3925765625 0.25732343750000003 0.372590625 0.26061718749999996
13 0.29108125 0.3502609375 0.29943749999999997 0.35599375 0.30648125 0.36762656250000003 0.336771875 0.365621875 0.3406703125 0.356734375 0.3388015625 0.339125 0.3362453125 0.3332890625 0.335653125 0.3186015625 0.333084375 0.3171765625 0.3286265625 0.302553125 0.32089375000000003 0.3026890625 0.309328125 0.2940765625 0.3035921875 0.276534375 0.299728125 0.276603125 0.29066875 0.2870546875 0.28352656249999997 0.3018796875 0.27252031250000003 0.31677656249999997 0.2750578125 0.32702343749999996 0.2853484375 0.33271875 0.29108125 0.3502609375
13 0.317684375 0.29980625 0.330559375 0.30251875 0.33888124999999997 0.3170734375 0.34404218750000004 0.3155125 0.3588984375 0.3049578125 0.3679578125 0.2945109375 0.37581875 0.2590890625 0.3713453125 0.2488765625 0.35529062499999997 0.2344578125 0.347559375 0.2345953125 0.3365828125 0.24067031249999998 0.31531875 0.2410453125 0.306278125 0.2470875 0.30047812500000004 0.2471890625 0.296596875 0.25166875 0.29266562500000004 0.2693765625 0.29458281249999996 0.2737546875 0.30231718750000003 0.2736171875 0.3112609375 0.2940421875 0.317684375 0.29980625
13 0.22722812499999998 0.369028125 0.2349609375 0.368890625 0.248459375 0.3774734375 0.2561921875 0.3773375 0.2664796875 0.3830359375 0.2793734375 0.3813390625 0.3000453125 0.36627031250000003 0.2866265625 0.3356359375 0.2802046875 0.32986875000000004 0.2744046875 0.32997187499999997 0.273125 0.3270578125 0.2518609375 0.327434375 0.2505859375 0.324515625 0.2273890625 0.3249265625 0.22611093750000003 0.3220078125 0.2106453125 0.32228124999999996 0.206765625 0.3267609375 0.20863281250000001 0.3443671875 0.20663593750000003 0.362040625 0.2123875 0.37517187500000004 0.2201171875 0.375034375 0.22722812499999998 0.369028125
13 0.22240000000000001 0.4558453125 0.26235624999999996 0.4536734375 0.268809375 0.45061875 0.282390625 0.437146875 0.28373125 0.4224234375 0.2780125 0.40047187500000003 0.26582343750000004 0.3859890625 0.25422656250000003 0.38619375 0.2406625 0.39525156250000004 0.22388906249999999 0.40142812499999997 0.216778125 0.40743437499999996 0.21224062500000002 0.414865625 0.2083109375 0.43257500000000004 0.2121453125 0.44132812499999996 0.212096875 0.4545609375 0.215309375 0.457440625 0.22240000000000001 0.4558453125
13 0.268809375 0.45061875 0.279146875 0.44308437500000003 0.2837 0.4312421875 0.2799296875 0.4048484375 0.26582343750000004 0.3859890625 0.25229375 0.38622812500000003 0.2193671875 0.4044484375 0.181984375 0.40804999999999997 0.1781015625 0.4125296875 0.174171875 0.43023749999999994 0.173453125 0.450834375 0.17982499999999998 0.4698296875 0.19271875 0.46813281250000005 0.20757656249999998 0.45757812500000006 0.268809375 0.45061875
13 0.3771125 0.257596875 0.3925765625 0.25732343750000003 0.40797656250000003 0.27469062499999997 0.41313750000000005 0.273128125 0.41962343750000003 0.26125625 0.4216203125 0.24357812499999998 0.41842499999999994 0.2362828125 0.41455937499999995 0.23635156249999997 0.41264375 0.231978125 0.4107421875 0.22319062500000003 0.412053125 0.21728593749999997 0.4075796875 0.20707343749999998 0.39018281250000003 0.20738125 0.3811390625 0.213421875 0.3734078125 0.213559375 0.3598265625 0.22703125000000002 0.3585171875 0.23293593750000002 0.3617125 0.24022656250000002 0.37006875 0.24595937499999998 0.3771125 0.257596875