6 0.6734703125 0.2501234375 0.6677421875 0.2518359375 0.66086875 0.23813125 0.6562859375000001 0.2518359375 0.6482671875 0.2501234375 0.6482671875 0.22271093749999998 0.6356671875 0.190159375 0.608175 0.19701249999999998 0.5875546875000001 0.17302656249999998 0.578390625 0.17302656249999998 0.5749546875 0.1439 0.58411875 0.12334218749999999 0.5726625000000001 0.0822234375 0.562353125 0.0633765625 0.5302781249999999 0.056523437499999996 0.5188234375 0.04281875 0.4867484375 0.04281875 0.4065609375 0.0051265625 0.3836515625 0.04281875 0.3424125 0.06680312499999999 0.3332484375 0.05995 0.24847812500000002 0.05995 0.22556875 0.10106875 0.20838593749999998 0.11648906249999999 0.1923484375 0.15760625 0.183184375 0.2090046875 0.1625640625 0.23984375 0.1694375 0.274109375 0.155690625 0.3118015625 0.1625640625 0.3631984375 0.155346875 0.46875 0.7234234374999999 0.46875 0.706690625 0.44372187500000004 0.6803421875 0.44200937500000004 0.6940890625 0.366625 0.6780515625 0.308375 0.682634375 0.2980953125 0.6734703125 0.2501234375
13 0.46612968749999995 0.162746875 0.4844578125 0.17645312500000002 0.49476718750000004 0.1747390625 0.5153875 0.12676875 0.5153875 0.09935625000000001 0.5027859375 0.09078906249999999 0.47300156250000003 0.10106875 0.45352812499999995 0.12334218749999999 0.46612968749999995 0.162746875
13 0.5085140625 0.15760625 0.5234046875 0.1867328125 0.5394421875 0.1935859375 0.5486078125 0.2141453125 0.556625 0.2158578125 0.570371875 0.178165625 0.5337156249999999 0.150753125 0.5405890624999999 0.1370484375 0.5211140624999999 0.10106875 0.5085140625 0.15760625
6 0.7296875 0 0.7296875 0.46875 1 0.46875 1 0 0.7296875 0
6 0.7296875 1 0.7296875 0.5831296874999999 0.721671875 0.579596875 0.6996 0.5818859375 0.6701703125 0.5933312500000001 0.6444203125 0.57501875 0.53038125 0.5155031250000001 0.4935953125 0.5109250000000001 0.44761249999999997 0.534959375 0.42002187500000004 0.5658624999999999 0.40898593749999995 0.5681515625 0.40162812499999995 0.5658624999999999 0.394271875 0.570440625 0.38323593749999996 0.570440625 0.37955625 0.57501875 0.3611640625 0.570440625 0.2802328125 0.5361046875000001 0.2544828125 0.5292375 0.1441234375 0.5727296875000001 0.09814062500000001 0.6127875 0.057675 0.6677265625000001 0.057675 0.6814609375 0.0723890625 0.688328125 0.08894375 0.70320625 0.105496875 0.706640625 0.10181875 0.71121875 0.07055 0.7100734375 0.0411203125 0.7146515625000001 0.0061734375 0.734109375 0 0.7408328125 0 0.7989390625 0.02640625 0.815371875 0.05215625 0.8176609375 0.0723890625 0.8256718749999999 0.0411203125 0.833684375 0.0208890625 0.8462734375000001 0.0061734375 0.8691640625 0.0061734375 0.8828984375 0 0.8836671875000001 0 0.9907796875000001 0.0080125 0.99391875 0.048478125 0.9984968750000001 0.05008749999999999 1 0.7296875 1
21 0 0.9909046874999999 0.022728125 0.9962078125 0.0723890625 0.9950640625 0.1220515625 0.9916296875 0.14044375 0.9870515624999999 0.1882671875 0.9870515624999999 0.2066609375 0.9824734375 0.2544828125 0.980184375 0.269196875 0.9710281249999999 0.2986265625 0.9641609375 0.2967875 0.9538609375 0.3078234375 0.9492828125000001 0.3078234375 0.9401265625 0.30414375 0.9195249999999999 0.2986265625 0.925246875 0.2931078125 0.924103125 0.2967875 0.8920546874999999 0.28942968750000003 0.880609375 0.269196875 0.8725984375 0.2544828125 0.8748875 0.23976875 0.86573125 0.21033906249999998 0.86573125 0.0852640625 0.8771765625000001 0.074228125 0.8817546875 0 0.8853078125 0 0.9909046874999999
21 0.2967875 0.7386874999999999 0.2967875 0.7547109375 0.3078234375 0.7730234375 0.3427703125 0.797059375 0.36484218749999997 0.8062156249999999 0.3961109375 0.8050703125 0.4788796875 0.7787468750000001 0.48991562499999997 0.7718796875 0.5193453124999999 0.769590625 0.5414171875 0.753565625 0.5763640624999999 0.7363984375 0.5910796875 0.71121875 0.5910796875 0.69290625 0.583721875 0.6814609375 0.5598109375 0.6642921875 0.5414171875 0.657425 0.48991562499999997 0.6551359375 0.3611640625 0.6940500000000001 0.318859375 0.71121875 0.2967875 0.7386874999999999
21 0.7249046875 1 0.7296875 0.9986109375 0.7296875 0.8384328125 0.7290281249999999 0.8382625000000001 0.6959203125 0.8382625000000001 0.653615625 0.8554296875 0.6389015625 0.8691640625 0.6168296875 0.9080796875000001 0.5763640624999999 0.9538609375 0.565328125 0.9607281249999999 0.5469359375 0.9859078125 0.548775 0.99391875 0.578203125 0.9962078125 0.589171875 1 0.7249046875 1
21 0 0.799490625 0.0153703125 0.81079375 0.066871875 0.8222390624999999 0.1441234375 0.8268171875 0.1625171875 0.833684375 0.173553125 0.8313953125 0.17723125 0.8382625000000001 0.1827484375 0.8371171875 0.1845890625 0.8313953125 0.195625 0.833684375 0.19010625 0.8371171875 0.195625 0.8405515625 0.21217812500000002 0.83940625 0.24712499999999998 0.8313953125 0.2710359375 0.8096484374999999 0.2710359375 0.779890625 0.2544828125 0.762721875 0.1845890625 0.7375421875 0.15147968750000002 0.7421203125 0.1257296875 0.73983125 0.09262187499999999 0.7123625 0.048478125 0.7123625 0.0061734375 0.734109375 0 0.7417921875 0 0.799490625
21 0.0061734375 0.880609375 0.039281250000000004 0.880609375 0.07790781249999999 0.8771765625000001 0.0963 0.870309375 0.1441234375 0.8725984375 0.17723125 0.8680203125 0.1919453125 0.8634421874999999 0.20482031250000002 0.8554296875 0.20482031250000002 0.8508515624999999 0.1257296875 0.8268171875 0.11469375 0.82910625 0.0631921875 0.8268171875 0.0411203125 0.833684375 0.017209375 0.8485625000000001 0.009853125 0.8577187500000001 0.0061734375 0.880609375
21 0.3622953125 1 0.3427703125 0.9710281249999999 0.2949484375 0.9733171875 0.269196875 0.980184375 0.2360890625 0.9824734375 0.21033906249999998 0.989340625 0.193209375 1 0.3622953125 1
21 0.5239921875 1 0.54325625 0.9950640625 0.5469359375 0.979040625 0.5763640624999999 0.951571875 0.5726859375 0.9355484374999999 0.552453125 0.9229578125 0.5119875 0.9435593750000001 0.5009515625 0.9458484374999999 0.49175625 0.942415625 0.5027921875 0.92868125 0.521184375 0.9172359374999999 0.49727343749999997 0.9115125000000001 0.41266406250000004 0.9138015625 0.3869140625 0.9229578125 0.370359375 0.9332593749999999 0.3519671875 0.9584390624999999 0.3519671875 0.98361875 0.363003125 0.9996421874999999 0.363578125 1 0.5239921875 1
21 0.6205078125 0.6562812499999999 0.583721875 0.7272421875 0.583721875 0.7547109375 0.5910796875 0.76615625 0.6223484375 0.7856140625 0.6517765625 0.79248125 0.69408125 0.7913359375 0.7179921874999999 0.7856140625 0.7296875 0.7783359375 0.7296875 0.63755 0.70695625 0.6322453125 0.677528125 0.6322453125 0.659134375 0.634534375 0.6480984375000001 0.6414015625 0.6407406250000001 0.6414015625 0.6205078125 0.6562812499999999
21 0.627865625 0.633390625 0.627865625 0.6448359375 0.633384375 0.6459796875 0.6444203125 0.6391125 0.6701703125 0.6322453125 0.70695625 0.6322453125 0.7296875 0.63853125 0.7296875 0.582921875 0.721671875 0.579596875 0.6922421875 0.584175 0.672009375 0.594475 0.66833125 0.6013421875 0.6389015625 0.62194375 0.627865625 0.633390625
21 0.6021156249999999 0.6127875 0.609471875 0.633390625 0.6168296875 0.6356796874999999 0.6425796874999999 0.6196546875 0.672009375 0.5921859375 0.548775 0.5223703125 0.534059375 0.5155031250000001 0.4935953125 0.5086359375 0.44393281250000005 0.5395375 0.425540625 0.5624281250000001 0.4310578125 0.5658624999999999 0.445771875 0.5658624999999999 0.4604875 0.561284375 0.48991562499999997 0.561284375 0.50463125 0.5658624999999999 0.5855609375 0.6024875 0.6021156249999999 0.6127875
18 0.053996875 0.67459375 0.053996875 0.679171875 0.09262187499999999 0.70320625 0.105496875 0.706640625 0.1091765625 0.7249531250000001 0.1257296875 0.7375421875 0.15515937500000002 0.73983125 0.18090937499999998 0.7329640625 0.243446875 0.75814375 0.256321875 0.7592890625 0.30414375 0.7180859374999999 0.363003125 0.688328125 0.370359375 0.6768828124999999 0.410825 0.6425468750000001 0.43289687499999996 0.6059203125 0.43289687499999996 0.6013421875 0.42002187500000004 0.5933312500000001 0.261840625 0.5292375 0.2544828125 0.5292375 0.195625 0.5544171875 0.1698734375 0.561284375 0.13124843749999998 0.580740625 0.09814062500000001 0.6127875 0.053996875 0.67459375
21 0.3625046875 1 0.3519671875 0.9881968750000001 0.3464484375 0.9710281249999999 0.30598437500000003 0.9733171875 0.287590625 0.9710281249999999 0.26551874999999997 0.980184375 0.21033906249999998 0.989340625 0.193209375 1 0.3625046875 1
16 0.68120625 0.7947703125000001 0.6407406250000001 0.79248125 0.61866875 0.7856140625 0.5984359375 0.7753125 0.5763640624999999 0.7501328125 0.570846875 0.7489874999999999 0.548775 0.7604328125 0.5377390625 0.7604328125 0.5322203125 0.7638671875 0.5322203125 0.7730234375 0.5230234375 0.7764578125 0.5119875 0.7787468750000001 0.50463125 0.7741687500000001 0.4935953125 0.7741687500000001 0.39794999999999997 0.8085046874999999 0.35748437499999997 0.81079375 0.2765546875 0.8382625000000001 0.2581609375 0.8405515625 0.195625 0.8634421874999999 0.2066609375 0.8680203125 0.23976875 0.86573125 0.25080468749999996 0.8725984375 0.2765546875 0.8725984375 0.282071875 0.8760312499999999 0.2857515625 0.880609375 0.282071875 0.8828984375 0.2857515625 0.8851875 0.2857515625 0.9630171875 0.2986265625 0.9687390625000001 0.318859375 0.9675953125 0.3427703125 0.9618718749999999 0.3519671875 0.95615 0.36668124999999996 0.9332593749999999 0.394271875 0.9183796875000001 0.4237 0.9115125000000001 0.46784375 0.9115125000000001 0.49727343749999997 0.906934375 0.5193453124999999 0.897778125 0.5671671875000001 0.8863328125000001 0.6554562500000001 0.8497078124999999 0.6867234375 0.8256718749999999 0.690403125 0.8142265625 0.6867234375 0.798203125 0.68120625 0.7947703125000001
21 0.41634374999999996 0.66658125 0.4347359375 0.6688703125 0.482559375 0.6551359375 0.53038125 0.6551359375 0.5634890625 0.6642921875 0.5818828125 0.6780265625 0.5910796875 0.6768828124999999 0.6021156249999999 0.6631484375000001 0.609471875 0.63796875 0.6021156249999999 0.6150765625 0.5892390625 0.6047765625 0.48991562499999997 0.561284375 0.4494515625 0.5635734375 0.42002187500000004 0.5727296875000001 0.407146875 0.580740625 0.407146875 0.5876078125 0.4365765625 0.6013421875 0.43289687499999996 0.6150765625 0.407146875 0.6471250000000001 0.407146875 0.6562812499999999 0.41634374999999996 0.66658125
15 0.614990625 0.8817546875 0.6389015625 0.871453125 0.6425796874999999 0.8645859375 0.633384375 0.8634421874999999 0.6113109375 0.8725984375 0.5119875 0.925246875 0.49175625 0.942415625 0.4935953125 0.9458484374999999 0.5027921875 0.9447046875 0.5156671875 0.9412703125 0.578203125 0.906934375 0.614990625 0.8817546875
21 0.3170203125 0.8199500000000001 0.32805625 0.8199500000000001 0.363003125 0.8073593750000001 0.318859375 0.78446875 0.2967875 0.757 0.2967875 0.7409765625 0.287590625 0.73983125 0.2673578125 0.7547109375 0.2673578125 0.770734375 0.282071875 0.8004921875000001 0.3078234375 0.8165156250000001 0.30414375 0.8233828125 0.3151796875 0.8233828125 0.3170203125 0.8199500000000001
6 1 0.49265468749999997 0.9588390625000001 0.5167828125 0.9554109375 0.5751125 0.927959375 0.5796890625 0.9119468749999999 0.5362250000000001 0.7335281250000001 0.5979859375000001 0.7296875 0.6025578125 0.7296875 0.682159375 0.9245281249999999 0.7180765625000001 1 0.7019515625 1 0.49265468749999997
6 1 0.46875 0.8236203124999999 0.46875 0.8317078125 0.493909375 0.783671875 0.5716796875 0.7296875 0.60710625 0.7296875 1 1 1 1 0.46875