6 0.1950875 0 0.17970625 0.027437499999999997 0.11554374999999999 0.006159375 0.0734375 0.045679687499999996 0.0062671875 0.1505546875 0.014285937500000002 0.190075 0.00225625 0.2295953125 0.025315625 0.249353125 0.088475 0.2539140625 0.15965625 0.231115625 0.2338421875 0.2341546875 0.242865625 0.2052765625 0.230834375 0.156634375 0.27895625 0.1505546875 0.25890625 0.14447812499999999 0.2669265625 0.11711562499999999 0.255896875 0.106478125 0.2819640625 0.118634375 0.31404375 0.082159375 0.3381046875 0.0912765625 0.34311875000000003 0.0806390625 0.3190578125 0.0046390625 0.30903281250000003 0.0046390625 0.3110390625 0.05023593750000001 0.2899828125 0.0487203125 0.285975 0.0730390625 0.2829671875 0.0046390625 0.274553125 0 0.233309375 0 0.2278265625 0.030478125000000002 0.22708124999999998 0 0.1950875 0
6 0 0.6796875 0.0223078125 0.6796875 0.0223078125 0.6673453125 0.034335937500000004 0.670384375 0.034628124999999996 0.6796875 0.045128125000000005 0.6796875 0.0443625 0.6460671875 0 0.64716875 0 0.6796875
6 0 0.57576875 0.023309375 0.565509375 0.034335937500000004 0.5427078125 0.0363421875 0.48495 0.023309375 0.45911093750000004 0 0.4540609375 0 0.57576875
6 0.5520734375 0 0.5487546875 0.0097015625 0.5126609375 0.004315625 0.4966203125 0.0662453125 0.4565203125 0.1254796875 0.45050468749999995 0.1631765625 0.4390625 0.16146875 0.4390625 0.543153125 0.6051765625 0.6796875 0.7544390625 0.6796875 0.7753265625 0.5939796875 0.80640625 0.5495546874999999 0.8304671875 0.5414765625 0.897634375 0.4378125 0.9036500000000001 0.4162734375 0.8956312499999999 0.4028125 0.9297171875 0.3247265625 0.94575625 0.1631765625 0.98185 0.16048437499999998 0.9838531250000001 0.10932656249999999 0.9427734375 0 0.5520734375 0
17 0.7434734375 0 0.6971296875 0.0447046875 0.7171796875 0.0904765625 0.719184375 0.1174046875 0.761290625 0.19010156250000002 0.7873578125 0.287034375 0.8094140624999999 0.3085734375 0.8525218750000001 0.247990625 0.9066578125 0.2102953125 0.919690625 0.16048437499999998 0.9016453125 0.07162968750000001 0.8758953125 0 0.7434734375 0
14 0.46654687499999997 0.5589765625 0.4976234375 0.589940625 0.5688046875 0.6343703125 0.58484375 0.5697484375 0.6028890625 0.5508984375 0.665046875 0.4162734375 0.6199328125 0.377234375 0.5337140625 0.3260734375 0.47857656249999997 0.502434375 0.46654687499999997 0.5589765625
17 0.457521875 0.1726015625 0.4414828125 0.16182968749999999 0.4390625 0.16144843749999999 0.4390625 0.40340156250000003 0.45050468749999995 0.3974265625 0.46253593750000005 0.3570375 0.4926109375 0.295109375 0.4966203125 0.26818437500000003 0.46855156249999996 0.187409375 0.457521875 0.1726015625
17 0.4986265625 0.260109375 0.521684375 0.2883796875 0.52970625 0.29107343750000003 0.5397296875 0.3126125 0.5467484375 0.311265625 0.5838421874999999 0.2883796875 0.5928656250000001 0.27626249999999997 0.6048953125 0.20625468749999998 0.6048953125 0.1793296875 0.5888546875 0.130865625 0.5607828125000001 0.10663437499999999 0.5427375 0.0743234375 0.538728125 0.0473984375 0.5317109375 0.043359375 0.4996296875 0.06489843749999999 0.472559375 0.0985546875 0.45451406250000004 0.130865625 0.45050468749999995 0.16048437499999998 0.47055468749999996 0.187409375 0.4845921875 0.233184375 0.4986265625 0.260109375
17 0.636978125 0.3705015625 0.6470015625000001 0.338190625 0.6510125 0.3058796875 0.657028125 0.2978015625 0.663040625 0.2520296875 0.6911125 0.1739484375 0.705146875 0.1497125 0.7071531249999999 0.12817343750000001 0.7001375000000001 0.121440625 0.6620390625 0.12413437499999999 0.6309609375 0.15509843750000002 0.6269515625000001 0.2008734375 0.6048953125 0.230490625 0.5928656250000001 0.287034375 0.5748203125 0.3058796875 0.6199328125 0.3664625 0.636978125 0.3705015625
17 0.8856046875000001 0.4593546875 0.9036500000000001 0.4162734375 0.8224453125 0.3422296875 0.7883609375 0.29914843750000003 0.778334375 0.2964546875 0.7472546875 0.367809375 0.7252015625 0.39204062500000003 0.73321875 0.42435156249999995 0.6971296875 0.4889734375 0.7021421875 0.4957015625 0.7241984375 0.4983953125 0.74224375 0.5172453124999999 0.7582828125 0.5145515625 0.78234375 0.536090625 0.8174328125000001 0.553590625 0.8856046875000001 0.4593546875
17 0.6820921875 0.466084375 0.6520140624999999 0.45800937499999994 0.622940625 0.5078203125 0.6109109375 0.548209375 0.5968765625 0.572440625 0.6169265625 0.5859015624999999 0.6249453125 0.6235984375 0.6028890625 0.6720625 0.612484375 0.6796875 0.7558421875 0.6796875 0.761290625 0.6235984375 0.803396875 0.5508984375 0.7663046875 0.5253203125 0.7382328125 0.5199374999999999 0.7021421875 0.4983953125 0.6820921875 0.466084375
17 0.5513281250000001 0 0.5487546875 0.007009375 0.5507593749999999 0.023165625000000002 0.558778125 0.0285515625 0.556771875 0.08778749999999999 0.5678015624999999 0.113365625 0.5898578125 0.1295203125 0.620934375 0.130865625 0.6389828125 0.1174046875 0.657028125 0.0743234375 0.6590328125 0.0447046875 0.6530171874999999 0.0285515625 0.6519546875 0 0.5513281250000001 0
13 0.878096875 0 0.8795890625 0.007009375 0.8996390625 0.05547656250000001 0.9076609375 0.10124843750000001 0.9237015625 0.15779062500000002 0.9327249999999999 0.16182968749999999 0.9447546875 0.1537515625 0.9547812499999999 0.167215625 0.9778390625 0.1658703125 0.9858578124999999 0.1524046875 0.9858578124999999 0.10932656249999999 0.9778390625 0.08509531249999999 0.9658078124999999 0.07162968750000001 0.944471875 0 0.878096875 0
13 0.9437515624999999 0.19010156250000002 0.9477625 0.1685625 0.9447546875 0.151059375 0.939740625 0.15509843750000002 0.9357328125000001 0.1658703125 0.9277109375 0.20356562500000003 0.911671875 0.23856562499999998 0.90565625 0.260109375 0.9036500000000001 0.33280468750000003 0.9106687499999999 0.3449234375 0.919690625 0.3462703125 0.9277109375 0.32742031250000003 0.9417453124999999 0.2358734375 0.9437515624999999 0.19010156250000002
13 0.677078125 0.311265625 0.6820921875 0.30453437499999997 0.7101609375 0.29914843750000003 0.7743234375 0.29376250000000004 0.7813421875000001 0.284340625 0.7753265625 0.23856562499999998 0.7552749999999999 0.184715625 0.73321875 0.1416375 0.7181828125 0.12413437499999999 0.7111640625 0.1254796875 0.705146875 0.1497125 0.6911125 0.1739484375 0.6871031249999999 0.19279531249999998 0.665046875 0.24664531250000002 0.6590328125 0.29241562499999996 0.6660484375 0.30453437499999997 0.677078125 0.311265625
12 0.7071531249999999 0.3974265625 0.7111640625 0.3839625 0.7091578125 0.3624234375 0.7031453125 0.348959375 0.6941203125000001 0.3422296875 0.672065625 0.3422296875 0.6660484375 0.3449234375 0.657028125 0.3570375 0.6530171874999999 0.3705015625 0.655021875 0.39473437499999997 0.670059375 0.412234375 0.6760765625 0.4149265625 0.6891078125 0.41357968749999996 0.69813125 0.409540625 0.7071531249999999 0.3974265625