6 0 0 0 0.3390625 0.5623046875 0.3390625 0.567965625 0.3297140625 0.609375 0.2613546875 0.609375 0.1348328125 0.5583625 0.094196875 0.4949859375 0.1256 0.4536953125 0.1949453125 0.4104828125 0.16746875 0.43640937500000004 0.0667203125 0.40279999999999994 0.0156921875 0.345184375 0.017 0.23955625 0.094196875 0.2414765625 0.028776562500000002 0.2574078125 0 0 0
3 0.24924062500000002 0.1065765625 0.2420734375 0.11355156250000001 0.2297890625 0.180515625 0.255384375 0.2014421875 0.260503125 0.200046875 0.27688437499999996 0.17772656250000002 0.270740625 0.147034375 0.270740625 0.1163421875 0.263575 0.1065765625 0.24924062500000002 0.1065765625
3 0.3045265625 0.1986515625 0.31169375 0.19725781250000002 0.3096453125 0.18330625 0.306575 0.1791203125 0.28814531250000003 0.1791203125 0.2697171875 0.18749218750000002 0.26255 0.205628125 0.2645984375 0.219578125 0.2717640625 0.22934375 0.29019375 0.2405046875 0.303503125 0.239109375 0.30145468750000004 0.205628125 0.3045265625 0.1986515625
16 0.28405 0.15121875 0.297359375 0.1498234375 0.308621875 0.1456390625 0.3690265625 0.082859375 0.3813125 0.049378125 0.3915515625 0.035426562499999995 0.3884796875 0.0228703125 0.3802890625 0.020081250000000002 0.374146875 0.0228703125 0.3720984375 0.0284515625 0.3475265625 0.0312421875 0.3311453125 0.0507734375 0.2748359375 0.102390625 0.2727890625 0.127503125 0.27893124999999996 0.14424375 0.28405 0.15121875
17 0.1970265625 0.2809625 0.184740625 0.2558515625 0.1806453125 0.2307390625 0.163240625 0.212603125 0.136621875 0.1958625 0.130478125 0.1958625 0.12126406249999999 0.219578125 0.119215625 0.2502703125 0.140715625 0.26840625 0.1939546875 0.3018890625 0.1970265625 0.30049375 0.194978125 0.2949140625 0.1970265625 0.2809625
17 0.455028125 0.2307390625 0.449909375 0.22655468750000002 0.417146875 0.22655468750000002 0.3782421875 0.2405046875 0.346503125 0.258640625 0.34240781249999996 0.2809625 0.3505984375 0.303284375 0.3566578125 0.3390625 0.471409375 0.3390625 0.471409375 0.322815625 0.4673140625 0.3144453125 0.4693609375 0.244690625 0.4662890625 0.2405046875 0.4560515625 0.2432953125 0.455028125 0.2307390625
17 0.519528125 0.2795671875 0.5011 0.2795671875 0.48471875000000003 0.2739875 0.47447968749999997 0.2739875 0.471409375 0.278171875 0.4673140625 0.2893328125 0.4673140625 0.3088640625 0.47345625 0.3256046875 0.471409375 0.336765625 0.47309375 0.3390625 0.5307906250000001 0.3390625 0.5307906250000001 0.3256046875 0.5266953125 0.3256046875 0.5266953125 0.317234375 0.5226 0.3116546875 0.524646875 0.2865421875 0.519528125 0.2795671875
17 0.4857421875 0.200046875 0.49905156249999993 0.212603125 0.51748125 0.2181828125 0.5400046875 0.232134375 0.54921875 0.2307390625 0.546146875 0.2209734375 0.5226 0.2028375 0.524646875 0.18330625 0.5400046875 0.17075 0.5809578125 0.16796093750000002 0.58198125 0.163775 0.529765625 0.12331718750000001 0.521575 0.12331718750000001 0.514409375 0.147034375 0.509290625 0.15121875 0.5051953124999999 0.1456390625 0.49597968750000004 0.160984375 0.4877890625 0.18330625 0.4857421875 0.200046875
17 0.0244453125 0 0.025025 0.004734375 0.021953125 0.0089203125 0.00966875 0.0061296875 0 0.01008125 0 0.06772343750000001 0.032192187500000004 0.07030468749999999 0.0485734375 0.059143749999999995 0.05266875 0.0507734375 0.0792875 0.0479828125 0.082359375 0.041007812500000004 0.06290625 0.0117109375 0.0506203125 0.0005499999999999999 0.044478125 0.0005499999999999999 0.044074999999999996 0 0.0244453125 0
3 0.1422171875 0.3390625 0.1833046875 0.3390625 0.184740625 0.3339765625 0.184740625 0.322815625 0.17347812499999998 0.3158390625 0.146859375 0.31305 0.141740625 0.322815625 0.1422171875 0.3390625
17 0.0424296875 0.1819109375 0.029120312500000002 0.200046875 0.029120312500000002 0.2112078125 0.006596875 0.239109375 0.00966875 0.248875 0.0240015625 0.2572453125 0.029120312500000002 0.2558515625 0.0536921875 0.205628125 0.059834374999999995 0.1888859375 0.05881093750000001 0.1819109375 0.0424296875 0.1819109375
17 0.23593125 0.2474796875 0.2338828125 0.258640625 0.2523125 0.258640625 0.2584546875 0.2558515625 0.26255 0.2419 0.24719375000000002 0.22934375 0.24105 0.22934375 0.2338828125 0.239109375 0.23593125 0.2474796875
16 0.19744843750000002 0 0.19293125 0.007525 0.1888359375 0.029846875000000002 0.1908828125 0.041007812500000004 0.17859687500000002 0.088440625 0.17859687500000002 0.09960156249999999 0.1837171875 0.11215625 0.20112187499999998 0.1163421875 0.21955 0.08007031249999999 0.22774062499999997 0.035426562499999995 0.22569374999999997 0.0131046875 0.210946875 0 0.19744843750000002 0
13 0.061882812499999995 0.180515625 0.059834374999999995 0.19725781250000002 0.0639296875 0.2084171875 0.059834374999999995 0.2335296875 0.0639296875 0.244690625 0.0639296875 0.26143125 0.0751921875 0.2851484375 0.0833828125 0.2823578125 0.0936203125 0.271196875 0.092596875 0.2865421875 0.0966921875 0.2865421875 0.1161453125 0.2823578125 0.1233109375 0.2698015625 0.125359375 0.26143125 0.11716875 0.2502703125 0.11716875 0.244690625 0.125359375 0.19725781250000002 0.1294546875 0.1888859375 0.1294546875 0.1749359375 0.1376453125 0.163775 0.13866875 0.1456390625 0.1161453125 0.15121875 0.089525 0.15121875 0.071096875 0.1651703125 0.061882812499999995 0.180515625
6 0 0.8903484374999999 0.053946875000000005 0.8903484374999999 0.0561640625 0.889325 0.058381249999999996 0.8882999999999999 0.0805609375 0.8882999999999999 0.084996875 0.886253125 0.0983046875 0.886253125 0.1027390625 0.8842046874999999 0.1426625 0.8842046874999999 0.147096875 0.8821562500000001 0.16484062500000002 0.8821562500000001 0.1692765625 0.880109375 0.182584375 0.880109375 0.1870203125 0.8780609374999999 0.20476250000000001 0.8780609374999999 0.2091984375 0.8760140625 0.22250625 0.8760140625 0.2269421875 0.873965625 0.23581249999999998 0.873965625 0.24024843749999997 0.8719171875 0.244684375 0.8719171875 0.24912031250000002 0.8698703125 0.2579921875 0.8698703125 0.262428125 0.867821875 0.2713 0.867821875 0.27573593750000003 0.8657734375 0.28460625 0.8657734375 0.2890421875 0.8637265624999999 0.293478125 0.8637265624999999 0.29791406249999997 0.8616781250000001 0.30235 0.8616781250000001 0.3067859375 0.8596296875 0.311221875 0.8596296875 0.31565781249999997 0.8575828124999999 0.324528125 0.8575828124999999 0.3289640625 0.8555343750000001 0.33340000000000003 0.8555343750000001 0.3378359375 0.8534859375 0.342271875 0.8534859375 0.3467078125 0.8514390625000001 0.35114375 0.8514390625000001 0.360015625 0.8473421875 0.3688859375 0.8473421875 0.37332187499999997 0.8452953125 0.38662968750000004 0.8452953125 0.39106562500000003 0.843246875 0.3955015625 0.843246875 0.4154625 0.83403125 0.4154625 0.8319828125000001 0.4198984375 0.8299359374999999 0.4198984375 0.8278874999999999 0.42433437500000004 0.8258390625 0.42433437500000004 0.8237921874999999 0.42877031250000003 0.8217437500000001 0.42877031250000003 0.8196953125 0.43320468749999996 0.8176484374999999 0.43320468749999996 0.8115046875 0.43764062499999995 0.80945625 0.43764062499999995 0.8053609375 0.4442953125 0.8022890625000001 0.4842171875 0.8022890625000001 0.488653125 0.8043374999999999 0.528575 0.8043374999999999 0.5330109375000001 0.8022890625000001 0.537446875 0.8022890625000001 0.5418828125 0.800240625 0.5463171874999999 0.800240625 0.552971875 0.79716875 0.552971875 0.795121875 0.5574078124999999 0.7930734375 0.5574078124999999 0.791025 0.56184375 0.7889781250000001 0.56184375 0.78488125 0.566278125 0.782834375 0.566278125 0.7664500000000001 0.56184375 0.7644031250000001 0.56184375 0.76030625 0.5574078124999999 0.758259375 0.5574078124999999 0.7562109375 0.5463171874999999 0.751090625 0.5330109375000001 0.751090625 0.528575 0.74904375 0.5241390625 0.74904375 0.5219203125 0.7480187500000001 0.5219203125 0.73573125 0.5174859374999999 0.7336843749999999 0.5174859374999999 0.7295890625 0.5152671875 0.7285640625 0.5108312500000001 0.7285640625 0.5041781249999999 0.7254921875 0.5041781249999999 0.7234453125 0.4997421875 0.721396875 0.4997421875 0.7193484375 0.5041781249999999 0.7173015625 0.5041781249999999 0.7091093749999999 0.5219203125 0.7009171875 0.5219203125 0.6988703125 0.5352281249999999 0.6927265625000001 0.5352281249999999 0.690678125 0.5574078124999999 0.6804390625 0.5574078124999999 0.678390625 0.566278125 0.6742953125 0.566278125 0.672246875 0.5707140625 0.6701984375000001 0.5707140625 0.6681515625000001 0.568496875 0.6671265625 0.5463171874999999 0.6671265625 0.5418828125 0.669175 0.5396640625 0.6681515625000001 0.5396640625 0.659959375 0.5352281249999999 0.6579109375 0.5352281249999999 0.645625 0.5307921875 0.6435765625000001 0.5307921875 0.6374328125 0.528575 0.636409375 0.5241390625 0.636409375 0.519703125 0.6343609375 0.5152671875 0.636409375 0.439859375 0.636409375 0.43320468749999996 0.6333375 0.43320468749999996 0.623096875 0.42877031250000003 0.62105 0.42877031250000003 0.616953125 0.4176796875 0.611834375 0.4043734375 0.611834375 0.3955015625 0.6077375 0.39106562500000003 0.6077375 0.38662968750000004 0.605690625 0.38219375 0.605690625 0.37775781249999996 0.6036421875 0.3644515625 0.6036421875 0.3622328125 0.604665625 0.3622328125 0.616953125 0.3555796875 0.6200249999999999 0.35114375 0.6200249999999999 0.3400546875 0.61490625 0.3400546875 0.6067140625 0.33561874999999997 0.604665625 0.33561874999999997 0.60261875 0.326746875 0.598521875 0.326746875 0.5964750000000001 0.32009375 0.593403125 0.31565781249999997 0.593403125 0.311221875 0.5913546875 0.30235 0.5913546875 0.29791406249999997 0.58930625 0.2890421875 0.58930625 0.286825 0.5882828124999999 0.286825 0.5739484375 0.27795312499999997 0.5698515625 0.27795312499999997 0.5678046875 0.2735171875 0.56575625 0.2735171875 0.5637078125 0.2668640625 0.5606359375000001 0.262428125 0.5606359375000001 0.2579921875 0.5585890625000001 0.244684375 0.5585890625000001 0.23803125 0.5555171875 0.24024843749999997 0.5544921875 0.24912031250000002 0.5544921875 0.26020937499999997 0.5493734375 0.26020937499999997 0.5473250000000001 0.26908125 0.5432296875 0.26908125 0.54118125 0.2823890625 0.5350374999999999 0.2823890625 0.5166062499999999 0.2801703125 0.5155828125 0.27573593750000003 0.5155828125 0.2713 0.513534375 0.262428125 0.513534375 0.2579921875 0.5114859375 0.25355625000000004 0.5114859375 0.24912031250000002 0.5094390625 0.244684375 0.5094390625 0.24024843749999997 0.507390625 0.23581249999999998 0.507390625 0.2091984375 0.495103125 0.2003265625 0.495103125 0.195890625 0.49715156250000003 0.1737125 0.49715156250000003 0.1692765625 0.495103125 0.16484062500000002 0.495103125 0.1604046875 0.49305625 0.15596875 0.49305625 0.147096875 0.48895937500000003 0.1426625 0.48895937500000003 0.12491875 0.48076875 0.1204828125 0.48076875 0.116046875 0.47872031249999997 0.1116109375 0.47872031249999997 0.10052187500000001 0.483840625 0.10052187500000001 0.4858875 0.0960859375 0.48793593749999997 0.0960859375 0.48998437499999997 0.09165 0.49203125 0.09165 0.49407968750000003 0.0739078125 0.502271875 0.0739078125 0.50431875 0.069471875 0.5063671875 0.069471875 0.5166062499999999 0.049510937500000005 0.525821875 0.045075 0.525821875 0.0406390625 0.5278703124999999 0.036203125 0.5278703124999999 0.0317671875 0.525821875 0.0228953125 0.525821875 0.018459375 0.5237734374999999 0 0.5237734374999999 0 0.8903484374999999
13 0 0.8903484374999999 0.053946875000000005 0.8903484374999999 0.0561640625 0.889325 0.058381249999999996 0.8882999999999999 0.0805609375 0.8882999999999999 0.084996875 0.886253125 0.09386875 0.886253125 0.131571875 0.8688453125000001 0.131571875 0.8667984375 0.14044375 0.8627015625000001 0.14044375 0.84631875 0.131571875 0.8422234375000001 0.131571875 0.840175 0.12713593750000002 0.8381265625 0.12713593750000002 0.8360796875000001 0.1227 0.83403125 0.1227 0.8319828125000001 0.118265625 0.8299359374999999 0.118265625 0.8237921874999999 0.1138296875 0.8217437500000001 0.1138296875 0.8135515625 0.10939375 0.8115046875 0.10939375 0.79716875 0.1049578125 0.795121875 0.1049578125 0.791025 0.10052187500000001 0.7889781250000001 0.10052187500000001 0.78488125 0.1049578125 0.782834375 0.1049578125 0.7807859374999999 0.0960859375 0.7787375 0.0960859375 0.776690625 0.10052187500000001 0.7746421875 0.10052187500000001 0.77259375 0.0983046875 0.7715703125 0.09386875 0.7715703125 0.0894328125 0.77361875 0.08277812500000001 0.770546875 0.08277812500000001 0.7684984375 0.07834218750000001 0.7664500000000001 0.07834218750000001 0.7644031250000001 0.0606 0.7562109375 0.0606 0.7541625 0.036203125 0.7429 0.0317671875 0.7429 0.02733125 0.7408515625 0.0228953125 0.7408515625 0.009589062499999999 0.7469953125 0.005153125 0.7469953125 0.002934375 0.7480187500000001 0.002934375 0.7500671875 0 0.751421875 0 0.8903484374999999
13 0.27795312499999997 0.5964750000000001 0.27795312499999997 0.5944265625 0.2823890625 0.592378125 0.2823890625 0.59033125 0.286825 0.5882828124999999 0.286825 0.5759953125 0.2823890625 0.5739484375 0.2823890625 0.5719000000000001 0.27795312499999997 0.5698515625 0.27795312499999997 0.5678046875 0.2735171875 0.56575625 0.2735171875 0.5637078125 0.2668640625 0.5606359375000001 0.262428125 0.5606359375000001 0.2579921875 0.5585890625000001 0.244684375 0.5585890625000001 0.24024843749999997 0.556540625 0.2180703125 0.556540625 0.213634375 0.5585890625000001 0.2091984375 0.5585890625000001 0.20476250000000001 0.562684375 0.1914546875 0.562684375 0.1781484375 0.556540625 0.1692765625 0.556540625 0.1670578125 0.5575640625 0.1670578125 0.5596125 0.15818749999999998 0.5637078125 0.15818749999999998 0.5678046875 0.1626234375 0.5698515625 0.1626234375 0.5719000000000001 0.1670578125 0.5739484375 0.1670578125 0.5759953125 0.1626234375 0.57804375 0.1626234375 0.5821390625 0.15818749999999998 0.5841875 0.15818749999999998 0.59033125 0.1626234375 0.592378125 0.1626234375 0.598521875 0.15818749999999998 0.6005703125 0.15818749999999998 0.60261875 0.1626234375 0.604665625 0.1626234375 0.6128578124999999 0.17149375 0.616953125 0.17149375 0.6190015625 0.1759296875 0.62105 0.1759296875 0.6251453125 0.180365625 0.62719375 0.180365625 0.6312890624999999 0.1848015625 0.6333375 0.1848015625 0.635384375 0.1870203125 0.636409375 0.1914546875 0.636409375 0.195890625 0.6384562500000001 0.2003265625 0.6384562500000001 0.20476250000000001 0.6405046875 0.23581249999999998 0.6405046875 0.23803125 0.63948125 0.23803125 0.635384375 0.24246718750000001 0.6333375 0.24246718750000001 0.629240625 0.246903125 0.62719375 0.246903125 0.62105 0.2513390625 0.6190015625 0.2513390625 0.616953125 0.2557734375 0.61490625 0.2557734375 0.6128578124999999 0.26908125 0.6067140625 0.26908125 0.604665625 0.2735171875 0.60261875 0.2735171875 0.598521875 0.27795312499999997 0.5964750000000001
17 0.37332187499999997 0.6015937499999999 0.3644515625 0.6015937499999999 0.3622328125 0.60261875 0.3622328125 0.6087625 0.36666875 0.610809375 0.36666875 0.62105 0.37110468750000003 0.623096875 0.37110468750000003 0.629240625 0.3799765625 0.6333375 0.3799765625 0.635384375 0.38219375 0.636409375 0.4354234375 0.636409375 0.43764062499999995 0.635384375 0.43764062499999995 0.629240625 0.43320468749999996 0.62719375 0.43320468749999996 0.616953125 0.422115625 0.611834375 0.41324375 0.611834375 0.408809375 0.6097859375 0.4043734375 0.6097859375 0.3999375 0.6077375 0.3955015625 0.6077375 0.39106562500000003 0.605690625 0.38662968750000004 0.605690625 0.38219375 0.6036421875 0.37775781249999996 0.6036421875 0.37332187499999997 0.6015937499999999
17 0.1537515625 0.7992171875 0.1448796875 0.795121875 0.1448796875 0.7930734375 0.14044375 0.791025 0.14044375 0.7889781250000001 0.1360078125 0.7869296875 0.1360078125 0.782834375 0.133790625 0.781809375 0.12491875 0.781809375 0.118265625 0.78488125 0.118265625 0.7869296875 0.1227 0.7889781250000001 0.1227 0.791025 0.12713593750000002 0.7930734375 0.12713593750000002 0.795121875 0.131571875 0.79716875 0.131571875 0.8012656249999999 0.1360078125 0.8033125 0.1360078125 0.8053609375 0.14044375 0.8074078124999999 0.14044375 0.80945625 0.1448796875 0.8115046875 0.1448796875 0.8156000000000001 0.149315625 0.8176484374999999 0.149315625 0.8237921874999999 0.147096875 0.8248156249999999 0.1426625 0.8248156249999999 0.1382265625 0.8268640625 0.12491875 0.8268640625 0.1227 0.8278874999999999 0.1227 0.83403125 0.12713593750000002 0.8360796875000001 0.12713593750000002 0.8381265625 0.131571875 0.840175 0.131571875 0.8422234375000001 0.14044375 0.84631875 0.14044375 0.8627015625000001 0.1426625 0.8637265624999999 0.16484062500000002 0.8637265624999999 0.1670578125 0.8627015625000001 0.1759296875 0.85860625 0.1759296875 0.8545109375 0.1670578125 0.8504140625 0.1670578125 0.8442703125 0.17149375 0.8422234375000001 0.17149375 0.8176484374999999 0.1670578125 0.8156000000000001 0.1670578125 0.8115046875 0.1626234375 0.80945625 0.1626234375 0.8074078124999999 0.15818749999999998 0.8053609375 0.15818749999999998 0.8033125 0.1537515625 0.8012656249999999 0.1537515625 0.7992171875
13 0.375540625 0.6312890624999999 0.36666875 0.62719375 0.36666875 0.623096875 0.360015625 0.6200249999999999 0.3555796875 0.6200249999999999 0.35114375 0.6179781249999999 0.3467078125 0.6179781249999999 0.342271875 0.6159296875 0.31565781249999997 0.6159296875 0.3067859375 0.6200249999999999 0.293478125 0.6200249999999999 0.2890421875 0.6179781249999999 0.28460625 0.6179781249999999 0.27573593750000003 0.61388125 0.2579921875 0.61388125 0.246903125 0.6190015625 0.246903125 0.623096875 0.2335953125 0.629240625 0.2335953125 0.635384375 0.2247234375 0.6374328125 0.2335953125 0.641528125 0.2335953125 0.647671875 0.24024843749999997 0.65074375 0.24246718750000001 0.6497203125000001 0.244684375 0.648696875 0.24912031250000002 0.648696875 0.25355625000000004 0.6466484375 0.2579921875 0.6466484375 0.262428125 0.6446 0.2668640625 0.6446 0.27573593750000003 0.6405046875 0.28460625 0.6405046875 0.2890421875 0.6384562500000001 0.32009375 0.6384562500000001 0.324528125 0.636409375 0.37332187499999997 0.636409375 0.375540625 0.635384375 0.375540625 0.6312890624999999
13 0.2158515625 0.7500671875 0.21141562500000002 0.7480187500000001 0.21141562500000002 0.7418750000000001 0.20698124999999998 0.7398281250000001 0.20698124999999998 0.7377796875 0.20476250000000001 0.73675625 0.195890625 0.7408515625 0.1914546875 0.7408515625 0.1870203125 0.7429 0.1692765625 0.7429 0.1537515625 0.7500671875 0.1537515625 0.752115625 0.1426625 0.757234375 0.1382265625 0.757234375 0.131571875 0.76030625 0.131571875 0.7644031250000001 0.1360078125 0.7664500000000001 0.1360078125 0.7684984375 0.14044375 0.770546875 0.14044375 0.7889781250000001 0.1448796875 0.791025 0.1448796875 0.7930734375 0.149315625 0.795121875 0.149315625 0.79716875 0.1537515625 0.7992171875 0.1537515625 0.8012656249999999 0.15818749999999998 0.8033125 0.15818749999999998 0.8053609375 0.1670578125 0.80945625 0.1670578125 0.8115046875 0.17149375 0.8135515625 0.17149375 0.8156000000000001 0.1759296875 0.8176484374999999 0.1759296875 0.8217437500000001 0.1781484375 0.8227671875 0.1914546875 0.8227671875 0.1936734375 0.8217437500000001 0.2025453125 0.8176484374999999 0.2025453125 0.8156000000000001 0.20476250000000001 0.8145765624999999 0.2091984375 0.8145765624999999 0.2180703125 0.8104796875 0.2269421875 0.8104796875 0.229159375 0.80945625 0.229159375 0.7930734375 0.2247234375 0.791025 0.2247234375 0.7746421875 0.22028750000000002 0.77259375 0.22028750000000002 0.7562109375 0.2158515625 0.7541625 0.2158515625 0.7500671875
6 1 0.3390625 0.609375 0.3390625 0.609375 1 0.734365625 1 0.7363625 0.996446875 0.7373624999999999 1 0.7396703125 1 0.741484375 0.9946249999999999 0.741484375 0.9909828125000001 0.7445578125 0.9855171875 0.7455812500000001 0.9909828125000001 0.7486546875 0.996446875 0.749678125 0.9946249999999999 0.749678125 0.9654828125 0.7548 0.9563750000000001 0.7578734375 0.954553125 0.7599218750000001 0.9436249999999999 0.767090625 0.9272328125 0.7732359375 0.9272328125 0.7752859375 0.9235890625 0.78143125 0.9235890625 0.784503125 0.9144828125 0.784503125 0.9108390625 0.785528125 0.9090171874999999 0.7875765625 0.9126609374999999 0.7906484375 0.907196875 0.7916734375 0.9017328125 0.793721875 0.9017328125 0.7957703125 0.905375 0.79884375 0.903553125 0.79884375 0.892625 0.7967953125 0.8889828124999999 0.7967953125 0.8853390624999999 0.79884375 0.8816968749999999 0.79884375 0.8780531249999999 0.7967953125 0.8744109375000001 0.7967953125 0.8707671875 0.79884375 0.867125 0.79884375 0.8598390625000001 0.801915625 0.8543749999999999 0.8039640625000001 0.8543749999999999 0.810109375 0.843446875 0.81625625 0.8507328125000001 0.8172796874999999 0.8489109375 0.8172796874999999 0.841625 0.8183046875000001 0.8398031250000001 0.8203531249999999 0.843446875 0.823425 0.8343390625 0.823425 0.8306968749999999 0.8203531249999999 0.8252328125 0.81625625 0.8252328125 0.8152312500000001 0.8234109374999999 0.81625625 0.8215890625 0.828546875 0.8215890625 0.8305953125000001 0.8252328125 0.836740625 0.828875 0.837765625 0.8306968749999999 0.8357171875 0.8343390625 0.8387890625000001 0.8398031250000001 0.844934375 0.8398031250000001 0.8480078125 0.8489109375 0.8480078125 0.8598390625000001 0.845959375 0.8634828125 0.845959375 0.8744109375000001 0.8439109374999999 0.8780531249999999 0.8439109374999999 0.8816968749999999 0.845959375 0.8853390624999999 0.845959375 0.8962671875 0.84903125 0.905375 0.85108125 0.905375 0.8531296875000001 0.9090171874999999 0.8613234375 0.9090171874999999 0.8623468750000001 0.9108390625 0.8623468750000001 0.929053125 0.8602984375 0.9326968750000001 0.8602984375 0.9399828125 0.863371875 0.945446875 0.8643953124999999 0.9399828125 0.8674687499999999 0.9345171875 0.8695171875 0.9381609375 0.8777109375000001 0.9381609375 0.8787359374999999 0.9399828125 0.8787359374999999 0.9472671874999999 0.880784375 0.9509109375 0.880784375 0.9618390625 0.8818078125 0.9636609375 0.8941000000000001 0.9636609375 0.9022937499999999 0.9818749999999999 0.9104875 0.9818749999999999 0.9135609375 0.9873390625 0.9145843749999999 0.992803125 0.91868125 0.992803125 0.9207296875000001 0.996446875 0.9248265625000001 0.996446875 0.9268765625000001 0.992803125 0.9299484375 0.9982671875 0.9299484375 1 1 1 1 0.3390625
13 0.810109375 0.3662328125 0.8049890625 0.37533906250000004 0.8049890625 0.382625 0.810109375 0.3917328125 0.81625625 0.3917328125 0.8183046875000001 0.395375 0.828546875 0.395375 0.8295703124999999 0.397196875 0.8295703124999999 0.40083906249999995 0.8183046875000001 0.420875 0.81625625 0.420875 0.8142078125 0.42451718749999995 0.8080609375 0.42451718749999995 0.8060124999999999 0.420875 0.7916734375 0.420875 0.789625 0.4172328125 0.78143125 0.4172328125 0.7793828125 0.4135890625 0.767090625 0.4135890625 0.7650421875 0.409946875 0.7609453125 0.409946875 0.758896875 0.4135890625 0.7548 0.4135890625 0.7527515625000001 0.4172328125 0.750703125 0.4172328125 0.7466062499999999 0.42451718749999995 0.7445578125 0.42451718749999995 0.7404609375 0.43180312499999995 0.7384125 0.43180312499999995 0.7220234375000001 0.457303125 0.719975 0.457303125 0.706659375 0.4809828125 0.706659375 0.48462500000000003 0.7025625 0.4919109375 0.7025625 0.5028390625 0.7056359375000001 0.5083031250000001 0.7179265625 0.5083031250000001 0.72816875 0.497375 0.7322656249999999 0.497375 0.7363625 0.49008906249999995 0.7384125 0.49008906249999995 0.7404609375 0.48644687500000006 0.7445578125 0.48644687500000006 0.7476296875 0.4919109375 0.7476296875 0.5028390625 0.749678125 0.5064828125 0.7517265625 0.5174109375 0.7548 0.522875 0.7568484375 0.522875 0.758896875 0.5265171875 0.7609453125 0.5265171875 0.7629937499999999 0.5301609375 0.7650421875 0.5301609375 0.767090625 0.533803125 0.7691390625000001 0.533803125 0.7711875 0.537446875 0.7732359375 0.537446875 0.7752859375 0.5410890625 0.785528125 0.548375 0.7875765625 0.5520171875 0.7916734375 0.5520171875 0.801915625 0.562946875 0.8060124999999999 0.562946875 0.8080609375 0.5665890625000001 0.810109375 0.5665890625000001 0.8121578125 0.5702328125 0.8142078125 0.5702328125 0.81625625 0.5738749999999999 0.8183046875000001 0.5738749999999999 0.8203531249999999 0.5775171875 0.8224015625 0.5775171875 0.82445 0.5811609375 0.8264984375 0.5811609375 0.828546875 0.584803125 0.8305953125000001 0.584803125 0.8326437500000001 0.588446875 0.8428859375 0.5957328125 0.844934375 0.599375 0.84903125 0.599375 0.8531296875000001 0.6066609374999999 0.8572265625 0.6066609374999999 0.859275 0.610303125 0.871565625 0.610303125 0.872590625 0.6084828124999999 0.8756625 0.6066609374999999 0.8787359374999999 0.597553125 0.8787359374999999 0.5902671875000001 0.880784375 0.586625 0.880784375 0.561125 0.8818078125 0.559303125 0.88385625 0.559303125 0.890003125 0.5520171875 0.898196875 0.5520171875 0.9002453125000001 0.548375 0.9022937499999999 0.548375 0.9043421875 0.5447328125 0.9145843749999999 0.537446875 0.9176578125000001 0.5319828125 0.9176578125000001 0.5283390625 0.9248265625000001 0.5155890624999999 0.9309734375 0.511946875 0.9350703125000001 0.5046609375 0.9412156250000001 0.5046609375 0.9432640625 0.5010171875 0.9473609375 0.5010171875 0.950434375 0.495553125 0.950434375 0.4882671875 0.9483859375 0.48462500000000003 0.9483859375 0.4773390625 0.9463374999999999 0.473696875 0.9463374999999999 0.46641093749999996 0.9442875000000001 0.4627671875 0.9442875000000001 0.448196875 0.9422390625 0.444553125 0.9422390625 0.4409109375 0.940190625 0.4372671875 0.9360937500000001 0.419053125 0.9299484375 0.40812499999999996 0.9299484375 0.40448281250000007 0.9258515624999999 0.397196875 0.9258515624999999 0.393553125 0.9145843749999999 0.37351718749999996 0.9125359375000001 0.37351718749999996 0.9084390625 0.3662328125 0.906390625 0.3662328125 0.9002453125000001 0.355303125 0.898196875 0.355303125 0.8961484375 0.3516609375 0.890003125 0.3516609375 0.8879531249999999 0.3480171875 0.8859046875000001 0.3480171875 0.8828328125 0.342553125 0.8828328125 0.3390625 0.8350765625 0.3390625 0.8305953125000001 0.344375 0.8264984375 0.344375 0.82445 0.3480171875 0.8224015625 0.3480171875 0.8121578125 0.3662328125 0.810109375 0.3662328125
13 1 0.3390625 0.9646874999999999 0.3390625 0.962725 0.342553125 0.962725 0.34983906249999996 0.9606765625 0.3534828125 0.9606765625 0.3607671875 0.958628125 0.36441093750000003 0.9565796875 0.37533906250000004 0.950434375 0.3862671875 0.950434375 0.393553125 0.9524828125000001 0.397196875 0.9524828125000001 0.40812499999999996 0.9483859375 0.419053125 0.9483859375 0.42633906250000003 0.9453125 0.42816093750000006 0.9422390625 0.433625 0.9422390625 0.4409109375 0.9442875000000001 0.444553125 0.9442875000000001 0.45183906250000005 0.9463374999999999 0.4554828125 0.9463374999999999 0.470053125 0.950434375 0.4809828125 0.950434375 0.495553125 0.95350625 0.5010171875 0.9617000000000001 0.5010171875 0.9637484374999999 0.5046609375 0.9739921875 0.511946875 0.9821859375 0.5301609375 0.9862828125 0.522875 0.9893562499999999 0.5283390625 0.9903796874999999 0.533803125 0.9985734374999999 0.533803125 0.9995984375000001 0.5319828125 1 0.5312671875 1 0.3390625