6 0.19596249999999998 0 0.1650875 0.043048437499999995 0.138240625 0.111603125 0.11489374999999999 0.132696875 0.11139218749999999 0.0922671875 0.10322187499999999 0.0799625 0.0868796875 0.083478125 0.0787078125 0.1063296875 0.092715625 0.1731265625 0.0810421875 0.3242984375 0.0857109375 0.3594546875 0.1345609375 0.41875 0.5390625 0.41875 0.5390625 0 0.19596249999999998 0
6 0.5390625 1 0.5390625 0.41875 0 0.41875 0 1 0.5390625 1
16 0.39023125 0.6070140625 0.385553125 0.516128125 0.3633296875 0.4724328125 0.33291875000000004 0.4724328125 0.3025078125 0.48991093750000003 0.2849625 0.5720578125 0.29198124999999997 0.6699359375 0.30016875 0.6891625 0.31654375 0.6821703125 0.32356093750000003 0.7031453125 0.3317484375 0.701396875 0.37385625 0.6629453125 0.39023125 0.6070140625
16 0.11185468750000001 0.8062671874999999 0.149284375 0.7293624999999999 0.134078125 0.69965 0.1200421875 0.7031453125 0.0814453125 0.7678140625000001 0.0791046875 0.792284375 0.08495312499999999 0.8010234374999999 0.11185468750000001 0.8062671874999999
16 0.4650890625 0.897153125 0.4814640625 0.8831703125000001 0.483803125 0.8587015625 0.475615625 0.8429703125 0.45456250000000004 0.8359796875000001 0.4416953125 0.8517093750000001 0.4440359375 0.8831703125000001 0.4650890625 0.897153125
13 0.08152812499999999 1 0.1036671875 0.982796875 0.12238281250000001 0.9862921874999999 0.1469453125 0.9740578125000001 0.13524843749999998 0.897153125 0.108346875 0.811509375 0.068578125 0.79403125 0.0334890625 0.797528125 0.0042484375 0.8377281249999999 0.0042484375 0.8656921875 0 0.87711875 0 0.9495953125 0.039864062500000005 1 0.08152812499999999 1
13 0.45690156249999997 0.6017718750000001 0.4335078125 0.615753125 0.39725 0.6629453125 0.43116875 0.6891625 0.4662578125 0.671684375 0.47210625000000006 0.6874140625 0.46742812499999997 0.7048921874999999 0.446375 0.7258671875 0.475615625 0.73460625 0.51304375 0.73460625 0.5270796875 0.7136312499999999 0.5390625 0.7235796875 0.5390625 0.517875 0.531759375 0.517875 0.4931609375 0.5895359375 0.5013484375 0.626240625 0.4849734375 0.626240625 0.47795468750000003 0.6017718750000001 0.45690156249999997 0.6017718750000001
13 0.384978125 0.41875 0.21066250000000003 0.41875 0.1890515625 0.4671890625 0.2218015625 0.5405968750000001 0.2334984375 0.5475890625 0.3399359375 0.465440625 0.37970468749999997 0.48291874999999995 0.384978125 0.41875
13 0.12238281250000001 0.5318578125 0.1305703125 0.5440921875 0.1305703125 0.57905 0.13875781250000002 0.5912843750000001 0.1516234375 0.5895359375 0.2218015625 0.5475890625 0.198409375 0.48466718750000004 0.1843734375 0.470684375 0.16093437500000002 0.41875 0.1096578125 0.41875 0.108346875 0.419996875 0.10375625 0.41875 0.078071875 0.41875 0.06740937500000001 0.4322328125 0.05688125000000001 0.46893593750000007 0.034659375 0.47417968750000006 0.0662390625 0.4864140625 0.0826140625 0.5248671875 0.12238281250000001 0.5318578125
13 0.32159218749999996 1 0.3177140625 0.9845453125000001 0.279115625 0.9478406250000001 0.2299890625 0.9513359375 0.21595468750000002 0.9373531249999999 0.190221875 0.9338578125 0.166828125 0.972309375 0.12589062499999998 0.9915359374999999 0.1369734375 1 0.32159218749999996 1
13 0 0.5455875 0.0299796875 0.4671890625 0.053373437499999996 0.45320625000000003 0.0323203125 0.41875 0 0.41875 0 0.5455875
16 0.132909375 0.5895359375 0.10132812499999999 0.5528328124999999 0.05454218749999999 0.5598234375 0.03115 0.5318578125 0.0171140625 0.535353125 0.0089265625 0.5545796875 0.011265625 0.5825453125 0.0381671875 0.6122578125 0.053373437499999996 0.6105109375 0.08495312499999999 0.5912843750000001 0.12238281250000001 0.6087625 0.132909375 0.5895359375
13 0.2089359375 0.7625703125000001 0.1808640625 0.7660671875 0.1469453125 0.7957796874999999 0.1469453125 0.8307359375000001 0.16799843750000001 0.84471875 0.173846875 0.8359796875000001 0.19490000000000002 0.8429703125 0.21946249999999998 0.816753125 0.2218015625 0.7887890625 0.2089359375 0.7625703125000001
13 0.2580609375 0.696153125 0.178525 0.7206234375 0.1563015625 0.757328125 0.1539625 0.7783015625 0.16098125000000002 0.7783015625 0.19490000000000002 0.7590749999999999 0.22531093750000003 0.7730578125 0.2744359375 0.7276140625 0.2732671875 0.711884375 0.2580609375 0.696153125
16 0.5390625 0.5143796875 0.5390625 0.4536234375 0.515384375 0.44796250000000004 0.4955 0.5021453124999999 0.49666875 0.5318578125 0.5200625 0.5318578125 0.531759375 0.5143796875 0.5390625 0.5143796875
0 1 0.41875 0.5390625 0.41875 0.5390625 1 0.98655 1 0.9907921875 0.9968187500000001 0.9939046875 0.9968187500000001 0.998575 0.9933156249999999 0.998575 0.9909812499999999 1 0.9899125 1 0.41875
13 1 0.41875 0.5390625 0.41875 0.5390625 1 0.9896625 1 1 0.992246875 1 0.41875