6 0.10105625 0 0.0378421875 0.0794953125 0.0276265625 0.203203125 0.0008109375 0.216734375 0 0.21522812500000002 0 0.46875 0.2890625 0.46875 0.2890625 0.02531875 0.2076734375 0.0060421875 0.185965625 0.1336171875 0.1336125 0.1394171875 0.11829062500000001 0.0505 0.12 0 0.10105625 0
13 0.14764375000000002 0.3835515625 0.14547812499999999 0.3868296875 0.14547812499999999 0.3999390625 0.14764375000000002 0.4064953125 0.1530609375 0.41141249999999996 0.164975 0.4097734375 0.168225 0.40813437500000005 0.174725 0.395025 0.2028890625 0.395025 0.20938906249999997 0.38846875000000003 0.22021875 0.385190625 0.22996875 0.3737171875 0.2343 0.3638828125 0.2343 0.3507734375 0.2321359375 0.3474953125 0.2321359375 0.3179953125 0.2288859375 0.30979999999999996 0.224553125 0.306521875 0.1595609375 0.30979999999999996 0.14981093750000002 0.32127343750000004 0.14764375000000002 0.3278296875 0.14764375000000002 0.3835515625
13 0.2890625 0.1655390625 0.28304375 0.1688515625 0.273296875 0.180325 0.2581296875 0.33766093750000004 0.2808765625 0.355690625 0.2890625 0.35641875 0.2890625 0.1655390625
13 0.3069265625 0 0.3069265625 0.010928125 0.3123421875 0.0191234375 0.3231734375 0.0191234375 0.3253390625 0.0224015625 0.3545875 0.0207625 0.364334375 0.0191234375 0.36974999999999997 0.00765 0.36974999999999997 0 0.3069265625 0
13 0.6417484375 0 0.6448828125 0.0010937499999999999 0.6806296875 0.0814015625 0.70229375 0.094515625 0.715290625 0.11090156250000001 0.729375 0.1092625 0.7380375 0.0961546875 0.7315406249999999 0.060098437500000004 0.7402046875 0.03715 0.7445375000000001 0.00765 0.7434140625000001 0 0.6417484375 0
13 0.51093125 0 0.5073171875 0.0027328125 0.4899859375 0.0092890625 0.48348593749999996 0.0158453125 0.4802359375 0.024040625 0.4802359375 0.04370625 0.48673593750000005 0.053540624999999994 0.4899859375 0.06829375 0.4943203125 0.07156718749999999 0.5019 0.069928125 0.5463140625 0.06829375 0.5528109375 0.065015625 0.564728125 0.0502625 0.5625609375 0.0338765625 0.55064375 0.0092890625 0.5408203125 0 0.51093125 0
13 0.5064203125 0 0.48565312499999996 0.012567187499999998 0.4444921875 0.0158453125 0.4412421875 0.0207625 0.4412421875 0.040428124999999995 0.445575 0.0633765625 0.4574890625 0.0846796875 0.471571875 0.083040625 0.48565312499999996 0.07156718749999999 0.5528109375 0.065015625 0.5625609375 0.056820312500000004 0.564728125 0.04370625 0.5538937500000001 0.01420625 0.5401703125 0 0.5064203125 0
6 0 0.7707515625 0.10455937500000001 0.797859375 0.2510421875 0.7993078125 0.2890625 0.792909375 0.2890625 0.46875 0 0.46875 0 0.7707515625
16 0.19461875 0.46875 0.1220828125 0.46875 0.1186625 0.49838125 0.1327703125 0.5114 0.157725 0.5157437500000001 0.1848546875 0.5056140625000001 0.19461875 0.49259531250000005 0.19461875 0.46875
16 0 0.6154703125000001 0.026434375 0.5779515625 0.03836875 0.5707203125 0.048990624999999996 0.46875 0 0.46875 0 0.6154703125000001
16 0.12300312499999999 0.703821875 0.12734375 0.7269703125 0.13494062499999998 0.7370953124999999 0.1490453125 0.73854375 0.1718328125 0.7255203125 0.20438593749999998 0.7342015625 0.27599999999999997 0.679225 0.2857640625 0.6633125 0.2857640625 0.6343765625 0.27274375 0.58808125 0.2586390625 0.5953125 0.241278125 0.6213546875 0.23042656250000002 0.6300343749999999 0.21740624999999997 0.6329281250000001 0.187025 0.6242484375 0.17834375 0.627140625 0.162065625 0.6691 0.1566421875 0.6763312499999999 0.13494062499999998 0.68211875 0.12300312499999999 0.703821875
16 0 0.76670625 0.006903125 0.7718171875000001 0.017753125 0.7718171875000001 0.041625 0.7804984375 0.07634687500000001 0.783390625 0.0785171875 0.7862843749999999 0.0969625 0.784840625 0.1078125 0.7674796875000001 0.112153125 0.74433125 0.1099828125 0.7356499999999999 0.0969625 0.7182890625 0.0947921875 0.706715625 0.0871984375 0.6994796875 0.0698375 0.6994796875 0.0394546875 0.716840625 0.01124375 0.7226265625 0 0.7445359375 0 0.76670625
16 0.241278125 0.6184609375 0.2510421875 0.6054421875 0.2640625 0.5736140625 0.2640625 0.5678265625 0.259721875 0.5591453125 0.259721875 0.550465625 0.2477875 0.522975 0.22825625 0.50850625 0.2000453125 0.50850625 0.187025 0.5171875 0.1685765625 0.547571875 0.1685765625 0.5851875 0.1805140625 0.6184609375 0.2000453125 0.6300343749999999 0.22717031250000003 0.628590625 0.241278125 0.6184609375
6 1 0.46875 0.2890625 0.46875 0.2890625 0.5962515625 0.2997703125 0.5962515625 0.3044453125 0.598409375 0.3184703125 0.598409375 0.3231453125 0.6005671875 0.33716875 0.6005671875 0.34184375 0.6027234375 0.35119375 0.6027234375 0.35586875 0.60488125 0.36989375 0.60488125 0.37456875 0.6070390625 0.37924375 0.6070390625 0.38391875 0.6091968750000001 0.38859374999999996 0.6091968750000001 0.39326875 0.6113546875 0.39794375 0.6113546875 0.40729375 0.61566875 0.41196875000000005 0.61566875 0.41664375 0.6178265625 0.42131718749999997 0.6178265625 0.4259921875 0.619984375 0.4306671875 0.619984375 0.43534218750000003 0.622140625 0.44001718749999996 0.622140625 0.45404218749999997 0.62645625 0.4961171875 0.62645625 0.5007921875 0.6286140625 0.514815625 0.6286140625 0.5288406250000001 0.6329281250000001 0.5568906250000001 0.6329281250000001 0.566240625 0.63724375 0.570915625 0.63724375 0.584940625 0.6415578125 0.5942890625 0.6415578125 0.5989640625 0.643715625 0.6036390625 0.643715625 0.6083140625000001 0.6458734374999999 0.6129890625 0.6458734374999999 0.6270140625 0.6523453124999999 0.6316890625 0.6523453124999999 0.6457140625 0.65881875 0.6550640624999999 0.65881875 0.6597390625 0.660975 0.6644140625 0.660975 0.6690890625 0.6631328125 0.6737625 0.6631328125 0.6831125 0.6674484374999999 0.6877875 0.6674484374999999 0.6924625 0.66960625 0.6971375 0.66960625 0.7064874999999999 0.6739203125000001 0.7111625 0.6739203125000001 0.7205125 0.6782359375 0.7345375 0.6782359375 0.7368750000000001 0.67715625 0.7368750000000001 0.675 0.7462234375000001 0.670684375 0.7462234375000001 0.6685265625000001 0.7789484375 0.653425 0.7789484375 0.6512671875 0.7929734374999999 0.6447953125 0.7929734374999999 0.6426375 0.8210234375000001 0.6296921875 0.8210234375000001 0.627534375 0.8397218750000001 0.6210625000000001 0.8397218750000001 0.6189046874999999 0.853746875 0.6124328125 0.853746875 0.610275 0.8654343750000001 0.60488125 0.870109375 0.60488125 0.872446875 0.603803125 0.872446875 0.6016453125 0.9145203125 0.582228125 0.9145203125 0.5800703125 0.9191953125 0.5779140625 0.9191953125 0.57575625 0.9332203124999999 0.569284375 0.9332203124999999 0.5671265625 0.9402328125 0.563890625 0.9449078125 0.563890625 0.9752953124999999 0.5498671875000001 0.9752953124999999 0.5477093749999999 0.9799703125000001 0.5455515625 0.9799703125000001 0.54339375 0.9939953125000001 0.536921875 0.9939953125000001 0.5347640625000001 0.99866875 0.53260625 0.99866875 0.5282921875000001 1 0.527678125 1 0.46875
16 0.30210781249999996 0.53045 0.2974328125 0.5282921875000001 0.2974328125 0.5239765625 0.3044453125 0.520740625 0.31379531250000003 0.520740625 0.3278203125 0.516425 0.33716875 0.516425 0.35820625 0.5067171874999999 0.35820625 0.504559375 0.37223125 0.4980875 0.37223125 0.4959296875 0.38158125 0.4894578125 0.38158125 0.4851421875 0.38625625 0.48298593749999996 0.38625625 0.46875 0.2890625 0.46875 0.2890625 0.541178125 0.2997703125 0.5444734375 0.30210781249999996 0.54339375 0.3067828125 0.5412359375 0.30210781249999996 0.5390796875 0.30210781249999996 0.53045
17 0.72285 0.491615625 0.72285 0.493771875 0.7298625000000001 0.49700937500000003 0.7392125 0.49700937500000003 0.7438875 0.499165625 0.7532375 0.499165625 0.7555734375000001 0.4980875 0.7602484375 0.4959296875 0.7602484375 0.493771875 0.7649234375 0.491615625 0.7649234375 0.4894578125 0.7695984375 0.4873 0.7695984375 0.4851421875 0.7789484375 0.48082812500000005 0.7789484375 0.4786703125 0.7836234375 0.4765125 0.7836234375 0.4743546875 0.7882984375000001 0.4721984375 0.7882984375000001 0.47004062500000005 0.7910953125 0.46875 0.7368750000000001 0.46875 0.7368750000000001 0.4721984375 0.7322 0.4743546875 0.7322 0.4786703125 0.727525 0.48082812500000005 0.727525 0.4894578125 0.72285 0.491615625