6 0 0.8385093749999999 0.018259375 0.8454578125 0.08471875 0.8996359375 0.22508750000000002 0.9203109375 0.34273750000000003 0.8937609375 0.45224843750000004 0.8491046875 0.440434375 0.9030015625000001 0.535409375 0.9188484375 0.6391453125 0.879325 0.6962375 0.8968875000000001 0.771759375 0.8566609375 0.81090625 0.7740750000000001 0.8096625 0.77451875 0.8088265625 0.7732796875 0.83758125 0.7717421875 0.8617765625 0.7835078125 0.9204593750000001 0.5392859375 0.95283125 0.3269125 0.9261703125 0.28019375 0.872278125 0.2445875 0.8540515624999999 0.2070296875 0.8461765625 0.14529375 0.7341765625 0.10580468750000001 0.6573390625 0.15623125 0.605690625 0.1254609375 0.5720296874999999 0.1379671875 0.419396875 0.14471406250000002 0.2700859375 0.15181093750000002 0.1318765625 0.16468750000000001 0.1460515625 0.0489953125 0.07031875 0.0570265625 0.042740625 0.1954234375 0 0.197 0 0.8385093749999999
16 0.558909375 0.3806453125 0.5470265624999999 0.3604546875 0.5110718750000001 0.36260625 0.49799375 0.3432828125 0.4647859375 0.32580624999999996 0.2412671875 0.32195625 0.21247500000000002 0.3557515625 0.1994578125 0.41812187500000003 0.26337968749999996 0.4388671875 0.43636406250000004 0.4522875 0.501425 0.427328125 0.5459937499999999 0.4221078125 0.558909375 0.3806453125
16 0.8673703125 0.4652546875 0.8953921875 0.496128125 0.8927468749999999 0.5317093749999999 0.9158359375 0.5421359375 0.9256453125 0.505259375 0.9466390625000001 0.3675296875 0.9300359374999999 0.3314578125 0.8991625000000001 0.304265625 0.8722859375 0.30140781250000004 0.8615453125 0.30923124999999996 0.8627421875 0.3452203125 0.8491 0.385609375 0.868509375 0.41955 0.8673703125 0.4652546875
3 0.6984203124999999 0.2998484375 0.7404984375 0.280415625 0.82563125 0.171921875 0.7828734374999999 0.12453906249999999 0.7286015625 0.1127875 0.70494375 0.1252140625 0.643109375 0.2760359375 0.6554593750000001 0.2942828125 0.6984203124999999 0.2998484375
3 0.2220296875 0.45937343750000004 0.18358125 0.44731718750000005 0.0928890625 0.4396625 0.074053125 0.45658750000000003 0.074265625 0.48848593749999997 0.041431249999999996 0.600553125 0.0588140625 0.6183390625 0.056532812499999995 0.6360281249999999 0.028571875000000004 0.68685 0.0455890625 0.6856703125 0.081703125 0.7074421875 0.1003796875 0.7034515625 0.14396718749999998 0.731 0.2468859375 0.48293749999999996 0.2220296875 0.45937343750000004
3 0.5608671875 0.204528125 0.42114062499999994 0.17970312500000002 0.34445312499999997 0.1874875 0.304090625 0.2120828125 0.274103125 0.24674999999999997 0.27228906249999996 0.2624953125 0.2884796875 0.2811515625 0.35006875000000004 0.31161249999999996 0.49815 0.33035156250000003 0.603784375 0.3126953125 0.637921875 0.28942968750000003 0.6396859375 0.2657109375 0.5608671875 0.204528125
3 0.288265625 0.8310234375000001 0.23653749999999998 0.841459375 0.173915625 0.87265625 0.13552031250000002 0.8685734374999999 0.10277812500000001 0.8491500000000001 0.0752296875 0.85319375 0.09966875 0.886675 0.162346875 0.9003140625 0.285884375 0.90648125 0.35431875 0.8838734374999999 0.4474984375 0.832021875 0.5078359375 0.7816578125 0.5525562500000001 0.726640625 0.5765734375 0.6594640625 0.5691515625 0.624803125 0.55005625 0.6018515625 0.5173687499999999 0.5904078125 0.453084375 0.6244140625 0.43264531249999993 0.6521234375 0.43046875 0.6857640625 0.445571875 0.7212390625 0.3561796875 0.8023859375000001 0.31306406249999996 0.809753125 0.288265625 0.8310234375000001
21 0.91615 0.553125 0.7910078125 0.5946078124999999 0.7708296875 0.6621953125 0.78048125 0.6711890625 0.7739984375 0.7063609375000001 0.7860343750000001 0.7136203125 0.8851328125 0.6863046875000001 0.91615 0.553125
14 0 0.5940703125 0.0479140625 0.565378125 0.069025 0.49390625000000005 0.0625890625 0.4633359375 0.07986093749999999 0.39145625 0.0593640625 0.374334375 0 0.3920640625 0 0.5940703125
3 0 0.8247734375 0.0163390625 0.8319875 0.07471093749999999 0.847159375 0.0947875 0.8373421875 0.145471875 0.7411234375 0.06530625 0.6937453125 0.0382203125 0.6589859375 0 0.63594375 0 0.8247734375
17 0.3035984375 0.537784375 0.253740625 0.577309375 0.25099218749999996 0.596940625 0.331725 0.5846078125 0.4219953125 0.4916015625 0.358540625 0.5057734375 0.3035984375 0.537784375
3 0.6427906250000001 0.8099578125000001 0.660490625 0.8755953125 0.6769390625 0.89726875 0.7476546875000001 0.8569718749999999 0.768975 0.8173999999999999 0.7716093749999999 0.6712421875000001 0.68579375 0.676059375 0.64449375 0.7045421875 0.6302859375 0.8046421875 0.6427906250000001 0.8099578125000001
3 0.67345625 0.1866171875 0.6455921874999999 0.1796703125 0.586084375 0.2102 0.5965140625 0.22824375 0.6420203124999999 0.25599531249999996 0.67345625 0.1866171875
3 0.7878109375 0.218703125 0.743403125 0.284709375 0.7116 0.2982625 0.6389078125000001 0.29351875 0.6299859375 0.32245625 0.636525 0.3321171875 0.7255609375 0.3425828125 0.7545625 0.3406890625 0.8083125000000001 0.3095453125 0.8372078125 0.25484062500000004 0.8257390625 0.2247296875 0.7878109375 0.218703125