6 0 0 0 0.4796875 0.5 0.4796875 0.5 0 0 0
6 1 0.1270109375 0.9873406250000001 0.1329390625 0.9642140625 0.1686859375 0.938775 0.1686859375 0.8878984375 0.12318906249999999 0.8439593750000001 0.11344375 0.8300859375 0.07444843749999999 0.7884562500000001 0.038703125 0.7768953125 0.0581984375 0.7537703125 0.0581984375 0.7479875 0.10856874999999999 0.7167671875 0.1361890625 0.6682015625 0.12318906249999999 0.566446875 0.16218593750000002 0.5537296875 0.17681093750000001 0.5537296875 0.20605625 0.5132578125 0.23042656250000002 0.505165625 0.2548015625 0.5201953125000001 0.31166875 0.5780125 0.32466875 0.6450765625 0.29866875 0.6658890625 0.262921875 0.6820796875 0.27917187499999996 0.7190796875000001 0.27917187499999996 0.7213921875 0.262921875 0.74683125 0.275921875 0.7294875000000001 0.261296875 0.7757390625 0.21580625000000003 0.7792078124999999 0.1816859375 0.8011781250000001 0.21255625 0.7734265625 0.264546875 0.7896124999999999 0.30679375000000003 0.7768953125 0.295421875 0.76764375 0.30841875 0.7757390625 0.293796875 0.7583921874999999 0.282421875 0.75145625 0.30841875 0.74683125 0.285671875 0.7028921875 0.295421875 0.6971093749999999 0.31979375 0.858990625 0.32629375 0.9665265625 0.31816875 0.9908093750000001 0.22555624999999999 1 0.2155109375 1 0.1270109375
16 0.8081125 0.20280625 0.841646875 0.20768124999999998 0.8601468750000001 0.23692656250000002 0.8855859374999999 0.2499265625 0.9006187499999999 0.27754687499999997 0.89368125 0.290546875 0.89599375 0.30029374999999997 0.8913671875 0.31654375 0.8948375000000001 0.32141875 0.9168062499999999 0.31979375 0.9503406249999999 0.31816875 0.9653703124999999 0.30679375000000003 0.972309375 0.287296875 0.9746218750000001 0.2580515625 0.9977484375 0.21580625000000003 0.9908093750000001 0.18006093750000002 0.9850265625000001 0.1719359375 0.9665265625 0.1686859375 0.9410890625 0.1719359375 0.8832718749999999 0.11994374999999999 0.8555234374999999 0.12318906249999999 0.8520546875000001 0.1410640625 0.8404906249999999 0.1540640625 0.8404906249999999 0.17031093749999998 0.8185203124999999 0.1816859375 0.8081125 0.20280625
13 0.5201953125000001 0.22393125 0.507478125 0.24180156249999998 0.502853125 0.261296875 0.505165625 0.284046875 0.5121015625 0.30029374999999997 0.5271343749999999 0.31816875 0.5479468749999999 0.32466875 0.5768546875 0.32304374999999996 0.584946875 0.32141875 0.5895734375 0.31491875 0.6080765625 0.31491875 0.6288890625 0.29866875 0.6450765625 0.295421875 0.6508578125 0.287296875 0.6462328125 0.261296875 0.6381375 0.2499265625 0.6242640625 0.2499265625 0.60345 0.23692656250000002 0.5907296875 0.22230625 0.5826374999999999 0.20443125 0.5525734375 0.20768124999999998 0.5386953125 0.22393125 0.529446875 0.22068125 0.5201953125000001 0.22393125
13 0.7375796875 0.2499265625 0.7711125 0.19955625 0.7687999999999999 0.17681093750000001 0.74914375 0.1459390625 0.72833125 0.1361890625 0.70751875 0.1394390625 0.693640625 0.1556890625 0.6867015624999999 0.15893593749999999 0.671671875 0.18006093750000002 0.6577968750000001 0.20930624999999997 0.6577968750000001 0.23530156249999998 0.66010625 0.2450515625 0.6682015625 0.2564265625 0.689015625 0.272671875 0.7063609375000001 0.271046875 0.7375796875 0.2499265625
13 0.566446875 0.19793125 0.5687609375 0.20118125 0.5699171875 0.19630625 0.566446875 0.18818593749999998 0.5826374999999999 0.19143593750000001 0.5861046875 0.19630625 0.58379375 0.19955625 0.5884171874999999 0.21255625 0.5953546875 0.22555624999999999 0.6150125 0.2434265625 0.653171875 0.24180156249999998 0.655484375 0.20930624999999997 0.6577968750000001 0.20605625 0.6577968750000001 0.1833109375 0.6497015625 0.1751859375 0.6450765625 0.1751859375 0.63929375 0.1670609375 0.63698125 0.1605609375 0.6439203124999999 0.1508140625 0.6439203124999999 0.1443140625 0.635825 0.1296890625 0.6196375 0.1264390625 0.6057640625 0.1524390625 0.566446875 0.15893593749999999 0.5514171875 0.18006093750000002 0.5571984375000001 0.20118125 0.566446875 0.19793125
6 0 0.72858125 0.25254374999999996 0.7393984375 0.25526875000000004 0.6364859375 0.14485625 0.5973796874999999 0.10941875000000001 0.504759375 0.038534374999999996 0.5521015625000001 0 0.5497265625 0 0.72858125
22 0 0.7350265625 0.24027343750000002 0.7229359375 0.22119062500000003 0.683828125 0.23345781250000003 0.685884375 0.24845156249999997 0.6550140625 0.22391875 0.6241390625000001 0.14485625 0.60355625 0.1189578125 0.5150515625 0.060345312500000005 0.5253421875 0.061709375 0.57268125 0.0453515625 0.5788562500000001 0.02626875 0.5479859375 0 0.5538171875 0 0.7350265625
6 1 0.8581796875000001 0.7938531249999999 0.82873125 0.770153125 0.8629125 0.7573921875 0.9517828125 0.753746875 0.899828125 0.723665625 0.849240625 0.5 0.8532187499999999 0.5 1 1 1 1 0.8581796875000001
21 0.527240625 0.9793421875 0.5514359375 0.9741578125 0.557196875 0.9655156249999999 0.5514359375 0.9361359374999999 0.50880625 0.951690625 0.5111109375 0.9724296875 0.516871875 0.9810703125 0.527240625 0.9793421875
20 0.6090421874999999 0.898115625 0.574478125 0.887746875 0.557196875 0.89293125 0.553740625 0.9326796875 0.60328125 0.948234375 0.6124984375 0.9205828125 0.6090421874999999 0.898115625
20 0.6223062500000001 1 0.597521875 0.9568749999999999 0.5883046875 0.9568749999999999 0.5687171875 0.9897109374999999 0.5741578125 1 0.6223062500000001 1
20 0.6917546875 1 0.69084375 0.9931671874999999 0.6758671875 0.9845265624999999 0.668953125 0.9707015625000001 0.6624421875000001 1 0.6917546875 1
21 0.819884375 0.968971875 0.8360140625 0.958603125 0.833709375 0.8963875 0.8210359374999999 0.8808343750000001 0.8118187499999999 0.884290625 0.8037546875 0.8998437499999999 0.8060578125 0.9655156249999999 0.819884375 0.968971875
21 0.968509375 0.8704640625 0.9558359375000001 0.87565 0.9350984375 0.9240390625 0.9385546874999999 0.93959375 0.9581406250000001 0.944778125 0.9834875000000001 0.89293125 0.968509375 0.8704640625
21 1 0.9547140625000001 0.991553125 0.9499625 0.9569890624999999 0.94650625 0.9466187500000001 0.9620593749999999 0.944315625 0.9793421875 0.950075 0.9845265624999999 1 0.9918687500000001 1 0.9547140625000001
21 0.8882625000000001 1 0.8890125 0.9966234375 0.8797953125 0.9655156249999999 0.8648171874999999 0.96033125 0.856753125 0.9724296875 0.856753125 1 0.8882625000000001 1
21 0.8337984374999999 1 0.8394703124999999 0.9948953125 0.8532953125 0.9948953125 0.8544484375 0.968971875 0.8325578124999999 0.9637874999999999 0.8118187499999999 0.9707015625000001 0.8083625 0.9827984375 0.8116390625 1 0.8337984374999999 1
21 0.804625 1 0.8060578125 0.9827984375 0.8037546875 0.8825625 0.7979937500000001 0.8704640625 0.7841671875 0.8704640625 0.77840625 0.8791062500000001 0.77616875 1 0.804625 1
21 0.8774906250000001 0.8791062500000001 0.8648171874999999 0.8635515625 0.8509921874999999 0.8670078125 0.8360140625 0.9067578125000001 0.8429265625 0.9136703125000001 0.8717296875 0.9050296875000001 0.8774906250000001 0.8791062500000001
21 0.8072109375000001 0.887746875 0.8210359374999999 0.884290625 0.8360140625 0.89293125 0.8498390625000001 0.8791062500000001 0.8498390625000001 0.8618234375 0.8417749999999999 0.8497265625000001 0.8279484374999999 0.8497265625000001 0.8037546875 0.87565 0.8072109375000001 0.887746875
21 0.9350984375 0.8721921874999999 0.9201203124999999 0.8531828125 0.880946875 0.873921875 0.8797953125 0.8998437499999999 0.8913171875 0.9067578125000001 0.931640625 0.894659375 0.9350984375 0.8721921874999999
21 0.8924687499999999 0.9084859375000001 0.8763390624999999 0.9050296875000001 0.8360140625 0.9205828125 0.8394703124999999 0.96033125 0.8867078125000001 0.958603125 0.9270328125 0.9499625 0.9327937500000001 0.9344078124999999 0.9304890625000001 0.9033 0.924728125 0.898115625 0.8924687499999999 0.9084859375000001
20 0.9231578125000001 1 0.9304890625000001 0.9862546875 0.9224249999999999 0.9637874999999999 0.9132078124999999 0.9568749999999999 0.8844031250000001 0.9620593749999999 0.8901640625 0.9948953125 0.8970765625 0.9914390624999999 0.9141984375 1 0.9231578125000001 1
20 0.6827796875 0.8566390625 0.665496875 0.87565 0.6678015625 0.951690625 0.6781703125 0.9845265624999999 0.695453125 0.9862546875 0.746146875 0.9827984375 0.7438421875000001 0.8963875 0.739234375 0.87565 0.7311687499999999 0.8670078125 0.6827796875 0.8566390625
20 0.5 0.9098921875 0.5041984375 0.9136703125000001 0.527240625 0.9067578125000001 0.523784375 0.8773781250000001 0.5076546875 0.8704640625 0.5 0.8768437499999999 0.5 0.9098921875
20 0.5652609375 0.887746875 0.5986734375 0.89293125 0.597521875 0.8600953125 0.5595 0.8652796875 0.5595 0.8825625 0.5652609375 0.887746875
20 0.5076921875 1 0.51571875 0.9827984375 0.5 0.9154296875 0.5 1 0.5076921875 1
20 0.5527062500000001 1 0.5652609375 0.9914390624999999 0.5664140625 0.9758859375 0.5629562499999999 0.9707015625000001 0.54221875 0.9741578125 0.50880625 0.9966234375 0.5103640625 1 0.5527062500000001 1
20 0.6604062500000001 1 0.665496875 0.9862546875 0.6608890625 0.9620593749999999 0.6528234375 0.9499625 0.6413031250000001 0.94650625 0.626325 0.958603125 0.621715625 0.9862546875 0.6292140625 1 0.6604062500000001 1