6 0.348603125 0.02563125 0.344653125 0.036165625 0.3347796875 0.02563125 0.3170078125 0.02563125 0.3091078125 0.036165625 0.2794875 0.036165625 0.2636890625 0.053721874999999995 0.257765625 0.043187500000000004 0.23209375 0.043187500000000004 0.1787765625 0.0747890625 0.170878125 0.088834375 0.14915625 0.09936874999999999 0.1373078125 0.1134125 0.120521875 0.139746875 0.104725 0.18188125 0.104725 0.2415734375 0.12447187500000001 0.28721874999999997 0.1373078125 0.30653125000000003 0.162978125 0.313553125 0.168903125 0.3030203125 0.16791562499999999 0.315309375 0.1748265625 0.331109375 0.20642343749999997 0.3556875 0.23406875 0.3697328125 0.259740625 0.3697328125 0.303184375 0.38377812499999997 0.35946406249999996 0.385534375 0.409375 0.3733890625 0.409375 0.0338234375 0.4058703125 0.0326546875 0.3979703125 0.0326546875 0.39007187499999996 0.043187500000000004 0.3821734375 0.029143750000000003 0.36835 0.02563125 0.348603125 0.02563125
12 0.32490625 0.0221203125 0.3091078125 0.036165625 0.2755375 0.036165625 0.2636890625 0.053721874999999995 0.257765625 0.043187500000000004 0.23406875 0.043187500000000004 0.1807515625 0.0747890625 0.170878125 0.088834375 0.1570546875 0.0923453125 0.13928281250000002 0.10990156250000001 0.120521875 0.139746875 0.104725 0.18188125 0.104725 0.2415734375 0.120521875 0.280196875 0.1373078125 0.30653125000000003 0.15113125 0.313553125 0.162978125 0.313553125 0.166928125 0.30653125000000003 0.16791562499999999 0.32233125 0.1748265625 0.331109375 0.2261703125 0.36622187500000003 0.259740625 0.3697328125 0.305159375 0.38377812499999997 0.3555140625 0.385534375 0.394021875 0.3802671875 0.4019203125 0.37324375 0.409375 0.371715625 0.409375 0.0326546875 0.39599687499999997 0.0326546875 0.39007187499999996 0.0396765625 0.3821734375 0.029143750000000003 0.348603125 0.02563125 0.344653125 0.036165625 0.32490625 0.0221203125
6 0.49514531249999993 0 0.4593640625 0.08728125 0.44914531249999995 0.10237343750000001 0.44914531249999995 0.3585921875 0.5045171875000001 0.459375 1 0.459375 1 0 0.49514531249999993 0
6 0 0.9174921875000001 0.1659953125 0.9543453124999999 0.25776875 0.9609781249999999 0.31204062499999996 0.943725 0.3248703125 0.9264718750000001 0.348553125 0.8176296875 0.3465796875 0.7061375 0.2992125 0.6371203125 0.31204062499999996 0.6357921875 0.3307890625 0.602609375 0.354471875 0.47519062500000003 0.354471875 0.459375 0 0.459375 0 0.9174921875000001
14 0 0.806496875 0.18573125 0.9092140625 0.3011875 0.9503625 0.32684375 0.9291234375 0.348553125 0.822940625 0.3524984375 0.73003125 0.3406578125 0.6902109375000001 0.304146875 0.6464078125 0.2962515625 0.6623375 0.28835625 0.6357921875 0.2824375 0.6490640625 0.2469125 0.6437578125 0.09494843750000001 0.57208125 0.071265625 0.5773906249999999 0 0.7151156249999999 0 0.806496875
17 0.3150015625 0.6344640625 0.33671093750000003 0.584028125 0.354471875 0.48315156249999996 0.354471875 0.459375 0.258575 0.459375 0.2636890625 0.493771875 0.2873703125 0.493771875 0.2853984375 0.5256265625000001 0.3150015625 0.5760640625 0.3031609375 0.6238453125000001 0.3150015625 0.6344640625
6 1 0.459375 0.7295265625 0.459375 0.72891875 0.4608734375 0.72990625 0.5020171875 0.689446875 0.46618281250000004 0.6873171874999999 0.459375 0.5440140625 0.459375 0.46741875000000005 0.5259125 0.41610781250000006 0.5206015625 0.409375 0.5260343749999999 0.409375 0.573884375 0.438803125 0.5776765625 0.4210421875 0.6413875 0.41314687499999997 0.731640625 0.409375 0.734178125 0.409375 0.8900078125 0.72990625 0.9904640625000001 0.7728546875 1 1 1 1 0.459375
16 0.7530859375000001 0.6905921875 0.7970265624999999 0.6777421875 0.7998921875 0.6623234375 0.806578125 0.640478125 0.8180421875 0.61478125 0.8170859374999999 0.5916546874999999 0.81135625 0.5646718749999999 0.81613125 0.5415453125 0.78174375 0.522271875 0.688128125 0.5055703125 0.6097984375000001 0.49528906250000004 0.5887828125000001 0.503 0.535290625 0.5119921875 0.514275 0.5209890625 0.47224374999999996 0.5235562500000001 0.434034375 0.5299828125 0.41875156249999995 0.517134375 0.409375 0.5208421875 0.409375 0.5684828125 0.42543749999999997 0.5736687500000001 0.451228125 0.6006484375000001 0.5286015625 0.628915625 0.581140625 0.6674609375 0.689084375 0.6726015624999999 0.7530859375000001 0.6905921875
14 1 0.71835625 0.8621359375000001 0.65333125 0.838453125 0.658640625 0.7526015625 0.8245531250000001 0.7486546875 0.8510984374999999 0.7585203125 0.8829546875000001 0.95291875 0.9904640625000001 0.9796734375 1 1 1 1 0.71835625
17 0.7387859375 0.6944781250000001 0.6904343749999999 0.658640625 0.64109375 0.66395 0.630240625 0.67855 0.65195 0.713059375 0.6164234375000001 0.7900421875 0.6657640625 0.8218984375 0.6825390625 0.817915625 0.7003015625 0.7834078124999999 0.7318796875 0.7834078124999999 0.7427328125 0.731640625 0.7387859375 0.6944781250000001
13 0.57103125 0.84844375 0.549321875 0.8112812500000001 0.549321875 0.7528796875 0.5749796875000001 0.6732390625 0.498996875 0.60289375 0.4654453125 0.5498031250000001 0.438803125 0.5829859374999999 0.4230125 0.6307671874999999 0.41314687499999997 0.7528796875 0.43288281250000005 0.8988796875 0.48814062500000005 0.9148093749999999 0.4960359375 0.867028125 0.5128109375000001 0.84180625 0.57103125 0.84844375