6 0.5379109375 0.2509796875 0.5350718750000001 0.409375 0.97031875 0.409375 0.975278125 0.24205468749999998 0.937009375 0.19593906249999998 0.845159375 0.207840625 0.6920828125 0.1632125 0.61335625 0.1751140625 0.5379109375 0.2509796875
6 0 0.7775171875 0.0258953125 0.77648125 0.0389203125 0.780821875 0.047603125 0.787334375 0.0693109375 0.7938468750000001 0.07799375 0.7938468750000001 0.09753125 0.8025296875000001 0.108384375 0.8025296875000001 0.138775 0.813384375 0.15505625 0.8122984375 0.16916562500000001 0.8025296875000001 0.2038984375 0.806871875 0.22126406250000002 0.7938468750000001 0.23428906249999998 0.78950625 0.2505703125 0.7753953124999999 0.2549109375 0.7580296875 0.2679359375 0.736321875 0.27010625 0.72546875 0.2939859375 0.7081015625 0.2939859375 0.6972484375 0.2874734375 0.6885656250000001 0.2777046875 0.6874796875 0.2744484375 0.6842234375 0.2809609375 0.6777109375 0.2874734375 0.6603453125 0.29615625 0.6516625 0.300496875 0.6408078125000001 0.300496875 0.6299546874999999 0.2907296875 0.618015625 0.279875 0.61584375 0.262509375 0.6201859375 0.2549109375 0.6277828125 0.2516546875 0.6397234375 0.23971562500000002 0.6234421875 0.2375453125 0.5995640625 0.229946875 0.591965625 0.208240625 0.591965625 0.2028125 0.5973921875 0.2028125 0.6039046875 0.19955625 0.6071609375 0.188703125 0.5897953125 0.164825 0.587625 0.13660468750000002 0.6006484375000001 0.1170671875 0.604990625 0.10404374999999999 0.6136734374999999 0.0866765625 0.591965625 0.0823359375 0.5897953125 0.05628593750000001 0.5897953125 0.034578125 0.604990625 0.008529687499999999 0.6071609375 0 0.6097859375 0 0.7775171875
16 0.10621406250000001 0.7113578125 0.0866765625 0.7157 0.06496874999999999 0.7135281250000001 0.0465171875 0.72546875 0.0389203125 0.7417484375 0.0291515625 0.7406640624999999 0.0291515625 0.749346875 0.0324078125 0.752603125 0.0432609375 0.75694375 0.050859375 0.755859375 0.060628125 0.752603125 0.134434375 0.7547734375 0.14528749999999999 0.75043125 0.1713375 0.75043125 0.182190625 0.746090625 0.1897890625 0.7384921875 0.19847187500000002 0.7211265625000001 0.1800203125 0.6983328125 0.16916562500000001 0.6983328125 0.16048281250000002 0.7026749999999999 0.14528749999999999 0.7048453125 0.13660468750000002 0.7135281250000001 0.1235796875 0.7113578125 0.10621406250000001 0.7113578125
16 0.2939859375 0.6581750000000001 0.30266875 0.6364671875 0.300496875 0.6277828125 0.2885578125 0.61584375 0.26685 0.618015625 0.2549109375 0.6277828125 0.2505703125 0.6364671875 0.252740625 0.6473203125 0.2505703125 0.656003125 0.2440578125 0.6668578125 0.24839843749999999 0.675540625 0.255996875 0.6809671875000001 0.27661875 0.682053125 0.2939859375 0.6581750000000001
16 0.204984375 0.716784375 0.2006421875 0.7232968750000001 0.2006421875 0.7384921875 0.204984375 0.7428343749999999 0.20715468750000002 0.755859375 0.22886250000000002 0.7602 0.2408015625 0.75694375 0.2581671875 0.746090625 0.26359374999999996 0.7406640624999999 0.27010625 0.72546875 0.2777046875 0.7178703125 0.2939859375 0.7102734374999999 0.29615625 0.69941875 0.2929 0.6939921874999999 0.262509375 0.6809671875000001 0.24948437499999998 0.6809671875000001 0.2408015625 0.685309375 0.21909375 0.7070171875 0.21258125 0.7091875 0.204984375 0.716784375
16 0 0.6582984374999999 0.0020171875 0.6570890625 0.0107 0.6570890625 0.035664062499999996 0.64515 0.037834374999999996 0.6256125 0.0302375 0.6093328125 0.0215546875 0.6071609375 0 0.6093171875000001 0 0.6582984374999999
16 0.1398609375 0.6625156249999999 0.162653125 0.6614296875 0.1735078125 0.6570890625 0.1832765625 0.64515 0.178934375 0.6299546874999999 0.1669953125 0.6223562499999999 0.1518 0.6223562499999999 0.1300921875 0.62886875 0.11489687500000001 0.62886875 0.1007875 0.6342953125 0.1007875 0.6386375 0.11489687500000001 0.652746875 0.121409375 0.65491875 0.12575 0.6614296875 0.1398609375 0.6625156249999999
16 0.204984375 0.6516625 0.19955625 0.64189375 0.195215625 0.6397234375 0.188703125 0.64189375 0.1735078125 0.6570890625 0.1561421875 0.6636015625 0.14203125 0.6777109375 0.1518 0.7005046875 0.16808125000000002 0.69941875 0.17784843749999998 0.6961625 0.1963 0.675540625 0.204984375 0.6516625
16 0 0.7770109374999999 0.0302375 0.7634562500000001 0.035664062499999996 0.7580296875 0.03349375 0.755859375 0.0421765625 0.749346875 0.0421765625 0.7319796875 0.0302375 0.720040625 0.0215546875 0.7178703125 0.0041875 0.7048453125 0 0.703275 0 0.7770109374999999
16 0.1843609375 0.6006484375000001 0.19304375000000001 0.6028203125 0.19412968749999998 0.5973921875 0.1865328125 0.587625 0.175678125 0.585453125 0.10729843750000001 0.6104171875 0.10512812499999999 0.614759375 0.1170671875 0.6266984375 0.1268359375 0.6256125 0.1474578125 0.6201859375 0.1713375 0.604990625 0.1843609375 0.6006484375000001
16 0.22777656249999997 0.5897953125 0.2104109375 0.5897953125 0.2006421875 0.601734375 0.2006421875 0.614759375 0.204984375 0.6234421875 0.204984375 0.6408078125000001 0.20932499999999998 0.6408078125000001 0.22126406250000002 0.6266984375 0.23971562500000002 0.6256125 0.23971562500000002 0.601734375 0.22777656249999997 0.5897953125
16 0.23863125 0.6266984375 0.22560625 0.624528125 0.2114953125 0.6364671875 0.204984375 0.649490625 0.204984375 0.656003125 0.2147515625 0.6636015625 0.229946875 0.6636015625 0.23863125 0.6701140624999999 0.2440578125 0.669028125 0.252740625 0.64515 0.24839843749999999 0.6364671875 0.23863125 0.6266984375
16 0.2114953125 0.6364671875 0.204984375 0.649490625 0.19847187500000002 0.675540625 0.1876171875 0.6863937499999999 0.185446875 0.69290625 0.1876171875 0.7015890625 0.19304375000000001 0.7070171875 0.2006421875 0.7081015625 0.21258125 0.7026749999999999 0.21909375 0.7048453125 0.2234359375 0.7026749999999999 0.23428906249999998 0.68965 0.2505703125 0.67988125 0.2440578125 0.6711984375 0.2440578125 0.6646859375 0.24839843749999999 0.6603453125 0.252740625 0.6473203125 0.24622812500000002 0.6342953125 0.23863125 0.6266984375 0.23211875 0.624528125 0.22126406250000002 0.6266984375 0.2114953125 0.6364671875
16 0.060628125 0.6505765625000001 0.0530296875 0.6581750000000001 0.050859375 0.6646859375 0.05628593750000001 0.672284375 0.067140625 0.6766265625 0.0736515625 0.6831375000000001 0.0899328125 0.6863937499999999 0.094275 0.6668578125 0.0801640625 0.65491875 0.067140625 0.6484062500000001 0.060628125 0.6505765625000001
16 0 0.7044312500000001 0.0302375 0.7178703125 0.041090625 0.726553125 0.044346875 0.72546875 0.060628125 0.7135281250000001 0.06496874999999999 0.7135281250000001 0.0736515625 0.7026749999999999 0.0855921875 0.6972484375 0.0855921875 0.6885656250000001 0.0801640625 0.6831375000000001 0.0736515625 0.6831375000000001 0.05845625 0.6744546875 0.0454328125 0.6570890625 0.0324078125 0.65491875 0.0258953125 0.659259375 0 0.6601843749999999 0 0.7044312500000001
6 1 0.409375 0.4796875 0.409375 0.4796875 0.515825 0.48751875 0.5314640625 0.4796875 0.5431953125 0.4796875 1 1 1 1 0.409375
13 1 0.8078875 0.9764156249999999 0.8019999999999999 0.8719609374999999 0.797653125 0.7152828125 0.804171875 0.5673078125 0.86066875 0.51218125 0.8867437499999999 0.49041875 0.9095593750000001 0.481715625 0.9399828125 0.48441718749999996 1 1 1 1 0.8078875
13 1 0.409375 0.8512375000000001 0.409375 0.8458484374999999 0.4239046875 0.8139328125 0.41303906250000005 0.755209375 0.409375 0.74296875 0.409375 0.7167328125 0.4228171875 0.7138312499999999 0.4336828125 0.7312421875 0.583615625 0.73994375 0.6140390625000001 0.7471984375 0.6216421875 0.7573546875 0.6162109375 0.7718609375 0.650978125 0.768959375 0.6814 0.7979734374999999 0.7378953125 0.85745625 0.7867875 0.951753125 0.7965671875 1 0.788634375 1 0.409375
14 0.795075 0.78135625 0.7892703125 0.7292046875 0.7675078125 0.69335 0.681915625 0.7183390625 0.702228125 0.79439375 0.7544531250000001 0.7965671875 0.7820171874999999 0.79330625 0.795075 0.78135625
16 0.54845 0.4554125 0.5774640625 0.42499062500000007 0.5822765624999999 0.409375 0.4796875 0.409375 0.4796875 0.42526093749999994 0.481715625 0.46627656249999994 0.506378125 0.4695359375 0.5179843749999999 0.4890921875 0.5397453125 0.49017968749999996 0.54845 0.4554125
13 0.51073125 0.631421875 0.49041875 0.6727078125 0.49041875 0.696609375 0.51073125 0.72703125 0.5847156250000001 0.771578125 0.6035765625 0.7726640625 0.61518125 0.7596265625 0.6064796875 0.705303125 0.61518125 0.6270749999999999 0.5919703125 0.524946875 0.6079296875 0.5043046875 0.708028125 0.45323906249999996 0.7138312499999999 0.43151093749999997 0.7065765625 0.41521093750000004 0.695503125 0.409375 0.5843375 0.409375 0.580365625 0.42499062500000007 0.55425 0.45323906249999996 0.53684375 0.5097359375 0.5049265625 0.5445031250000001 0.49912343750000004 0.5923093749999999 0.51073125 0.631421875