6 0 0 0 1 1 1 1 0 0 0
17 0.45703125 0.747728125 0.4609375 0.7963046874999999 0.4951171875 0.83620625 0.5234375 0.9073359375000001 0.5576171875 0.957646875 0.580078125 0.9593812500000001 0.6259765625 0.9437671875 0.634765625 0.9177453124999999 0.640625 0.8518203124999999 0.6064453125 0.825796875 0.5908203125 0.801509375 0.5615234375 0.7112953125 0.5380859375 0.7217046875 0.5009765625 0.6974171874999999 0.4619140625 0.735584375 0.45703125 0.747728125
17 0.4853515625 0.867434375 0.4521484375 0.8743734375000001 0.4150390625 0.825796875 0.3984375 0.883046875 0.390625 0.9420328124999999 0.4541015625 0.999284375 0.482421875 0.9975484375000001 0.5 0.883046875 0.4853515625 0.867434375
17 0.6923828125 0.15613749999999998 0.6826171875 0.16307812500000002 0.662109375 0.20991875000000002 0.673828125 0.265434375 0.6875 0.2897234375 0.71484375 0.2342078125 0.6953125 0.1821609375 0.6923828125 0.15613749999999998
17 0.474609375 0.4770890625 0.49609375 0.4770890625 0.5185546875 0.475353125 0.5234375 0.45974062499999996 0.5205078125 0.44065624999999997 0.5 0.4250421875 0.51171875 0.40769374999999997 0.509765625 0.37646562499999997 0.5029296875 0.364321875 0.4677734375 0.3677921875 0.453125 0.393815625 0.474609375 0.4770890625
17 0.8515625 0.2897234375 0.8271484375 0.24982031249999997 0.8076171875 0.24288125 0.802734375 0.2584953125 0.818359375 0.31401093750000003 0.81640625 0.34176875 0.828125 0.3487078125 0.837890625 0.307071875 0.8515625 0.2897234375
13 0.73828125 0.58465 0.7275390625 0.5586265625 0.6748046875 0.5204609375 0.6396484375 0.5274 0.6025390625 0.562096875 0.578125 0.6019984375 0.564453125 0.6436359375 0.560546875 0.6922125 0.57421875 0.7581375 0.6064453125 0.8223265625 0.6318359375 0.83620625 0.66015625 0.8205921875 0.658203125 0.8865171875 0.669921875 0.9836703124999999 0.6767578125 0.999284375 0.701171875 0.9975484375000001 0.685546875 0.8448796875 0.671875 0.8136531250000001 0.6787109375 0.7980390625 0.7119140625 0.79456875 0.7451171875 0.77028125 0.76953125 0.7303796874999999 0.7734375 0.69568125 0.7607421875 0.669659375 0.740234375 0.681803125 0.73828125 0.58465
13 0.2373046875 0.2255328125 0.2099609375 0.2012453125 0.1435546875 0.1838953125 0.119140625 0.24808593750000002 0.125 0.32094999999999996 0.1328125 0.3452390625 0.1845703125 0.39901875000000003 0.236328125 0.4146328125 0.2880859375 0.3920796875 0.3251953125 0.3469734375 0.3427734375 0.3469734375 0.3525390625 0.360853125 0.3671875 0.331359375 0.37109375 0.30360156250000003 0.3330078125 0.2810484375 0.3193359375 0.253290625 0.2939453125 0.22900312500000003 0.2373046875 0.2255328125
13 0.173828125 0.07806874999999999 0.171875 0.0329625 0.1513671875 0.0277578125 0.0693359375 0.062454687499999995 0.05859375 0.1058265625 0.05859375 0.1578734375 0.064453125 0.196040625 0.07421875 0.2029796875 0.1044921875 0.1804265625 0.1064453125 0.166546875 0.1123046875 0.166546875 0.1201171875 0.1908359375 0.1357421875 0.1908359375 0.14453125 0.154403125 0.138671875 0.130115625 0.14453125 0.12317499999999999 0.142578125 0.09888749999999999 0.173828125 0.07806874999999999
13 0.3330078125 0.277578125 0.34765625 0.2827828125 0.34765625 0.261965625 0.361328125 0.23073749999999998 0.3466796875 0.15266875 0.3310546875 0.14572812500000001 0.3115234375 0.187365625 0.2919921875 0.1838953125 0.28515625 0.196040625 0.2880859375 0.2255328125 0.3134765625 0.24288125 0.3330078125 0.277578125
13 0.8388671875 0.44065624999999997 0.8505859375 0.44065624999999997 0.8662109375 0.41983750000000003 0.8857421875 0.46147499999999997 0.9091796875 0.48229375 0.962890625 0.48749843750000005 0.9609375 0.40422343749999995 0.9296875 0.3591171875 0.92578125 0.32094999999999996 0.9130859375 0.3053359375 0.8486328125 0.30880625 0.8359375 0.32094999999999996 0.8359375 0.34176875 0.8046875 0.3903453125 0.8115234375 0.4128984375 0.8388671875 0.44065624999999997
13 0.037109375 0.6436359375 0.046875 0.681803125 0.044921875 0.702621875 0.0615234375 0.7425234374999999 0.109375 0.751196875 0.1396484375 0.7390531250000001 0.181640625 0.660984375 0.1796875 0.5950593750000001 0.166015625 0.53954375 0.1572265625 0.53086875 0.1298828125 0.5274 0.1083984375 0.541278125 0.0859375 0.5777109375 0.0615234375 0.6419015625 0.037109375 0.6436359375
13 0.376953125 0.726909375 0.37109375 0.6887421875 0.3447265625 0.6557796875 0.3193359375 0.65925 0.296875 0.6922125 0.3046875 0.772015625 0.328125 0.782425 0.3603515625 0.759871875 0.376953125 0.726909375
13 0.2587890625 0.59679375 0.2470703125 0.59679375 0.2421875 0.6089390625 0.24609375 0.6228171875 0.234375 0.6401656250000001 0.23828125 0.67139375 0.244140625 0.6748640625 0.244140625 0.7199703125 0.298828125 0.7893640625 0.3056640625 0.7772203125 0.3251953125 0.784159375 0.3603515625 0.759871875 0.376953125 0.7234390625 0.375 0.69568125 0.3544921875 0.66271875 0.3310546875 0.6557796875 0.3251953125 0.6349609375 0.3076171875 0.63843125 0.2587890625 0.59679375
13 0.6162109375 0.2567609375 0.5791015625 0.30186718749999997 0.57421875 0.3244203125 0.5986328125 0.3677921875 0.619140625 0.37646562499999997 0.625 0.36952656250000004 0.634765625 0.2827828125 0.6162109375 0.2567609375
13 0.615234375 0.1821609375 0.5947265625 0.100621875 0.5615234375 0.09715312499999999 0.5322265625 0.11103125 0.5205078125 0.13185 0.49609375 0.130115625 0.501953125 0.1717515625 0.5322265625 0.21512343750000001 0.6015625 0.2272671875 0.615234375 0.1821609375
13 0.7763671875 0.6523109375 0.8291015625 0.6453703125 0.8525390625 0.6661890625 0.876953125 0.6679234375 0.9130859375 0.66271875 0.923828125 0.62975625 0.923828125 0.5915890625 0.8876953125 0.53086875 0.8603515625 0.5274 0.8408203125 0.5031109375 0.7880859375 0.5378093749999999 0.7578125 0.6019984375 0.7578125 0.6158781249999999 0.7763671875 0.6523109375
13 0.3857421875 0.4580046875 0.3544921875 0.46147499999999997 0.345703125 0.4770890625 0.359375 0.5048468749999999 0.357421875 0.5464828125000001 0.36328125 0.5707718749999999 0.376953125 0.58118125 0.4052734375 0.5516875 0.4287109375 0.54821875 0.443359375 0.51525625 0.44140625 0.4909671875 0.416015625 0.4666796875 0.419921875 0.43198125000000004 0.4150390625 0.42330781249999994 0.3876953125 0.41983750000000003 0.380859375 0.42851249999999996 0.3857421875 0.4580046875