6 0.5595703125 0.7123546875 0.6240234375 0.66783125 0.7490234375 0.5669140625 0.7773453124999999 0.5238734375 0.7607406250000001 0.4986453125 0.7207015625000001 0.4793546875 0.73046875 0.4645125 0.7207015625000001 0.4318625 0.6826171875 0.379921875 0.5947250000000001 0.34430312500000004 0.5810546875 0.287909375 0.5693374999999999 0.287909375 0.544921875 0.351725 0.5341781250000001 0.3561765625 0.478515625 0.29236249999999997 0.46777499999999994 0.2404171875 0.44824062500000006 0.2404171875 0.4208984375 0.201834375 0.3994140625 0.21667343749999998 0.3779296875 0.21073593750000003 0.3671859375 0.19441406249999998 0.376953125 0.1884765625 0.3740234375 0.142471875 0.3369140625 0.1513734375 0.2900390625 0.0979484375 0.239259375 0.1127875 0.178709375 0.1840234375 0.1474609375 0.1454375 0.133790625 0.1632484375 0.092775 0.1543421875 0.046875 0.17066874999999998 0.0390625 0.2092515625 0.052732812500000004 0.29236249999999997 0.0810546875 0.323528125 0.1005859375 0.317590625 0.103515625 0.351725 0.1201171875 0.373984375 0.13769375 0.373984375 0.1474609375 0.335396875 0.1728515625 0.3828890625 0.1845703125 0.3828890625 0.219725 0.35914531250000004 0.3193375 0.36507812500000003 0.45019375000000006 0.32649531249999997 0.4365234375 0.36507812500000003 0.3818375 0.40366562500000003 0.3291015625 0.40069687500000006 0.3193375 0.3828890625 0.260740625 0.4481890625 0.2294921875 0.43631562500000004 0.234375 0.4645125 0.212890625 0.488259375 0.2207015625 0.541684375 0.29980625 0.66783125 0.3564453125 0.658925 0.40917812500000006 0.7390671875 0.44726718749999994 0.752421875 0.4990234375 0.74796875 0.5185546875 0.7212562499999999 0.5595703125 0.7123546875
21 0.7167984374999999 0.5565234375 0.6923828125 0.5402015625 0.6396484375 0.5639453125 0.6347671874999999 0.598078125 0.6562484375000001 0.627759375 0.7099609375 0.59659375 0.7207015625000001 0.580271875 0.7167984374999999 0.5565234375
21 0.3603515625 0.1929296875 0.2763671875 0.23151562499999997 0.267578125 0.26268125000000003 0.2773453125 0.28642500000000004 0.3740234375 0.24932343750000002 0.37109375 0.20628281249999997 0.3603515625 0.1929296875
3 0.5458984375 0.48974375 0.5185546875 0.4986453125 0.5078140624999999 0.5238734375 0.5136703125000001 0.5743343750000001 0.5302749999999999 0.5847249999999999 0.5615234375 0.5728500000000001 0.58203125 0.601046875 0.6015625 0.571365625 0.599609375 0.5298109375 0.5458984375 0.48974375
3 0.6787093750000001 0.5134875 0.5810546875 0.4422515625 0.560546875 0.49419218750000005 0.58203125 0.4971609375 0.603515625 0.5624609375 0.6318374999999999 0.5639453125 0.685546875 0.5327796874999999 0.6787093750000001 0.5134875
15 0.5244140625 0.4808390625 0.5507828124999999 0.49419218750000005 0.560546875 0.48529062500000003 0.5234375 0.4674796875 0.5244140625 0.4808390625
16 0.6767593749999999 0.376953125 0.5927749999999999 0.35024062499999997 0.587890625 0.3665625 0.60546875 0.38140625 0.619140625 0.42889375 0.6845703125 0.430378125 0.689453125 0.3992125 0.6767593749999999 0.376953125
13 0.44726718749999994 0.2389328125 0.4169921875 0.201834375 0.4013671875 0.22557812500000002 0.3798828125 0.2137046875 0.3740234375 0.255259375 0.2861328125 0.290878125 0.2734375 0.28345625 0.26269375 0.2404171875 0.2490234375 0.2404171875 0.1738296875 0.29236249999999997 0.2294921875 0.3561765625 0.2792984375 0.3635984375 0.3505859375 0.35914531250000004 0.4189453125 0.3294640625 0.44726718749999994 0.2389328125
13 0.47265468750000006 0.5535593750000001 0.49120937500000006 0.5105203125 0.505859375 0.5624609375 0.505859375 0.5268421875 0.5312484375000001 0.43779843749999997 0.44433749999999994 0.368046875 0.3720703125 0.397728125 0.46679843749999994 0.46154375 0.462890625 0.5030984375 0.4423828125 0.5461375 0.42675937499999994 0.5045828125 0.390625 0.49419218750000005 0.44140625 0.6158890625 0.4521484375 0.6173734375000001 0.44726718749999994 0.604015625 0.4599609375 0.59659375 0.453125 0.604015625 0.462890625 0.609953125 0.4609375 0.6247906249999999 0.48632968749999994 0.604015625 0.48828281249999994 0.580271875 0.47265468750000006 0.5535593750000001
16 0.50390625 0.7227406249999999 0.50390625 0.6989953125 0.4736328125 0.6440859375 0.43066250000000006 0.6173734375000001 0.3779296875 0.60846875 0.3613296875 0.666346875 0.40722500000000006 0.7360984375 0.44726718749999994 0.752421875 0.5029296875 0.7390671875 0.49218593750000006 0.725709375 0.50390625 0.7227406249999999
16 0.3935546875 0.4185078125 0.3486328125 0.409603125 0.333984375 0.4763859375 0.349609375 0.4823234375 0.42675937499999994 0.4808390625 0.44140625 0.45561093750000003 0.3935546875 0.4185078125