6 0 0 0 0.55 0.4 0.55 0.4 0 0 0
14 0.3570640625 0.3726703125 0.4 0.393796875 0.4 0.16445937500000002 0.32625000000000004 0.160084375 0.313209375 0.16927187500000002 0.31083906250000004 0.2558796875 0.291875 0.321490625 0.3001734375 0.3595484375 0.3570640625 0.3726703125
17 0 0.22530156250000002 0.019265625 0.2506296875 0.033487499999999996 0.287375 0.1247546875 0.328053125 0.23024218749999997 0.337240625 0.24920625 0.28475 0.2586890625 0.166646875 0.20535156250000003 0.1390890625 0.16979375000000002 0.0997234375 0.1247546875 0.0839734375 0.11289843749999999 0.0839734375 0.10341875 0.09447343750000001 0.08682656250000001 0.065603125 0.0275609375 0.0892234375 0 0.12923125 0 0.22530156250000002
17 0 0 0 0.0651671875 0.0204515625 0.0892234375 0.089196875 0.062978125 0.105790625 0.07872343750000001 0.16268125 0.0892234375 0.22431406250000002 0.12071875000000001 0.266984375 0.16533437499999998 0.2942453125 0.166646875 0.344028125 0.1377765625 0.3416578125 0.0957859375 0.379584375 0.056415625000000004 0.3890234375 0 0 0
12 0 0.5453406249999999 0.012625 0.55 0.1859421875 0.55 0.23616874999999998 0.5091421875 0.3072828125 0.5091421875 0.347584375 0.5301421875 0.4 0.52386875 0.4 0.42830312499999995 0.3357296875 0.3726703125 0.041785937499999995 0.3149328125 0.0453421875 0.35036093749999997 0.033487499999999996 0.3739828125 0 0.3962265625 0 0.5453406249999999
6 0.7915125 0.26310781250000004 0.6606453125 0.145028125 0.6249515625 0.1486046875 0.6190046875 0.1718640625 0.6309015625 0.182596875 0.6273328125 0.1951234375 0.5654671875 0.20943593749999997 0.5297734375 0.2022796875 0.52025625 0.22374999999999998 0.47504843750000003 0.23448281249999997 0.4179421875 0.2810015625 0.4 0.2687359375 0.4 0.55 0.7921546875 0.55 0.8069796874999999 0.4652796875 0.8283953125 0.42591718749999996 0.8283953125 0.393715625 0.7974625 0.3185703125 0.7915125 0.26310781250000004
14 0.43816718750000005 0.41518437500000005 0.42865000000000003 0.5010625 0.4429265625 0.547578125 0.4477578125 0.55 0.48154062499999994 0.55 0.5309640625000001 0.5261078125 0.5618984375 0.4187609375 0.5595171875 0.393715625 0.5321546875000001 0.352565625 0.4798078125 0.352565625 0.43816718750000005 0.41518437500000005
25 0.5702265625 0.40623750000000003 0.632090625 0.3740359375 0.66659375 0.393715625 0.6630234374999999 0.416975 0.6225734375 0.44560000000000005 0.5952109375 0.49748281250000004 0.5927156250000001 0.55 0.7514390625 0.55 0.761771875 0.46885625 0.7534421874999999 0.40266250000000003 0.672540625 0.352565625 0.61305625 0.352565625 0.57379375 0.386559375 0.5702265625 0.40623750000000003
13 0.5880703125 0.361509375 0.5975890625 0.29710000000000003 0.6439874999999999 0.26310781250000004 0.661834375 0.236271875 0.661834375 0.21480312499999998 0.6035375000000001 0.19154374999999998 0.5630859375 0.20943593749999997 0.5297734375 0.1951234375 0.517878125 0.22374999999999998 0.47504843750000003 0.23448281249999997 0.4131828125 0.2810015625 0.4 0.2611765625 0.4 0.4356859375 0.4298375 0.4312875 0.45363125000000004 0.3811921875 0.494084375 0.345409375 0.5297734375 0.3489859375 0.5654671875 0.39192499999999997 0.5880703125 0.361509375
6 0.3758140625 1 0.394109375 0.9992656249999999 0.4 0.9967937499999999 0.4 0.55 0 0.55 0 1 0.3758140625 1
3 0.162134375 0.73028125 0.19528125000000002 0.7100609375 0.33418749999999997 0.7148203125 0.4 0.706884375 0.4 0.592190625 0.1384578125 0.583978125 0.12109375 0.6018203125 0.12109375 0.6375046875 0.13687968749999999 0.7516921875 0.14634843749999998 0.7588296875 0.162134375 0.73028125
3 0.2890640625 1 0.3594421875 0.9945468749999999 0.4 0.9823234375000001 0.4 0.9111546875000001 0.3474171875 0.8549171875000001 0.2663140625 0.89344375 0.2268515625 0.9136640625 0.182653125 0.9136640625 0.14476875 0.9017703125000001 0.12109375 0.8720328125 0.1558203125 0.7887703125 0.1747625 0.7840140625 0.20317500000000002 0.736434375 0.2315875 0.7221609375 0.2268515625 0.713834375 0.1889671875 0.7162124999999999 0.0390140625 0.9243703125 0.0358578125 0.9552968749999999 0.091103125 0.987409375 0.1530125 1 0.2890640625 1
3 0.1289859375 0.69816875 0.11162187500000001 0.7064921875 0.11162187500000001 0.7207671875 0.0327 0.8183031250000001 0.0453265625 0.8420921874999999 0.08005156249999999 0.863503125 0.13687968749999999 0.7826187499999999 0.1289859375 0.69816875
6 0.6346015625 0.8581546875000001 0.61089375 0.8509781249999999 0.620378125 0.8186640625000001 0.6073375000000001 0.8061031249999999 0.6381578125 0.8204593750000001 0.6760890625 0.7773828125 0.7045375 0.78815 0.710465625 0.7755875 0.682015625 0.6858359375 0.6701640624999999 0.6858359375 0.672534375 0.7396828125 0.6476390624999999 0.7378921875 0.6429 0.7666125 0.63934375 0.6858359375 0.6132640625 0.6714734375 0.63104375 0.662503125 0.6286734375 0.648140625 0.5812578125 0.676859375 0.5741453125 0.71635 0.572959375 0.6678828125 0.55755 0.640959375 0.5172484374999999 0.712759375 0.441384375 0.68763125 0.4 0.7264265625 0.4 0.9795406249999999 0.40937812500000004 0.9802171875000001 0.49354062499999996 0.9532921875 0.5812578125 0.9568828125 0.591928125 0.922778125 0.5777015624999999 0.8653359375 0.6346015625 0.8581546875000001