6 0.0569875 0 0.055600000000000004 0.0030343749999999997 0 0.02241875 0 0.5345703125 0.0024390625 0.5403046875 0.1933328125 0.6789546875 0.2730734375 0.70928125 0.34435625000000003 0.7071156249999999 0.4301375 0.6876156250000001 0.5944484375 0.5662984375 0.639153125 0.48614375 0.6560671874999999 0.34749375 0.642775 0.28900000000000003 0.593240625 0.2608390625 0.614990625 0.2348390625 0.611365625 0.2023453125 0.58599375 0.19151093749999998 0.624653125 0.11785625 0.611365625 0.0593625 0.5799515625 0.0506953125 0.5545796875 0.07885625 0.5485390625 0.1156890625 0.53525 0.018201562499999997 0.5235375 0 0.504621875 0 0.49537812499999995 0.0073671875 0.48305 0 0.0569875 0
12 0.061303125 0 0.058015625 0.0073671875 0 0.0257234375 0 0.535915625 0.000021875 0.535971875 0.1909171875 0.6789546875 0.2730734375 0.70928125 0.35402187500000004 0.7071156249999999 0.4398015625 0.6832812500000001 0.5992828125 0.561965625 0.6488171875 0.46014375 0.6609 0.37348906249999997 0.6488171875 0.2998328125 0.6029078125 0.2608390625 0.614990625 0.213178125 0.593240625 0.17417812500000002 0.6174031249999999 0.12651718750000002 0.6089484374999999 0.0636953125 0.5799515625 0.055028125000000004 0.5485390625 0.11135625 0.5267921875 0.0030343749999999997 0.489565625 0 0.061303125 0
6 0.7390625 0 0.7390625 0.75 1 0.75 1 0 0.7390625 0
6 0 0.83448125 0.006446875 0.8370359374999999 0.0992625 0.834628125 0.10893125 0.8310187499999999 0.1224671875 0.8153750000000001 0.1244 0.8310187499999999 0.1379359375 0.8370359374999999 0.20948125 0.83583125 0.24622031249999998 0.834628125 0.2771578125 0.8274078125000001 0.3390359375 0.8274078125000001 0.3622390625 0.8201875 0.43185 0.8153750000000001 0.458921875 0.8081546875000001 0.4705234375 0.7985265625 0.4782578125 0.800934375 0.4937265625 0.7985265625 0.5014624999999999 0.7937140625 0.5285328125000001 0.79130625 0.5362671875 0.7864921875 0.590409375 0.779271875 0.61748125 0.7696453125 0.6490484375000001 0.75 0 0.75 0 0.83448125
3 0 0.8365 0.0025796875 0.8370359374999999 0.081859375 0.83583125 0.0934625 0.8310187499999999 0.101196875 0.818984375 0.101196875 0.7997296875 0.1127984375 0.763628125 0.1127984375 0.75 0 0.75 0 0.8365
3 0.6348828125 0.758815625 0.6411781249999999 0.75 0.47549843750000004 0.75 0.4801921875 0.763628125 0.489859375 0.7720515625 0.5130640625 0.7816796874999999 0.54206875 0.7852890625 0.5788078125 0.7816796874999999 0.6348828125 0.758815625
3 0.1379359375 0.762425 0.1205328125 0.7756624999999999 0.132134375 0.83583125 0.2210828125 0.83583125 0.26555625 0.834628125 0.275225 0.8286109375 0.2790921875 0.8117640625 0.2945609375 0.7925093750000001 0.29069375000000003 0.7756624999999999 0.26942343750000003 0.762425 0.242353125 0.7552046875 0.21528125 0.7576109375 0.20948125 0.761221875 0.21334843750000002 0.7684421875 0.20754687500000002 0.776865625 0.1940109375 0.7684421875 0.1882109375 0.7527984375 0.1379359375 0.762425
15 0.6290828125 0.762425 0.6348828125 0.761221875 0.63295 0.7552046875 0.6139421875 0.75 0.585521875 0.75 0.6290828125 0.762425
15 0.1927234375 0.75 0.1940109375 0.7660359375 0.197878125 0.77325625 0.20367968749999998 0.776865625 0.20948125 0.7756624999999999 0.20948125 0.75 0.1927234375 0.75
15 0.44538593750000005 0.77325625 0.433428125 0.75 0.41945781249999997 0.75 0.42991718749999996 0.7684421875 0.44538593750000005 0.77325625
6 1 0.75 0.7390625 0.75 0.7390625 1 1 1 1 0.75
14 0.966428125 1 0.9700218749999999 0.98378125 0.9821046875 0.97288125 0.972440625 0.889303125 0.9065921875 0.75 0.7390625 0.75 0.7390625 0.9390906250000001 0.7726968750000001 1 0.966428125 1