6 0.56875 0 0.56875 0.344828125 0.6562546874999999 0.3570609375 0.6573046875 0.34552031250000004 0.6111390625 0.34552031250000004 0.626878125 0.32978125 0.6111390625 0.32873125000000003 0.61009375 0.3129953125 0.67409375 0.3182390625 0.6803874999999999 0.2846640625 0.6835359375000001 0.3171890625 0.7139609375 0.3203390625 0.73914375 0.35391249999999996 0.829375 0.34552031250000004 0.9594734375 0.3119453125 0.9804578125000001 0.2888625 1 0.284303125 1 0 0.9671671875 0 0.963671875 0.02026875 0.9615015625 0 0.56875 0
6 0 0.9034125 0.27828906249999996 0.9170203125 0.2356140625 0.719678125 0.1940359375 0.5114703125 0.16772343750000002 0.4890625 0 0.4890625 0 0.9034125
22 0 0.9137578124999999 0.27500468749999996 0.91883125 0.2356140625 0.759509375 0.2170125 0.5875125 0.1621609375 0.4890625 0.0158265625 0.4890625 0 0.5068640624999999 0 0.9137578124999999
13 0 0.909684375 0.0109421875 0.91283125 0.2575125 0.914565625 0.272203125 0.9076234375000001 0.2533171875 0.8104515625 0.2302328125 0.7688015625 0.2281328125 0.675096875 0.21344531249999998 0.5918046875 0.17987031250000002 0.51198125 0.162053125 0.4890625 0.0088984375 0.4890625 0.0182859375 0.51198125 0.004646875 0.5761859375 0 0.570421875 0 0.909684375
26 0 0.9474937499999999 0.13999843750000002 0.9492703125 0.2564640625 0.9371234375 0.40545468749999997 0.944065625 0.43903125000000004 0.9336546875 0.46526093749999997 0.8972125 0.469459375 0.8139203125 0.44427656249999997 0.6508046875 0.4122125 0.4890625 0 0.4890625 0 0.9474937499999999
6 0.9250890625 1 0.9172828125000001 0.9860921875 0.9235687499999999 0.9711609375 0.9277593749999999 0.9263656250000001 0.9172828125000001 0.9077 0.9172828125000001 0.8927687499999999 0.9382359375 0.8778375 0.9403312500000001 0.8479734375 0.9204265625 0.8050453125000001 0.9078546875000001 0.8013125000000001 0.8869015625 0.7789140625 0.8533765624999999 0.767715625 0.830328125 0.767715625 0.8219468750000001 0.7751812499999999 0.8156609375 0.7938453125 0.8041375000000001 0.7733156250000001 0.7810890625 0.6762578125 0.7737546875 0.6669265625 0.763278125 0.6669265625 0.75385 0.683725 0.758040625 0.721053125 0.758040625 0.7733156250000001 0.7517546875 0.7919796875 0.75070625 0.8199765625 0.729753125 0.8199765625 0.71718125 0.8274421875 0.7098484375 0.7957124999999999 0.7098484375 0.7434515625 0.70041875 0.73411875 0.6899421875 0.73411875 0.6805140625 0.747184375 0.6847046875 0.7919796875 0.682609375 0.8479734375 0.6668937500000001 0.879703125 0.6564171875 0.879703125 0.64489375 0.8965015624999999 0.653275 0.9524953125 0.6637515625 0.9898250000000001 0.6637515625 1 0.9250890625 1
6 0.597715625 1 0.5967015625000001 0.997290625 0.607178125 0.9375640625000001 0.6019390625 0.9207656249999999 0.5851765624999999 0.9170328124999999 0.578890625 0.9394296875 0.570509375 0.9394296875 0.56875 0.9415765625000001 0.56875 1 0.597715625 1
7 1 0.656215625 0.9874765625 0.644528125 0.9581421875 0.65199375 0.9424265625 0.6762578125 0.9382359375 0.6949234375 0.9445218750000001 0.747184375 0.972809375 0.8013125000000001 1 0.830378125 1 0.656215625
7 1 0.611409375 0.98538125 0.614665625 0.9801421875 0.623996875 0.9822374999999999 0.6426624999999999 0.9979531250000001 0.6482609375 1 0.6512453125000001 1 0.611409375
7 0.7831578125 1 0.7852796875 0.982359375 0.787375 0.870371875 0.7810890625 0.844240625 0.763278125 0.823709375 0.7318484375 0.8199765625 0.71718125 0.8274421875 0.7014671875 0.85170625 0.6972765625 0.8853031250000001 0.7060546875 1 0.7831578125 1
7 0.70255625 1 0.6888953124999999 0.9860921875 0.6721328125 0.8927687499999999 0.6647984375 0.879703125 0.6564171875 0.879703125 0.6469890625 0.8890359374999999 0.64489375 0.9077 0.653275 0.9300984375000001 0.653275 0.9450296874999999 0.6637515625 0.9898250000000001 0.6625281249999999 1 0.70255625 1
7 0.7014671875 0.9898250000000001 0.6972765625 0.8778375 0.7014671875 0.85170625 0.7140390625 0.8330421875 0.7098484375 0.78078125 0.71194375 0.7583828125000001 0.7088 0.7378515625000001 0.687846875 0.73411875 0.6805140625 0.7434515625 0.682609375 0.8479734375 0.6721328125 0.8741046875 0.6721328125 0.8890359374999999 0.6888953124999999 0.982359375 0.696228125 0.9916921875 0.7014671875 0.9898250000000001
7 0.8481375 1 0.8481375 0.9935578125 0.8271843750000001 0.8815703125000001 0.8271843750000001 0.8554390625 0.8208984375 0.8143765625 0.8041375000000001 0.7733156250000001 0.7810890625 0.6762578125 0.7758499999999999 0.6669265625 0.763278125 0.6669265625 0.75385 0.683725 0.758040625 0.7247859375 0.758040625 0.7770484375 0.75385 0.81064375 0.7569921875000001 0.7975796875000001 0.758040625 0.818109375 0.7779453125 0.838640625 0.787375 0.8666375000000001 0.7894703125 0.915165625 0.783184375 0.997290625 0.783353125 1 0.8481375 1
7 0.876425 0.8946359375 0.885853125 0.8927687499999999 0.9036640625000001 0.8759703125 0.930903125 0.8834359375 0.9403312500000001 0.8666375000000001 0.9382359375 0.8405078125 0.9120453124999999 0.8199765625 0.90680625 0.7994453125 0.8931875 0.782646875 0.8429 0.7639828125 0.830328125 0.767715625 0.818803125 0.78078125 0.8167078125 0.803178125 0.830328125 0.8685046875 0.8429 0.8685046875 0.876425 0.8946359375
7 0.8994937500000001 1 0.9026156249999999 0.9860921875 0.9277593749999999 0.9375640625000001 0.9246171875 0.9170328124999999 0.9141406249999999 0.9132999999999999 0.8848062499999999 0.9655609374999999 0.876425 0.96929375 0.8602343749999999 1 0.8994937500000001 1
7 0.8355656249999999 0.9189 0.838709375 0.9244984374999999 0.8544234375 0.9226328125000001 0.8586140625 0.9002343749999999 0.85651875 0.8853031250000001 0.8429 0.8685046875 0.8324234374999999 0.8722375 0.8292796875 0.8853031250000001 0.8355656249999999 0.9189
7 0.9225218749999999 0.8050453125000001 0.90680625 0.803178125 0.9120453124999999 0.8199765625 0.9225218749999999 0.831175 0.9298546875 0.829309375 0.9298546875 0.818109375 0.9225218749999999 0.8050453125000001
7 0.8612171875 1 0.876425 0.96929375 0.8848062499999999 0.9655609374999999 0.9151875 0.9114328125 0.919378125 0.8927687499999999 0.9162359375 0.879703125 0.90156875 0.879703125 0.8931875 0.8909015625000001 0.872234375 0.89836875 0.8648999999999999 0.9114328125 0.8481375 0.9711609375 0.8501609374999999 1 0.8612171875 1
7 0.5954953125 1 0.607178125 0.9375640625000001 0.6019390625 0.9207656249999999 0.5851765624999999 0.9170328124999999 0.582034375 0.9226328125000001 0.5799390625 0.9487625 0.56875 0.9908453125 0.56875 1 0.5954953125 1