6 0.169921875 0.3136359375 0.1513671875 0.321 0.1328140625 0.3548671875 0.125 0.40198437499999995 0.1318375 0.4446875 0.241209375 0.438796875 0.2421859375 0.46971875 0.2744140625 0.5006406250000001 0.344725 0.48591875 0.3759765625 0.44763281250000003 0.42870937500000006 0.42407500000000004 0.4638671875 0.4976953125 0.5097671874999999 0.5227265625 0.521484375 0.41965624999999995 0.484375 0.3489765625 0.484375 0.2753515625 0.46972500000000006 0.25032031250000003 0.3994140625 0.24737499999999998 0.3916015625 0.2208703125 0.38769375 0.265046875 0.3505859375 0.270934375 0.344725 0.24148437500000003 0.176759375 0.17669531249999998 0.125 0.2606296875 0.169921875 0.3136359375
13 0.12890625 0.2576828125 0.130859375 0.2694609375 0.178709375 0.30627343749999997 0.215821875 0.32394531249999997 0.23046875 0.322471875 0.2744140625 0.28271562499999997 0.303709375 0.2797703125 0.3173828125 0.285659375 0.323240625 0.2768234375 0.3291015625 0.28271562499999997 0.3398453125 0.27240625 0.3476546875 0.248846875 0.342775 0.24148437500000003 0.2294921875 0.1884765625 0.176759375 0.17669531249999998 0.1601546875 0.195840625 0.12890625 0.2576828125
13 0.126953125 0.434378125 0.1318375 0.44174218749999994 0.1416015625 0.44174218749999994 0.1435546875 0.4446875 0.169921875 0.443215625 0.178709375 0.44174218749999994 0.18359375 0.431434375 0.18359375 0.42260156249999997 0.181640625 0.4167109375 0.169921875 0.40198437499999995 0.1640625 0.37548125 0.157225 0.36517187500000003 0.1455078125 0.359284375 0.1328140625 0.37548125 0.130859375 0.39609375 0.126953125 0.40787500000000004 0.126953125 0.434378125
13 0.166015625 0.3430859375 0.166015625 0.378425 0.169921875 0.3872609375 0.169921875 0.39609375 0.1826171875 0.4093484375 0.1884765625 0.41229375 0.1953140625 0.4108203125 0.2138671875 0.39756562500000003 0.217775 0.39756562500000003 0.2255859375 0.38873437499999997 0.2294921875 0.38873437499999997 0.2363296875 0.37548125 0.232421875 0.3578125 0.2226546875 0.3371953125 0.2119140625 0.32394531249999997 0.2021484375 0.3180546875 0.1923828125 0.32394531249999997 0.17480625 0.326890625 0.166015625 0.3430859375
13 0.282225 0.285659375 0.26269375 0.29155156249999997 0.2568375 0.2974421875 0.2382828125 0.3283640625 0.2402328125 0.340140625 0.24609375 0.3489765625 0.248046875 0.3578125 0.255859375 0.3578125 0.26269375 0.3504484375 0.280275 0.3533953125 0.282225 0.35634062499999997 0.3076171875 0.35634062499999997 0.3134765625 0.3533953125 0.328125 0.33425 0.33203125 0.319528125 0.33203125 0.307746875 0.3173828125 0.29155156249999997 0.29980625 0.28271562499999997 0.284178125 0.28271562499999997 0.282225 0.285659375
13 0.443359375 0.322471875 0.453125 0.3136359375 0.4384765625 0.2974421875 0.43066250000000006 0.29155156249999997 0.4111328125 0.2944953125 0.40722500000000006 0.28860625 0.40625156249999994 0.29596875 0.412109375 0.30185625 0.4140625 0.3165828125 0.412109375 0.3283640625 0.396484375 0.3578125 0.396484375 0.37548125 0.40429843749999994 0.3931484375 0.40234531249999994 0.39609375 0.4189453125 0.42112812499999996 0.431640625 0.42554375 0.4638671875 0.4976953125 0.4833984375 0.5094765625 0.4951171875 0.5242 0.5078140624999999 0.5227265625 0.515625 0.5109484375 0.5097671874999999 0.47855468749999996 0.517578125 0.4579375 0.521484375 0.431434375 0.517578125 0.40492968749999997 0.49609375 0.3666453125 0.484375 0.3548671875 0.482421875 0.340140625 0.4755859375 0.3298359375 0.46777499999999994 0.32394531249999997 0.44433749999999994 0.326890625 0.443359375 0.322471875
13 0.330078125 0.33425 0.3222671875 0.3489765625 0.3271484375 0.359284375 0.3388671875 0.36517187500000003 0.3486328125 0.38284375000000004 0.3583984375 0.38873437499999997 0.3681625 0.4005109375 0.3984375 0.3990390625 0.400390625 0.39020625 0.39453125 0.3725359375 0.390625 0.3666453125 0.3867171875 0.351921875 0.383790625 0.3504484375 0.3759765625 0.3357234375 0.3681625 0.3357234375 0.3544921875 0.326890625 0.344725 0.30921875 0.340821875 0.30921875 0.333984375 0.319528125 0.330078125 0.33425
13 0.33203125 0.30185625 0.3349609375 0.30627343749999997 0.342775 0.30627343749999997 0.3564453125 0.326890625 0.364259375 0.3327765625 0.3779296875 0.3357234375 0.3896484375 0.3504484375 0.39453125 0.3489765625 0.40722500000000006 0.33866874999999996 0.4140625 0.3283640625 0.4140625 0.2930234375 0.40722500000000006 0.28271562499999997 0.38769375 0.2679875 0.3798828125 0.2679875 0.3701171875 0.27387812500000003 0.3486328125 0.27387812500000003 0.340821875 0.2797703125 0.3349609375 0.2797703125 0.33203125 0.2841875 0.33203125 0.30185625
13 0.2636703125 0.37548125 0.265625 0.3931484375 0.2744140625 0.40640312500000003 0.282225 0.40640312500000003 0.2880859375 0.4005109375 0.2958984375 0.4005109375 0.3115234375 0.4093484375 0.3193375 0.4093484375 0.3310546875 0.41523750000000004 0.3437515625 0.413765625 0.3613296875 0.3990390625 0.340821875 0.3681171875 0.3330078125 0.36222656249999996 0.3271484375 0.36222656249999996 0.32519375 0.359284375 0.303709375 0.359284375 0.301759375 0.35634062499999997 0.278321875 0.35634062499999997 0.2763671875 0.3533953125 0.260740625 0.3533953125 0.2578140625 0.3578125 0.2636703125 0.37548125
13 0.2832015625 0.46382812500000004 0.2890625 0.4726640625 0.2919921875 0.48591875 0.2958984375 0.488859375 0.3027328125 0.4873875 0.342775 0.48591875 0.3486328125 0.4829734375 0.359375 0.46971875 0.357421875 0.4549953125 0.346678125 0.43290625 0.3310546875 0.4181828125 0.3193375 0.4181828125 0.3076171875 0.427015625 0.2919921875 0.43290625 0.2861328125 0.438796875 0.2832015625 0.4461609375 0.2832015625 0.46382812500000004
13 0.251953125 0.48150000000000004 0.26269375 0.5006406250000001 0.275390625 0.4991671875 0.2880859375 0.488859375 0.3486328125 0.4829734375 0.357421875 0.475609375 0.359375 0.46382812500000004 0.349609375 0.4373234375 0.3310546875 0.4181828125 0.3173828125 0.4181828125 0.2880859375 0.4358515625 0.2509765625 0.438796875 0.248046875 0.443215625 0.248046875 0.46088281249999996 0.251953125 0.48150000000000004
13 0.390625 0.2606296875 0.390625 0.26651875 0.3955078125 0.27387812500000003 0.40527499999999994 0.2797703125 0.4150390625 0.29155156249999997 0.43066250000000006 0.29155156249999997 0.45019375000000006 0.30921875 0.455078125 0.307746875 0.458984375 0.29596875 0.45703125 0.278296875 0.4521484375 0.270934375 0.44824062500000006 0.270934375 0.44531406249999994 0.26651875 0.44140625 0.2576828125 0.44140625 0.25179375 0.4345703125 0.24148437500000003 0.4169921875 0.24148437500000003 0.40917812500000006 0.24737499999999998 0.4013671875 0.24737499999999998 0.390625 0.2606296875