6 0 0 0 0.5167421875 0.0245546875 0.5410984375 0.029646875 0.5410984375 0.0347375 0.5335234375 0.05765 0.5385734375 0.0907453125 0.5360484375000001 0.0945640625 0.5549875 0.1174765625 0.6029671875 0.12256875 0.648421875 0.12352343750000001 0.65 0.667375 0.65 0.667375 0.645896875 0.662284375 0.6307453125 0.6699203125000001 0.61811875 0.7055625 0.587815625 0.71875 0.5707093750000001 0.71875 0.0614125 0.7055625 0.0524625 0.7106546875 0.0423609375 0.7081078125 0.032259375 0.71875 0.023815625 0.71875 0 0 0
16 0.6393718749999999 0.25700781250000004 0.6342796875000001 0.26205781250000004 0.636825 0.279734375 0.631734375 0.2873109375 0.6291875 0.30751249999999997 0.6228234375 0.31887656249999996 0.6139125 0.3201390625 0.6190046875 0.3251890625 0.6151859375 0.32897656249999996 0.5846359375 0.334028125 0.562996875 0.342865625 0.5477218749999999 0.3908453125 0.532446875 0.4160984375 0.5273546875 0.44135156249999996 0.532446875 0.5171078125 0.5528125 0.5600375 0.56045 0.587815625 0.5680875000000001 0.5979171875 0.5477218749999999 0.6206437499999999 0.541490625 0.65 0.667253125 0.65 0.667375 0.648421875 0.6597375000000001 0.6307453125 0.662284375 0.6231687499999999 0.6991984375 0.594128125 0.71875 0.572453125 0.71875 0.1648609375 0.7119265625 0.1597859375 0.6991984375 0.157259375 0.6813765625 0.1597859375 0.6444625 0.18125 0.636825 0.24185625000000002 0.6393718749999999 0.25700781250000004
12 0.360603125 0.32897656249999996 0.3504203125 0.32392656249999996 0.3122328125 0.32392656249999996 0.268953125 0.336553125 0.215490625 0.339078125 0.2027625 0.344128125 0.19894375 0.3479171875 0.1938515625 0.3807453125 0.1862140625 0.400946875 0.1785765625 0.41357343750000003 0.1365703125 0.45524062499999995 0.11493125 0.469128125 0.10729375000000001 0.48933125000000005 0.10729375000000001 0.5070078125 0.09201875000000001 0.532259375 0.09201875000000001 0.5474109375 0.11493125 0.5979171875 0.1224328125 0.65 0.5389453125 0.65 0.545175 0.6206437499999999 0.56045 0.6004421875 0.540084375 0.5373109375 0.5222625 0.5095328125 0.387334375 0.3554921875 0.360603125 0.32897656249999996
12 0.5922734375 0.084028125 0.591 0.087815625 0.597365625 0.0966546875 0.620278125 0.10422968749999999 0.6342796875000001 0.11559375000000001 0.6342796875000001 0.12569375 0.624096875 0.14084531250000001 0.624096875 0.14842187499999998 0.6419171875 0.1585234375 0.6393718749999999 0.1762 0.6457359375 0.18503750000000002 0.6686484375 0.1648359375 0.6839234375000001 0.1597859375 0.7068359375 0.1597859375 0.71875 0.16845156249999998 0.71875 0.092334375 0.6890140625 0.0764515625 0.6762859375 0.06382499999999999 0.6661015625 0.0613 0.650828125 0.0613 0.6126406249999999 0.081503125 0.5922734375 0.084028125
12 0 0.5182421875000001 0.014371875000000001 0.530996875 0.022009375 0.530996875 0.029646875 0.523421875 0.055104687500000006 0.5385734375 0.07674375 0.5398359375 0.0894734375 0.529734375 0.09965625 0.5145828125 0.1098390625 0.464078125 0.1365703125 0.45018906249999996 0.1785765625 0.4085234375 0.1938515625 0.37316875 0.1938515625 0.3580171875 0.2014890625 0.337815625 0.22440156249999998 0.3251890625 0.22440156249999998 0.30751249999999997 0.21803750000000002 0.3012 0.0652875 0.28857343750000003 0.0525578125 0.2961484375 0.032192187500000004 0.3012 0.020735937500000003 0.3100375 0.0194625 0.31887656249999996 0 0.31887656249999996 0 0.5182421875000001
6 0.71875 0 0.71875 0.65 1 0.65 1 0 0.71875 0
6 0.4323359375 1 0.4025 0.958690625 0.306015625 0.885059375 0.36822499999999997 0.8507796875 0.4126546875 0.796190625 0.3745703125 0.722559375 0.5865796875 0.733984375 0.5815046875000001 0.7720703125 0.5294546875 0.788575 0.599275 0.7822250000000001 0.6068953125000001 0.8101546875000001 0.6627546875 0.8203156249999999 0.6919546875 0.765725 0.620859375 0.714940625 0.6856046874999999 0.66035 0.71875 0.6512359375 0.71875 0.65 0.5988109374999999 0.65 0.5662703125 0.685740625 0.547225 0.681934375 0.5650000000000001 0.6540046875 0.564375 0.65 0 0.65 0 0.7789578125000001 0.127009375 0.8126953125 0.1803296875 0.7720703125 0.214609375 0.8469749999999999 0.2692 0.9041 0.40477968750000004 1 0.4323359375 1
6 1 0.65 0.71875 0.65 0.71875 1 0.8516078125 1 0.8745421875 0.989640625 0.8972453125 0.9640046874999999 0.9199468749999999 0.955459375 0.9426500000000001 0.9340953125 0.9476953124999999 0.9340953125 0.952740625 0.92555 0.965353125 0.9212765624999999 0.9956234374999999 0.882821875 1 0.8743515625 1 0.65
13 1 0.8015578124999999 0.9830109374999999 0.7930937499999999 0.9603078125 0.7930937499999999 0.9577859375 0.788821875 0.9426500000000001 0.788821875 0.940128125 0.7845484375 0.914903125 0.7802765625 0.9123796875 0.776003125 0.9048125 0.776003125 0.8896765625 0.7930937499999999 0.8770640625 0.7973671875 0.87201875 0.8059125 0.8669734375000001 0.8016390624999999 0.8518390625000001 0.8016390624999999 0.8417484375000001 0.788821875 0.8404875 0.8037765625000001 0.8303968749999999 0.812321875 0.8303968749999999 0.8294124999999999 0.8329203125 0.8336859375 0.8303968749999999 0.8550484375 0.8404875 0.8849578125 0.8644515625 0.9212765624999999 0.8770640625 0.929821875 0.88463125 0.929821875 0.8947218749999999 0.9469140625 0.9048125 0.955459375 0.9186859374999999 0.9533234374999999 0.940128125 0.9383687500000001 0.9451734374999999 0.929821875 0.952740625 0.929821875 0.9779656250000001 0.908459375 1 0.8750656250000001 1 0.8015578124999999
13 1 0.65 0.9640921875 0.65 0.9640921875 0.6542296875 0.9691375000000001 0.67559375 0.9691375000000001 0.7012296874999999 0.971659375 0.7097749999999999 0.98805625 0.733275 1 0.7348312499999999 1 0.65
13 0.83418125 0.776003125 0.8455328124999999 0.7738671874999999 0.850578125 0.7653218749999999 0.84679375 0.7546390625 0.827875 0.7653218749999999 0.83418125 0.776003125
13 0.9338218749999999 0.7781390625 0.9287765625000001 0.7268656250000001 0.9224703125 0.7119109375 0.914903125 0.7119109375 0.9022890625000001 0.729003125 0.882109375 0.7418203125 0.8669734375000001 0.7418203125 0.8531000000000001 0.7610484375000001 0.8669734375000001 0.7717296874999999 0.8745421875 0.7930937499999999 0.888415625 0.7909578125000001 0.9022890625000001 0.776003125 0.9338218749999999 0.7781390625
13 0.757128125 1 0.749675 0.978959375 0.7521984374999999 0.9746859375 0.7521984374999999 0.96186875 0.75724375 0.9533234374999999 0.75724375 0.9276859375000001 0.7446296875 0.8806859375 0.7610265625 0.8571859375 0.766071875 0.8529125000000001 0.7685953125 0.8571859375 0.7837296874999999 0.8272765625 0.7938203125000001 0.823003125 0.8064328125 0.8059125 0.8316578124999999 0.8059125 0.836703125 0.8016390624999999 0.8379640625 0.7781390625 0.84679375 0.776003125 0.8518390625000001 0.7674578125 0.869496875 0.7717296874999999 0.8770640625 0.7930937499999999 0.8922000000000001 0.788821875 0.9022890625000001 0.776003125 0.9224703125 0.776003125 0.9300375000000001 0.7802765625 0.9338218749999999 0.7610484375000001 0.9224703125 0.7119109375 0.914903125 0.7119109375 0.8997671875 0.733275 0.8922000000000001 0.733275 0.88463125 0.7418203125 0.8669734375000001 0.7418203125 0.8543609375000001 0.7546390625 0.8392265625 0.7546390625 0.8039109375000001 0.776003125 0.7837296874999999 0.776003125 0.7622875 0.799503125 0.772378125 0.8080484374999999 0.772378125 0.8251406250000001 0.7635500000000001 0.84009375 0.7559812499999999 0.8443671875 0.740846875 0.8443671875 0.7370625000000001 0.8379578125 0.7433687499999999 0.823003125 0.7559812499999999 0.8187312500000001 0.7610265625 0.8016390624999999 0.7509359375 0.8016390624999999 0.7433687499999999 0.8144578125 0.71875 0.8144578125 0.71875 0.8385890625 0.726971875 0.8550484375 0.7294953125 0.8678671874999999 0.7294953125 0.9148671875 0.7370625000000001 0.96186875 0.7370625000000001 1 0.757128125 1
13 0.9943625 0.79523125 0.9994078125 0.7909578125000001 0.9968859374999999 0.7738671874999999 0.985534375 0.7546390625 0.9804890625 0.763184375 0.979228125 0.7525031249999999 0.9741828124999999 0.7439578124999999 0.971659375 0.7140484375 0.9691375000000001 0.7097749999999999 0.9691375000000001 0.67559375 0.9646046875 0.65 0.926253125 0.65 0.926253125 0.6798656249999999 0.9312984375 0.705503125 0.9388671875 0.7183203125000001 0.9388671875 0.7610484375000001 0.952740625 0.788821875 0.9943625 0.79523125