6 0 0 0 0.45 0.509375 0.45 0.509375 0 0 0
12 0.3556765625 0.34586875 0.305096875 0.3141515625 0.30839531249999996 0.2639359375 0.27980625 0.22164687500000002 0.2776078125 0.1687875 0.2655125 0.15028593750000002 0.2523171875 0.1555734375 0.18194531249999998 0.21900468750000002 0.1434609375 0.30093749999999997 0.1694671875 0.45 0.25628125 0.45 0.2787078125 0.441015625 0.2899203125 0.45 0.2922625 0.45 0.305096875 0.3934421875 0.3149921875 0.40665625 0.3149921875 0.443659375 0.32268906249999996 0.44630156249999997 0.36557343750000004 0.3696546875 0.3556765625 0.34586875
6 0.509375 0 0.509375 0.425728125 0.5185500000000001 0.4093265625 0.576184375 0.363846875 0.5899656249999999 0.327840625 0.6413359375 0.4358578125 0.7067859375000001 0.45 0.8282046875000001 0.45 0.939534375 0.4339625 0.9996734375 0.3941671875 1 0.393715625 1 0 0.509375 0
22 1 0.31646406250000003 0.9696999999999999 0.3197359375 0.9454687500000001 0.35302812499999997 0.9080203125 0.36634375 0.902515625 0.3913125 0.8826906250000001 0.42127499999999996 0.909121875 0.42127499999999996 0.9542796875 0.409625 1 0.3538109375 1 0.31646406250000003
22 0.754928125 0.4379203125 0.87608125 0.42127499999999996 0.8551546875 0.3796625 0.85185 0.397971875 0.8331265625000001 0.41628125000000005 0.8111 0.3829921875 0.7879703124999999 0.377996875 0.79788125 0.359684375 0.7516234374999999 0.373003125 0.7340015625 0.359684375 0.6789328125 0.3563578125 0.645890625 0.3397109375 0.6095453125 0.35136406249999996 0.6183578125 0.377996875 0.6569046875 0.422940625 0.7009609375 0.43958593749999997 0.754928125 0.4379203125
6 0.33883593749999996 1 0.33868125 0.9972015624999999 0.4551265625 0.9763624999999999 0.48146562499999995 0.9784453125000001 0.5036453125 0.9471859374999999 0.4870109375 0.9263468749999999 0.4648296875 0.7971421875 0.500871875 0.7450421875 0.459284375 0.7075328125 0.37472343750000003 0.661684375 0.32481875 0.5804109375000001 0.292934375 0.53248125 0.24441562499999997 0.4762140625 0.236615625 0.45 0 0.45 0 1 0.33883593749999996 1
6 0.834728125 1 0.845221875 0.90948125 0.8386125 0.760621875 0.81438125 0.652934375 0.7846437500000001 0.6006750000000001 0.751603125 0.594340625 0.6723046874999999 0.515159375 0.6590859375 0.5119953125000001 0.6568828124999999 0.48665624999999996 0.637059375 0.48665624999999996 0.637059375 0.4739859375 0.6260453125 0.4739859375 0.6183359375 0.45656718749999997 0.6214984375 0.45 0.5797609375 0.45 0.5786859375 0.45339999999999997 0.5874953125 0.45973437500000003 0.581990625 0.47081875 0.5698734375 0.45973437500000003 0.5698734375 0.45 0.5643671875 0.45 0.5643671875 0.47081875 0.5247171875000001 0.4834890625 0.509375 0.4834890625 0.509375 1 0.834728125 1
6 1 0.45 0.6956328125 0.45 0.7133578125 0.48921093750000005 0.719965625 0.546221875 0.7607171875 0.588978125 0.7827453125 0.588978125 0.8190921875000001 0.6444046875 0.8477265624999999 0.7805953125 0.8477265624999999 1 0.919440625 1 0.9160125000000001 0.9959671875 0.9252734374999999 1 1 1 1 0.737953125 0.992009375 0.7251703125 0.9953140625 0.6919140625 1 0.690075 1 0.45
6 0.692840625 0.45 0.5575796875 0.45 0.5547593749999999 0.467040625 0.64176875 0.49079531249999997 0.7111562499999999 0.5430546875 0.7089531250000001 0.492378125 0.6935328125 0.451203125 0.692840625 0.45
22 0.5789875 0.86294375 0.5866984375000001 0.8771968749999999 0.60321875 0.8661109375 0.6021171875 0.8423562499999999 0.615334375 0.855025 0.6274484375 0.8439406249999999 0.624146875 0.8296859375000001 0.650578125 0.8265218750000001 0.69243125 0.782178125 0.7276765625 0.76634375 0.7342828124999999 0.79168125 0.7761375 0.782178125 0.7607171875 0.7790109375000001 0.7574125 0.7615921875 0.7761375 0.763175 0.7805421875 0.7441734375 0.8047718749999999 0.7410046875 0.8102796874999999 0.72041875 0.8190921875000001 0.72041875 0.8102796874999999 0.7109156249999999 0.8146859375 0.666575 0.8014687500000001 0.6254 0.7827453125 0.6016453125 0.75190625 0.5953140625 0.7364859375 0.5731437500000001 0.6483749999999999 0.5002953125 0.5889015625 0.47495624999999997 0.5272234375 0.48445937499999997 0.509375 0.48445937499999997 0.509375 0.9549875 0.5294265625000001 0.9437078124999999 0.561365625 0.8946156249999999 0.556959375 0.8661109375 0.5646703125 0.8423562499999999 0.581190625 0.8439406249999999 0.5789875 0.86294375
22 0.8356546874999999 1 0.8433203125000001 0.9421250000000001 0.8433203125000001 0.7900968749999999 0.8080765624999999 0.634903125 0.79155625 0.6111484375 0.75190625 0.5953140625 0.6770125 0.5224671875 0.5866984375000001 0.47495624999999997 0.5580609375 0.47495624999999997 0.5338328125 0.4876265625 0.509375 0.4876265625 0.509375 1 0.8356546874999999 1
12 0.69426875 0.45 0.5545359375000001 0.45 0.550353125 0.467040625 0.615334375 0.48129218749999997 0.7078515624999999 0.5478046875 0.7177625 0.546221875 0.7089531250000001 0.48921093750000005 0.69426875 0.45