6 0 0 0 1 1 1 1 0 0 0
16 0.2353515625 0.7435296874999999 0.1962890625 0.72311875 0.1767578125 0.7027078125 0.1640625 0.736240625 0.18359375 0.7595671875 0.1962890625 0.7901828125 0.203125 0.788725 0.24609375 0.7595671875 0.2353515625 0.7435296874999999
16 0.5888671875 0.399465625 0.5947265625 0.41695937499999997 0.6015625 0.4155015625 0.63671875 0.383428125 0.650390625 0.336775 0.646484375 0.2609640625 0.6279296875 0.2245171875 0.6025390625 0.2245171875 0.5771484375 0.2390953125 0.5625 0.3076171875 0.568359375 0.389259375 0.5751953125 0.405296875 0.5888671875 0.399465625
16 0.4248046875 0.41695937499999997 0.392578125 0.47090156250000004 0.390625 0.4913125 0.3955078125 0.49860156250000004 0.41796875 0.5029765625 0.44921875 0.438828125 0.4365234375 0.41404375 0.4248046875 0.41695937499999997
16 0.7216796875 0.5335921875 0.7041015625 0.5277609375 0.693359375 0.54088125 0.6953125 0.5671234375 0.712890625 0.5787875 0.7265625 0.5671234375 0.728515625 0.5467125 0.7216796875 0.5335921875
16 0.4462890625 0.10496875000000001 0.453125 0.0947640625 0.451171875 0.080184375 0.4326171875 0.0728953125 0.3994140625 0.11080000000000001 0.392578125 0.129753125 0.40625 0.13266875 0.4248046875 0.12829531249999998 0.4462890625 0.10496875000000001
16 0.64453125 0.8324609374999999 0.642578125 0.78289375 0.626953125 0.7683140625 0.6201171875 0.7435296874999999 0.609375 0.7566515625 0.607421875 0.7945562500000001 0.595703125 0.8266296875 0.595703125 0.84995625 0.603515625 0.8587031250000001 0.64453125 0.8324609374999999
20 0.6435546875 0.65605625 0.6240234375 0.6531390625 0.607421875 0.7099984375 0.6171875 0.7187453125000001 0.6171875 0.736240625 0.62890625 0.7624828124999999 0.638671875 0.7683140625 0.6640625 0.680840625 0.6435546875 0.65605625
16 0.09765625 0.2667953125 0.103515625 0.290121875 0.13671875 0.3251125 0.142578125 0.290121875 0.1279296875 0.25950625 0.1025390625 0.24784375 0.09765625 0.2667953125
16 0.08984375 0.2609640625 0.0712890625 0.2303484375 0.0439453125 0.23326406249999998 0.037109375 0.2551328125 0.041015625 0.28137500000000004 0.0615234375 0.300328125 0.0703125 0.29887031249999996 0.091796875 0.28137500000000004 0.08984375 0.2609640625
13 0.2919921875 0 0.2744140625 0.0349890625 0.236328125 0.068521875 0.224609375 0.167659375 0.2333984375 0.1778640625 0.244140625 0.17640625000000001 0.3701171875 0.142875 0.4208984375 0.090390625 0.43359375 0.068521875 0.431640625 0.05685781250000001 0.3974609375 0 0.2919921875 0
13 0.267578125 0.30470156249999997 0.2578125 0.2522171875 0.2392578125 0.20993750000000003 0.2138671875 0.212853125 0.203125 0.22597499999999998 0.21484375 0.2697125 0.208984375 0.30470156249999997 0.2294921875 0.31782187500000003 0.25 0.31636406250000004 0.267578125 0.30470156249999997
13 0.318359375 0.5787875 0.322265625 0.6196078125 0.3603515625 0.6677187499999999 0.38671875 0.6691765625 0.4111328125 0.6502234375 0.4267578125 0.6531390625 0.447265625 0.6429343750000001 0.4375 0.5787875 0.4150390625 0.50735 0.3818359375 0.4927703125 0.3525390625 0.49568593749999995 0.328125 0.52921875 0.328125 0.5525453125 0.318359375 0.5787875
13 1 0.6983343750000001 0.9482421875 0.67355 0.8720703125 0.6648031249999999 0.8154296875 0.6968765625 0.810546875 0.7216609375 0.818359375 0.7449874999999999 0.900390625 0.9170203125 0.9482421875 0.9709625000000001 1 0.9782515625 1 0.6983343750000001
14 0.8642578125 0.4898546875 0.84765625 0.5000609375 0.8583984375 0.5277609375 0.880859375 0.526303125 0.896484375 0.5117234374999999 0.9091796875 0.46652812499999996 0.9267578125 0.46652812499999996 0.953125 0.4504921875 0.951171875 0.42424999999999996 0.9267578125 0.3790546875 0.9111328125 0.3848859375 0.884765625 0.4155015625 0.876953125 0.46798593750000006 0.8642578125 0.4898546875
13 0.9873046875 0.32365468750000004 0.9228515625 0.3265703125 0.7880859375 0.26242187499999997 0.7685546875 0.26242187499999997 0.736328125 0.322196875 0.7431640625 0.35281250000000003 0.7294921875 0.35281250000000003 0.7236328125 0.33240156249999997 0.7060546875 0.33240156249999997 0.6865234375 0.3440640625 0.65625 0.383428125 0.6845703125 0.405296875 0.7138671875 0.3907171875 0.71875 0.4038390625 0.71484375 0.41841718749999995 0.697265625 0.4359125 0.7216796875 0.4432015625 0.7529296875 0.4432015625 0.7646484375 0.42570781249999995 0.7822265625 0.4402859375 0.7919921875 0.41404375 0.8271484375 0.39363281250000004 0.826171875 0.4067546875 0.8037109375 0.44611718749999996 0.7978515625 0.45194999999999996 0.7958984375 0.4432015625 0.787109375 0.44465937499999997 0.796875 0.4621546875 0.783203125 0.4913125 0.8173828125 0.49568593749999995 0.8310546875 0.521928125 0.87890625 0.526303125 0.8984375 0.5058921875 0.9072265625 0.46652812499999996 0.94921875 0.45340781249999995 0.951171875 0.42133281250000004 0.9638671875 0.3907171875 0.97265625 0.39509062500000003 0.98828125 0.4592390625 1 0.46507031249999997 0.9990234375 0.31490625 0.9873046875 0.32365468750000004
13 0.509765625 0.28137500000000004 0.51953125 0.28720625 0.6083984375 0.2186859375 0.6416015625 0.23326406249999998 0.6484375 0.1501640625 0.6044921875 0.1370421875 0.5869140625 0.11663281249999999 0.5341796875 0.1253796875 0.5087890625 0.142875 0.501953125 0.17640625000000001 0.482421875 0.22014375 0.509765625 0.28137500000000004
13 0.353515625 0.22597499999999998 0.3798828125 0.2361796875 0.3935546875 0.268253125 0.4267578125 0.2740859375 0.43359375 0.284290625 0.43359375 0.3134484375 0.4404296875 0.32365468750000004 0.451171875 0.322196875 0.509765625 0.28720625 0.490234375 0.23472187500000002 0.478515625 0.223059375 0.4501953125 0.16036875 0.4365234375 0.16036875 0.4150390625 0.1807796875 0.3935546875 0.1749484375 0.380859375 0.190984375 0.3720703125 0.2216015625 0.353515625 0.22597499999999998
13 0.4736328125 0.6910453125 0.4853515625 0.6881296875 0.5283203125 0.7172875000000001 0.5625 0.7245765625 0.5947265625 0.71145625 0.6015625 0.6983343750000001 0.58984375 0.65168125 0.5576171875 0.6210656250000001 0.5166015625 0.62398125 0.5048828125 0.61231875 0.4833984375 0.6094031249999999 0.4638671875 0.6414765625000001 0.4296875 0.6575140625 0.4736328125 0.6910453125
16 0.4169921875 0.6648031249999999 0.3955078125 0.6648031249999999 0.3828125 0.6750078125 0.384765625 0.692503125 0.376953125 0.7099984375 0.3935546875 0.7376984375 0.439453125 0.7420718749999999 0.4482421875 0.676465625 0.4169921875 0.6648031249999999
13 0.5078125 0.884946875 0.521484375 0.8645359375 0.521484375 0.8324609374999999 0.544921875 0.803303125 0.529296875 0.7683140625 0.5185546875 0.758109375 0.4853515625 0.769771875 0.4482421875 0.76685625 0.4296875 0.8382937500000001 0.4697265625 0.8747406249999999 0.5078125 0.884946875
13 0.87109375 0.0422796875 0.87109375 0.024784375 0.8388671875 0.0029156250000000002 0.734375 0.0014578125000000001 0.73828125 0.030615625 0.7548828125 0.05248437500000001 0.8115234375 0.0320734375 0.8271484375 0.04956875 0.86328125 0.0539421875 0.87109375 0.0422796875
13 0.62890625 0.9782515625 0.6357421875 0.9972046875 0.68359375 0.9986625 0.7119140625 0.9534671875 0.7734375 0.946178125 0.7412109375 0.871825 0.724609375 0.8878625 0.7216796875 0.9068140625 0.6845703125 0.9038984375 0.6591796875 0.9155625000000001 0.650390625 0.9315984374999999 0.650390625 0.957840625 0.62890625 0.9782515625
16 0.892578125 0.9520093749999999 0.8623046875 0.9330562499999999 0.7431640625 0.9563828125 0.7138671875 0.9534671875 0.6875 0.99283125 0.6904296875 1 0.88671875 0.9986625 0.896484375 0.9665890625 0.892578125 0.9520093749999999
13 0.271484375 0.29887031249999996 0.2890625 0.3134484375 0.291015625 0.33385937499999996 0.318359375 0.3017859375 0.349609375 0.22014375 0.369140625 0.20847968749999998 0.3486328125 0.1749484375 0.3212890625 0.1720328125 0.2998046875 0.1895265625 0.2421875 0.2055640625 0.296875 0.2522171875 0.28515625 0.2609640625 0.271484375 0.29887031249999996
16 0.3564453125 0.3411484375 0.369140625 0.33969062499999997 0.3955078125 0.32365468750000004 0.4267578125 0.3382328125 0.435546875 0.322196875 0.4091796875 0.29157968749999996 0.3701171875 0.29741249999999997 0.3505859375 0.2740859375 0.3388671875 0.2770015625 0.33203125 0.2930375 0.333984375 0.31636406250000004 0.3564453125 0.3411484375
13 0.4248046875 0.1691171875 0.4423828125 0.157453125 0.46484375 0.17640625000000001 0.4814453125 0.1370421875 0.5107421875 0.142875 0.5263671875 0.12829531249999998 0.5615234375 0.1224640625 0.576171875 0.1093421875 0.5576171875 0.0699796875 0.4599609375 0.09330625000000001 0.4384765625 0.11080000000000001 0.4140625 0.15891093750000002 0.4248046875 0.1691171875
13 0.4697265625 0.5277609375 0.4873046875 0.5335921875 0.5078125 0.5117234374999999 0.509765625 0.488396875 0.4990234375 0.46652812499999996 0.4755859375 0.46944375000000005 0.447265625 0.49422812499999996 0.447265625 0.5233859375 0.46484375 0.53505 0.4697265625 0.5277609375
13 0.4873046875 0.4636125 0.5126953125 0.47527656250000005 0.5537109375 0.43737031249999997 0.552734375 0.42424999999999996 0.5400390625 0.411128125 0.4736328125 0.4315390625 0.455078125 0.4621546875 0.453125 0.47965 0.458984375 0.47965 0.4873046875 0.4636125
14 0.158203125 0.9811671875 0.1494140625 0.9972046875 0.212890625 0.9986625 0.32421875 0.908271875 0.322265625 0.8936937500000001 0.30859375 0.8791140625 0.2568359375 0.763940625 0.2314453125 0.76685625 0.2119140625 0.781434375 0.109375 0.8761984375 0.134765625 0.9665890625 0.1474609375 0.9884578125000001 0.158203125 0.9811671875
13 0.05078125 0.99283125 0.0625 0.9811671875 0.078125 0.93743125 0.083984375 0.902440625 0.080078125 0.8703671875 0.0400390625 0.8018453125 0.0009765625 0.7989296875 0 0.9665890625 0.0322265625 0.973878125 0.0439453125 0.9942890625 0.05078125 0.99283125
3 0.1171875 0.7595671875 0.1171875 0.692503125 0.1103515625 0.6822984375 0 0.6691765625 0.0048828125 0.708540625 0.0380859375 0.72311875 0.0537109375 0.763940625 0.0712890625 0.758109375 0.09375 0.7799765625 0.1171875 0.7595671875
13 0 0.5321343749999999 0.009765625 0.5321343749999999 0.0458984375 0.5131812499999999 0.0498046875 0.4840234375 0.1201171875 0.5277609375 0.126953125 0.526303125 0.1181640625 0.5131812499999999 0.1279296875 0.516096875 0.140625 0.5029765625 0.1142578125 0.45194999999999996 0.1005859375 0.45194999999999996 0.087890625 0.438828125 0.076171875 0.4038390625 0.060546875 0.389259375 0.0556640625 0.37030625 0.0361328125 0.35864375000000004 0.0244140625 0.3265703125 0.0087890625 0.3265703125 0 0.336775 0 0.5321343749999999
16 0.68359375 0.8616203125 0.689453125 0.852871875 0.6748046875 0.8280875 0.6259765625 0.8426671875 0.603515625 0.8616203125 0.6337890625 0.8951515625 0.671875 0.896609375 0.685546875 0.8761984375 0.68359375 0.8616203125
16 0.8984375 0.3076171875 0.908203125 0.2667953125 0.908203125 0.24346874999999998 0.9013671875 0.2390953125 0.7548828125 0.20410625 0.73828125 0.2493015625 0.7392578125 0.2740859375 0.7587890625 0.2740859375 0.7685546875 0.25950625 0.7841796875 0.25950625 0.8984375 0.3076171875