6 0.2195765625 0 0.1800359375 0.06026406250000001 0.07218593749999999 0.046503125 0.01700625 0.156596875 0 0.16281718750000002 0 0.2547828125 0.14743124999999999 0.3859609375 0.2577890625 0.3951359375 0.31875 0.37715156250000004 0.31875 0.0595640625 0.2979203125 0.0786140625 0.23231406250000003 0 0.2195765625 0
12 0.22009531249999997 0 0.16373437500000002 0.09466875 0.19006875 0.1244859375 0.2615515625 0.12219218750000001 0.2778546875 0.1198984375 0.28914062500000004 0.0763203125 0.2316234375 0 0.22009531249999997 0
12 0 0.2574046875 0.0107359375 0.2552234375 0.0270390625 0.23458125000000002 0.062153125 0.22999375 0.06842343749999999 0.21393749999999997 0.0521203125 0.1841203125 0.0019578125 0.1841203125 0 0.1805390625 0 0.2574046875
6 0.31875 0 0.31875 0.362265625 0.3893828125 0.409375 0.4896109375 0.409375 0.9486828125000001 0.0561796875 0.8869171874999999 0 0.31875 0
6 0 0.601596875 0.0786984375 0.5985015625 0.1338109375 0.571703125 0.16888125 0.5382046875000001 0.2014484375 0.5281546875 0.25906562499999997 0.571703125 0.31875 0.59830625 0.31875 0.409375 0 0.409375 0 0.601596875
13 0.31875 0.5953875 0.31875 0.42579218750000003 0.2966421875 0.43100937500000003 0.27409531249999997 0.46785781249999997 0.2578125 0.4762328125 0.24779218749999998 0.5264796875 0.2540546875 0.568353125 0.31875 0.5953875
3 0 0.599753125 0.0098078125 0.6001765625 0.01481875 0.5767265625 0 0.5569124999999999 0 0.599753125
3 0.021081250000000003 0.541553125 0.0173234375 0.5934765625 0.0523953125 0.6001765625 0.09498124999999999 0.5901265625 0.0774453125 0.563328125 0.08245625 0.543228125 0.0661734375 0.548253125 0.04613125 0.5348546875 0.021081250000000003 0.541553125
3 0.087465625 0.429334375 0.10875937499999999 0.4511078125 0.1200328125 0.4494328125 0.1687125 0.409375 0.089953125 0.409375 0.087465625 0.429334375
3 0.1851640625 0.419284375 0.27534843750000004 0.4628328125 0.292884375 0.422634375 0.2765109375 0.409375 0.1851640625 0.409375 0.1851640625 0.419284375
6 1 0.498109375 0.8753296875000001 0.4168046875 0.8368734375000001 0.42111093750000006 0.8288062500000001 0.409375 0.31875 0.409375 0.31875 1 1 1 1 0.9766484375 0.987846875 0.9224796874999999 0.9935421874999999 0.705146875 1 0.7020328124999999 1 0.498109375