6 0 0.45690625 0.0036921875 0.4562109375 0.1216375 0.4665390625 0.1271234375 0.497525 0.1572953125 0.49545781250000004 0.171009375 0.47893437499999997 0.2094109375 0.481 0.2423265625 0.5243781249999999 0.275240625 0.52644375 0.280725 0.5161156250000001 0.31089687499999996 0.5140484375 0.3163828125 0.481 0.34269531249999996 0.56875 0.409375 0.56875 0.409375 0.036884375000000004 0.3684984375 0.036884375000000004 0.3630140625 0.049278125 0.3246125 0.0472109375 0.26426875 0.059606250000000006 0.25329531250000004 0.0451484375 0.2354671875 0.046178125 0.2560390625 0.041015625 0.1956953125 0.036884375000000004 0.1915828125 0.0213921875 0.151809375 0.0038328125 0.10517812499999998 0.0141625 0.069521875 0.00176875 0.0516921875 0.0317203125 0.06266406249999999 0.0523765625 0.059921875 0.0957546875 0.031120312500000004 0.094721875 0.0146640625 0.10711718750000002 0 0.10906562500000001 0 0.45690625
3 0.2354671875 0.2981890625 0.151809375 0.2289890625 0.0996953125 0.2227921875 0.069521875 0.253778125 0.0242625 0.26513906249999997 0.0215203125 0.2919921875 0.04209375 0.32194375000000003 0.1874671875 0.40663593750000004 0.2354671875 0.40973437500000004 0.2738703125 0.389078125 0.2848390625 0.37048749999999997 0.282096875 0.34983125 0.2354671875 0.2981890625
21 0.313640625 0.2289890625 0.3328421875 0.2455140625 0.405528125 0.250678125 0.409375 0.2502109375 0.409375 0.1721640625 0.2587828125 0.1608234375 0.197065625 0.18251250000000002 0.199809375 0.2196953125 0.22312343750000002 0.2310546875 0.28895468750000003 0.237253125 0.313640625 0.2289890625
13 0.3314703125 0.5150828125 0.33695624999999996 0.5605265625 0.3460046875 0.56875 0.409375 0.56875 0.409375 0.429653125 0.3822140625 0.43348906249999997 0.3684984375 0.4479484375 0.3383265625 0.4479484375 0.31226875 0.471703125 0.3314703125 0.5150828125
13 0.2724984375 0.3302078125 0.2903265625 0.3126484375 0.2903265625 0.29612343750000003 0.30815625 0.293025 0.342440625 0.306453125 0.34381249999999997 0.336403125 0.391815625 0.3374359375 0.409375 0.3192515625 0.409375 0.2631625 0.37947031249999996 0.253778125 0.32187031250000003 0.2517109375 0.30815625 0.23518750000000002 0.2217515625 0.2610078125 0.2217515625 0.2837296875 0.2724984375 0.3302078125
6 0.6655656249999999 0 0.6591218750000001 0.006128125 0.6395015625 0.037429687499999996 0.5630859375 0.22525 0.49183281250000005 0.297059375 0.4825390625 0.33204687499999996 0.455690625 0.3799203125 0.45775468750000003 0.3983359375 0.47737656250000005 0.433321875 0.5011265625 0.453575 0.49493124999999993 0.48671875 0.511453125 0.5382765625 0.5290078125 0.562215625 0.58270625 0.547484375 0.5930328125 0.5217078125 0.5981953125 0.54564375 0.617253125 0.56875 0.6974671875 0.56875 0.7169515625 0.5585328125 0.7241125 0.56875 0.7542140625 0.56875 0.7706484375 0.5511671875 0.7751296875 0.56875 1 0.56875 1 0 0.6655656249999999 0
13 0.6672546875 0 0.6570578125 0.009809374999999999 0.5630859375 0.221565625 0.5796078125 0.262075 0.5796078125 0.29521875 0.589934375 0.33572812500000004 0.6157515625000001 0.374396875 0.644665625 0.355984375 0.6549921875 0.37808125000000004 0.6611875 0.3412515625 0.70249375 0.355984375 0.7086890625 0.3228390625 0.7128187500000001 0.33757187499999997 0.7200484375 0.33572812500000004 0.7200484375 0.3062671875 0.7314078125 0.28233125000000003 0.7314078125 0.293378125 0.774778125 0.293378125 0.7861390625 0.33572812500000004 0.8098890624999999 0.374396875 0.83570625 0.3799203125 0.8408687499999999 0.355984375 0.884240625 0.35966718750000004 0.907990625 0.317315625 0.9017953125 0.2841703125 0.9028281249999999 0.2270890625 0.958590625 0.23813749999999997 0.99783125 0.30074375 1 0.30267656249999997 1 0 0.6672546875 0
13 0.6993953125 0.36519218750000004 0.7117875 0.4057015625 0.7365703124999999 0.43147812500000005 0.7262453125 0.45725781249999997 0.7448328125 0.45725781249999997 0.773746875 0.3872890625 0.7799421875 0.34309531249999997 0.76651875 0.3117921875 0.7355390625 0.274965625 0.7179828125000001 0.2841703125 0.6993953125 0.36519218750000004
6 0 0.9294062500000001 0.0011578125 0.9302906249999999 0.0300703125 0.9406171875 0.1126828125 0.948878125 0.1312703125 0.9302906249999999 0.1560546875 0.9302906249999999 0.224209375 0.888984375 0.2820375 0.8745265625 0.2872015625 0.8652328125000001 0.26861250000000003 0.8115359375000001 0.2944296875 0.8001781250000001 0.3037234375 0.7764249999999999 0.28100468749999996 0.7578375 0.3305703125 0.7330546874999999 0.36155 0.662834375 0.36774687500000003 0.5719609375 0.366140625 0.56875 0 0.56875 0 0.9294062500000001
6 1 0.56875 0.409375 0.56875 0.409375 1 1 1 1 0.56875
3 0.7683234375 1 0.689409375 0.9067375 0.62854375 0.8726953125 0.6161625 0.8231796875 0.5181625000000001 0.7107375 0.4150078125 0.690109375 0.409375 0.6871171875 0.409375 1 0.7683234375 1
3 1 0.56875 0.566728125 0.56875 0.5687125 0.757159375 0.6264796875 0.8252437499999999 0.6419515625 0.869603125 0.7162265624999999 0.9211796874999999 0.79771875 0.93046875 0.85033125 0.917053125 0.89365625 0.8675390625 0.9741203125 0.83040625 1 0.8359390624999999 1 0.56875
3 0.409375 0.56875 0.409375 0.6741609375000001 0.41913437499999995 0.6839203125 0.526415625 0.7004265625 0.5573671874999999 0.7313703125 0.5622921875 0.56875 0.409375 0.56875