6 0 0 0 0.4296875 0.259375 0.4296875 0.259375 0 0 0
6 0.259375 0 0.259375 0.4296875 0.9737359375000001 0.4296875 0.9826390625 0.37901093750000003 0.9972546875000001 0.3379703125 0.9972546875000001 0.2818828125 1 0.2804328125 1 0 0.259375 0
14 0.8021859375 0.13136874999999998 0.8099812500000001 0.1161921875 0.7990703124999999 0.091678125 0.7741265625 0.0940125 0.7242453125 0.0776703125 0.68995 0.08934375 0.6712421875000001 0.0776703125 0.5777109375 0.08000625 0.501325 0.11152500000000001 0.4982109375 0.1512125 0.5137984375 0.1535484375 0.6431828125 0.1360390625 0.7772453125000001 0.1360390625 0.8021859375 0.13136874999999998
21 0.7772453125000001 0.259775 0.7507453125 0.3076359375 0.76945 0.349659375 0.86126875 0.4296875 0.953734375 0.4296875 0.9721015625 0.41269375 0.9752203125 0.3940171875 0.956515625 0.3589984375 0.8489531250000001 0.283121875 0.7897171875 0.257440625 0.7772453125000001 0.259775
16 0.5761515625 0.2539390625 0.58550625 0.2189171875 0.5215921875 0.17105625 0.49041562499999997 0.1640515625 0.449884375 0.17105625 0.3625890625 0.1500453125 0.3392046875 0.1582171875 0.32985312499999997 0.2142484375 0.3407640625 0.229425 0.356353125 0.23642968749999999 0.3937671875 0.2270890625 0.5091203125 0.231759375 0.53250625 0.27728437499999997 0.5402984375 0.26444375 0.5761515625 0.2539390625
17 0.6239828125 0.4296875 0.8561125 0.4296875 0.8053046875 0.40685937499999997 0.7367140625 0.3625015625 0.546534375 0.3274796875 0.50444375 0.363665625 0.5247109375 0.38584843750000003 0.6239828125 0.4296875
17 0.259375 0.05885312499999999 0.259375 0.13011250000000002 0.265940625 0.12903437499999998 0.3781765625 0.1266984375 0.41091249999999996 0.09985000000000001 0.39220781250000003 0.0554921875 0.359471875 0.0473203125 0.259375 0.05885312499999999
17 0.30958593749999996 0.13136874999999998 0.259375 0.13687031249999998 0.259375 0.24757500000000002 0.27996875 0.237596875 0.2721734375 0.23409375 0.3142640625 0.2212515625 0.3392046875 0.17222500000000002 0.3142640625 0.1558828125 0.30958593749999996 0.13136874999999998
14 0.289321875 0.23992968750000002 0.27996875 0.28195468749999997 0.28776406250000003 0.2994640625 0.33764531249999996 0.318140625 0.37505937500000003 0.320475 0.43429531250000003 0.3484921875 0.47950312500000003 0.349659375 0.51535625 0.343821875 0.5636828125 0.29362656249999997 0.45612031249999996 0.27378281250000003 0.3407640625 0.23642968749999999 0.289321875 0.23992968750000002
17 1 0.1043984375 0.9892515625 0.0963484375 0.9268968750000001 0.0963484375 0.9206609374999999 0.0870109375 0.8676578125000001 0.091678125 0.79439375 0.13720625 0.87389375 0.2130828125 0.9159843750000001 0.2189171875 0.9861328125 0.1874015625 1 0.174246875 1 0.1043984375
21 0.8779187500000001 0 0.8754531249999999 0.006464062499999999 0.8505125 0.05315625 0.8286890625 0.0694984375 0.8458343749999999 0.0870109375 0.89104375 0.088178125 0.9175437499999999 0.084675 0.9315734375 0.07183437499999999 0.9515593750000001 0 0.8779187500000001 0
17 0.577640625 0 0.583946875 0.0263078125 0.7460671875 0.0870109375 0.7850406249999999 0.0905109375 0.8021859375 0.08934375 0.84739375 0.05315625 0.868428125 0 0.577640625 0
17 0.744509375 0.3099703125 0.6540953125 0.186234375 0.6026515625 0.143040625 0.5402984375 0.1477109375 0.54185625 0.186234375 0.5792703125 0.2072453125 0.5886234375 0.2235875 0.5792703125 0.2539390625 0.5387390625 0.272615625 0.573034375 0.29129218749999997 0.5668015625 0.3169734375 0.624478125 0.3228109375 0.6431828125 0.30646874999999996 0.665009375 0.30646874999999996 0.7226859375 0.3286484375 0.744509375 0.3099703125
17 0.7242453125 0.168721875 0.7600984375000001 0.25160312500000004 0.859865625 0.27728437499999997 0.8816890624999999 0.2539390625 0.8629843749999999 0.2072453125 0.8302484375000001 0.189734375 0.7242453125 0.168721875
17 0.9533968749999999 0.211915625 0.8770125 0.21775000000000003 0.8785703125 0.30063125 0.9268968750000001 0.3391515625 0.9502796874999999 0.337984375 0.9533968749999999 0.211915625
14 0.5247109375 0.39051562500000003 0.503503125 0.4296875 0.580803125 0.4296875 0.58550625 0.4173640625 0.5247109375 0.39051562500000003
16 0.3205 0.3169734375 0.27685 0.29362656249999997 0.2846453125 0.241096875 0.259375 0.245759375 0.259375 0.351303125 0.3205 0.3169734375
17 0.30958593749999996 0.318140625 0.259375 0.3586921875 0.259375 0.4296875 0.4935578125 0.4296875 0.501325 0.42203437499999996 0.501325 0.40335625 0.47014843749999996 0.37300625 0.47014843749999996 0.3543296875 0.30958593749999996 0.318140625
12 0.4370421875 0 0.4296203125 0.029810937500000002 0.41403125 0.0461515625 0.48729843749999996 0.091678125 0.5137984375 0.097515625 0.5870640625 0.0753359375 0.6166828125 0.0484875 0.5761515625 0.027475 0.5737062500000001 0 0.4370421875 0
6 0.259375 1 0.259375 0.4296875 0 0.4296875 0 1 0.259375 1
6 0.259375 1 0.259375 0.4296875 0 0.4296875 0 1 0.259375 1
6 1 0.4296875 0.259375 0.4296875 0.259375 1 1 1 1 0.4296875
16 0.9229312500000001 0.57163125 0.9010999999999999 0.4296875 0.7413609375 0.4296875 0.733209375 0.528884375 0.7449203125 0.5630828125 0.776540625 0.6079718749999999 0.8784296875000001 0.6485828125 0.9123906249999999 0.6122468750000001 0.9229312500000001 0.57163125
12 1 0.4296875 0.9135031250000001 0.4296875 0.9159046875 0.4647578125 0.9311296875 0.47971874999999997 0.95338125 0.4775828125 1 0.43503749999999997 1 0.4296875
21 0.5361515625 0.4296875 0.3622328125 0.4296875 0.3584484375 0.5160578124999999 0.37015937499999996 0.849509375 0.38655625 0.8580578125 0.5153796875000001 0.6827828125 0.536459375 0.4305578125 0.5361515625 0.4296875
25 0.3198 0.488271875 0.259375 0.49475781249999995 0.259375 0.767715625 0.268271875 0.770421875 0.30340625 0.7575968750000001 0.3151171875 0.783246875 0.365475 0.8324078125 0.35493437499999997 0.501096875 0.3198 0.488271875
25 0.2654046875 1 0.3643046875 0.890121875 0.36781874999999997 0.8666109375 0.36079062500000003 0.8409609375 0.29872031250000003 0.7661453125000001 0.2799828125 0.791796875 0.2612453125 0.778971875 0.259375 0.778971875 0.259375 1 0.2654046875 1