6 0.3923609375 0.9248046875 0.3854171875 0.9501953125 0.41319375 0.9736328125 0.3958328125 0.9873046875 0.394096875 1 0.8923609375 0.9990234375 0.8819437499999999 0.9736328125 0.815971875 0.9462890625 0.7916671875 0.9208984375 0.8524312500000001 0.9140625 0.8958328124999999 0.8740234375 0.8854171875000001 0.8544921875 0.8576390625 0.8369140625 0.862846875 0.830078125 0.8888890625 0.8232421875 0.8888890625 0.7978515625 0.8819437499999999 0.7841796875 0.78993125 0.73828125 0.737846875 0.73828125 0.7204859375 0.74609375 0.699653125 0.73828125 0.61631875 0.744140625 0.574653125 0.732421875 0.53993125 0.732421875 0.5017359375 0.7421875 0.49131875 0.751953125 0.44618125 0.74609375 0.4045140625 0.75390625 0.3854171875 0.7685546875 0.38194374999999997 0.7880859375 0.3958328125 0.8095703125 0.4236109375 0.8173828125 0.3888890625 0.8251953125 0.3732640625 0.853515625 0.324653125 0.87109375 0.3107640625 0.87109375 0.296875 0.880859375 0.2951390625 0.8916015625 0.30381874999999997 0.8984375 0.324653125 0.900390625 0.362846875 0.919921875 0.3923609375 0.9248046875
16 0.4322921875 0.9296875 0.4739578125 0.927734375 0.512153125 0.93359375 0.53993125 0.9296875 0.64756875 0.931640625 0.66319375 0.9228515625 0.6701390625 0.8974609375 0.6666671875 0.8818359375 0.637153125 0.8671875 0.5572921875 0.861328125 0.5260421875 0.869140625 0.5017359375 0.869140625 0.47743125 0.857421875 0.394096875 0.8515625 0.36631874999999997 0.853515625 0.331596875 0.869140625 0.3072921875 0.87109375 0.293403125 0.8828125 0.2916671875 0.8896484375 0.30381874999999997 0.8984375 0.32118125000000003 0.8984375 0.362846875 0.919921875 0.4322921875 0.9296875
16 0.5 0.8056640625 0.5138890625 0.7841796875 0.503471875 0.7626953125 0.46006875 0.74609375 0.4079859375 0.75390625 0.38368125000000003 0.77734375 0.3923609375 0.8017578125 0.41493125 0.81640625 0.4322921875 0.8203125 0.48090312500000004 0.81640625 0.5 0.8056640625
16 0.8142359375 0.84375 0.8385421875000001 0.84375 0.8888890625 0.8212890625 0.878471875 0.7822265625 0.793403125 0.73828125 0.72743125 0.7421875 0.7291671875 0.7646484375 0.7135421875 0.78125 0.7239578125 0.794921875 0.765625 0.802734375 0.7986109375 0.8173828125 0.7986109375 0.8310546875 0.8142359375 0.84375
16 0.8611109375 0.9091796875 0.878471875 0.8896484375 0.8767359375 0.880859375 0.8350687499999999 0.865234375 0.762153125 0.86328125 0.7239578125 0.8671875 0.72569375 0.9033203125 0.7517359375 0.91015625 0.8072921875000001 0.91796875 0.8454859375 0.916015625 0.8611109375 0.9091796875
16 0.809028125 0.9580078125 0.8125 0.9384765625 0.7829859375 0.91796875 0.7204859375 0.904296875 0.699653125 0.904296875 0.6822921875 0.916015625 0.690971875 0.9306640625 0.71875 0.9423828125 0.7447921875 0.966796875 0.7829859375 0.970703125 0.809028125 0.9580078125
16 0.8819437499999999 0.9736328125 0.824653125 0.94921875 0.7829859375 0.970703125 0.7482640625 0.96875 0.7239578125 0.953125 0.71006875 0.958984375 0.7083328125 0.9658203125 0.7326390625 0.9775390625 0.7482640625 1 0.8923609375 0.9990234375 0.8819437499999999 0.9736328125
16 0.6666671875 0.8271484375 0.6458328125 0.7646484375 0.609375 0.744140625 0.597221875 0.7451171875 0.60069375 0.7529296875 0.590278125 0.7685546875 0.56944375 0.7802734375 0.5677078125 0.8125 0.56944375 0.8388671875 0.5954859375 0.857421875 0.6302078125 0.859375 0.659721875 0.8466796875 0.6666671875 0.8271484375
16 0.8055562500000001 0.8466796875 0.7986109375 0.8193359375 0.769096875 0.8046875 0.6822921875 0.791015625 0.668403125 0.806640625 0.6701390625 0.8291015625 0.7170140625 0.865234375 0.7517359375 0.85546875 0.793403125 0.853515625 0.8055562500000001 0.8466796875
16 0.6822921875 0.9765625 0.715278125 0.9560546875 0.71875 0.9462890625 0.675346875 0.923828125 0.6510421875 0.931640625 0.546875 0.9296875 0.5138890625 0.9384765625 0.5052078125 0.9609375 0.5104171875 0.9755859375 0.53993125 0.98828125 0.57118125 0.98828125 0.609375 0.978515625 0.6822921875 0.9765625
16 0.4704859375 0.9609375 0.44618125 0.97265625 0.4079859375 0.9765625 0.394096875 0.990234375 0.394096875 1 0.52430625 0.9990234375 0.5 0.9638671875 0.48784687499999996 0.958984375 0.4704859375 0.9609375
16 0.734375 1 0.7395828125 0.9931640625 0.7326390625 0.9794921875 0.703125 0.96484375 0.675346875 0.978515625 0.640625 0.98046875 0.6579859375 1 0.734375 1
16 0.578125 0.98828125 0.546875 0.990234375 0.512153125 0.98046875 0.5295140625 1 0.65625 0.9990234375 0.63368125 0.98046875 0.60243125 0.98046875 0.578125 0.98828125
16 0.4826390625 0.8310546875 0.46006875 0.822265625 0.4010421875 0.822265625 0.3854171875 0.8271484375 0.3802078125 0.8359375 0.378471875 0.8427734375 0.390625 0.8515625 0.47743125 0.85546875 0.4861109375 0.8486328125 0.4826390625 0.8310546875
16 0.72569375 0.8974609375 0.71875 0.8701171875 0.67881875 0.83984375 0.668403125 0.837890625 0.64756875 0.85546875 0.6197921875 0.861328125 0.66319375 0.8779296875 0.675346875 0.912109375 0.6892359375 0.912109375 0.699653125 0.90234375 0.72569375 0.8974609375
16 0.72569375 0.7529296875 0.706596875 0.740234375 0.6197921875 0.7421875 0.6458328125 0.7568359375 0.6614578125 0.78125 0.69618125 0.787109375 0.722221875 0.7744140625 0.72569375 0.7529296875
16 0.8854171875000001 0.8544921875 0.8524312500000001 0.8359375 0.8385421875000001 0.84375 0.8107640625 0.84375 0.7795140625 0.85546875 0.7864578125 0.865234375 0.8454859375 0.8671875 0.8697921875000001 0.8828125 0.8958328124999999 0.8759765625 0.8854171875000001 0.8544921875
6 0.640625 0.65625 0.71006875 0.65625 0.71875 0.6416015625 0.6736109375 0.6318359375 0.68055625 0.6162109375 0.6701390625 0.6103515625 0.71180625 0.5947265625 0.71180625 0.5869140625 0.690971875 0.5771484375 0.6875 0.5673828125 0.7048609375 0.5478515625 0.69618125 0.54296875 0.6388890625 0.5458984375 0.652778125 0.5185546875 0.6666671875 0.5146484375 0.6701390625 0.4970703125 0.6614578125 0.4921875 0.49131875 0.494140625 0.4670140625 0.498046875 0.3142359375 0.494140625 0.2864578125 0.5 0.25 0.5205078125 0.24305625000000003 0.5576171875 0.25 0.5654296875 0.25 0.6201171875 0.24131874999999997 0.626953125 0.2395828125 0.6376953125 0.2604171875 0.6533203125 0.3072921875 0.671875 0.609375 0.6640625 0.640625 0.65625
7 0.46527812500000004 0.6396484375 0.47222187499999996 0.6123046875 0.45659687499999996 0.60546875 0.3802078125 0.60546875 0.296875 0.62109375 0.24826406250000002 0.623046875 0.237846875 0.62890625 0.2447921875 0.642578125 0.3697921875 0.640625 0.38368125000000003 0.646484375 0.42534687499999996 0.646484375 0.46527812500000004 0.6396484375
7 0.6302078125 0.630859375 0.578125 0.6328125 0.55381875 0.640625 0.5520828125 0.6572265625 0.578125 0.66015625 0.71875 0.6533203125 0.7135421875 0.638671875 0.6302078125 0.630859375
7 0.690971875 0.5712890625 0.671875 0.5546875 0.60243125 0.560546875 0.5052078125 0.5859375 0.49131875 0.583984375 0.45659687499999996 0.59765625 0.48090312500000004 0.60546875 0.612846875 0.60546875 0.675346875 0.591796875 0.690971875 0.5810546875 0.690971875 0.5712890625
7 0.40625 0.5029296875 0.4010421875 0.494140625 0.3732640625 0.494140625 0.3576390625 0.5029296875 0.2517359375 0.587890625 0.25 0.6005859375 0.27256874999999997 0.609375 0.3125 0.6005859375 0.3958328125 0.5166015625 0.40625 0.5029296875
7 0.52256875 0.58203125 0.57118125 0.5703125 0.5833328125 0.5634765625 0.60069375 0.5361328125 0.612846875 0.53125 0.63368125 0.53515625 0.6736109375 0.4990234375 0.6579859375 0.4921875 0.543403125 0.49609375 0.52256875 0.513671875 0.5 0.5205078125 0.5 0.5283203125 0.5173609375 0.5322265625 0.5173609375 0.5419921875 0.47743125 0.552734375 0.42534687499999996 0.583984375 0.390625 0.595703125 0.390625 0.6015625 0.41840312500000004 0.6015625 0.4670140625 0.591796875 0.48784687499999996 0.58203125 0.52256875 0.58203125
16 0.68055625 0.6142578125 0.671875 0.611328125 0.6267359375 0.61328125 0.4704859375 0.60546875 0.4739578125 0.638671875 0.550346875 0.63671875 0.5920140625 0.62890625 0.68055625 0.6279296875 0.68055625 0.6142578125
16 0.543403125 0.638671875 0.4704859375 0.638671875 0.453125 0.64453125 0.390625 0.6484375 0.39756874999999997 0.66796875 0.5364578125 0.666015625 0.5520828125 0.6572265625 0.5520828125 0.6416015625 0.543403125 0.638671875
6 0.0295140625 0 0.0260421875 0.0078125 0.012153124999999999 0.005859375 0.003471875 0.0146484375 0.003471875 0.0634765625 0.07118125 0.068359375 0.18402812500000001 0.0927734375 0.13715312500000001 0.1015625 0.012153124999999999 0.0859375 0.003471875 0.0888671875 0.0017359375 0.099609375 0 0.2548828125 0.00694375 0.2685546875 0.0260421875 0.279296875 0.06076406250000001 0.28125 0.10243125 0.259765625 0.11631875 0.265625 0.14756875 0.267578125 0.19618125 0.2578125 0.21875 0.2451171875 0.2395828125 0.2138671875 0.25694374999999997 0.2041015625 0.2604171875 0.1787109375 0.20486093749999998 0.1279296875 0.215278125 0.1044921875 0.2083328125 0.0830078125 0.222221875 0.0732421875 0.222221875 0.0498046875 0.1927078125 0.033203125 0.1388890625 0.0361328125 0.15625 0.0146484375 0.1545140625 0 0.0295140625 0
16 0.09375 0.2490234375 0.043403125 0.203125 0.015625 0.197265625 0.0017359375 0.19921875 0 0.2607421875 0.0260421875 0.279296875 0.06423593749999999 0.28125 0.090278125 0.2666015625 0.09375 0.2490234375
16 0.2604171875 0.1787109375 0.206596875 0.12890625 0.1875 0.1298828125 0.1510421875 0.1640625 0.1736109375 0.2001953125 0.203125 0.21484375 0.230903125 0.21484375 0.253471875 0.2060546875 0.2604171875 0.1787109375
16 0.21875 0.0458984375 0.1927078125 0.033203125 0.1510421875 0.03515625 0.13368125 0.0546875 0.1423609375 0.0791015625 0.171875 0.087890625 0.206596875 0.083984375 0.22569374999999997 0.0654296875 0.21875 0.0458984375
6 0.237846875 0 0.25 0.0693359375 0.25 0.1298828125 0.262153125 0.16015625 0.3072921875 0.134765625 0.4114578125 0.12890625 0.4236109375 0.1103515625 0.4357640625 0.10546875 0.44965312500000004 0.111328125 0.49131875 0.11328125 0.574653125 0.11328125 0.5833328125 0.1083984375 0.5833328125 0.0849609375 0.559028125 0.0693359375 0.559028125 0.0634765625 0.58680625 0.0322265625 0.58506875 0 0.237846875 0
13 0.4322921875 0.10546875 0.44965312500000004 0.111328125 0.5607640625 0.115234375 0.578125 0.11328125 0.5833328125 0.1044921875 0.5833328125 0.0849609375 0.5416671875 0.0537109375 0.52256875 0.04296875 0.46006875 0.02734375 0.355903125 0.033203125 0.24826406250000002 0.076171875 0.25 0.1298828125 0.262153125 0.16015625 0.3072921875 0.134765625 0.4079859375 0.130859375 0.4322921875 0.10546875