6 0 0 0 0.309375 0.4 0.309375 0.4 0 0 0
13 0 0.1162 0.0047328125 0.1415828125 0.0171015625 0.15263906249999998 0.023284375 0.1968609375 0.0377140625 0.1968609375 0.048021875000000006 0.1821203125 0.0438984375 0.15263906249999998 0.048021875000000006 0.1378984375 0.0779109375 0.11394531249999999 0.08512499999999999 0.0826203125 0.07585 0.0549828125 0.059357812499999996 0.0402421875 0.018131249999999998 0.0291859375 0 0.046165625 0 0.1162
13 0.1098609375 0.309375 0.17529843750000002 0.309375 0.1820078125 0.30004375 0.1727328125 0.2650359375 0.15211875 0.2502953125 0.11707656250000001 0.26135 0.1098609375 0.2889890625 0.1098609375 0.309375
13 0.16757968750000002 0.237396875 0.1871625 0.305571875 0.20630781250000002 0.309375 0.21472656250000002 0.309375 0.20880625 0.2705625 0.20880625 0.255821875 0.214990625 0.24845156249999997 0.2118984375 0.2355546875 0.1768546875 0.22818437500000002 0.16757968750000002 0.237396875
13 0 0.278346875 0.0026718749999999998 0.2926734375 0.0107671875 0.309375 0.1098609375 0.309375 0.1098609375 0.2889890625 0.09749375 0.2742484375 0.0892484375 0.23002656250000003 0.07585 0.2060734375 0.046990625 0.2208140625 0.036684375000000005 0.21712812499999998 0.0284390625 0.2355546875 0.014009375 0.2392390625 0 0.25544375 0 0.278346875
13 0.4 0.2337125 0.3829890625 0.22818437500000002 0.369590625 0.2337109375 0.3675296875 0.255821875 0.37474375000000004 0.2797765625 0.4 0.3006140625 0.4 0.2337125
13 0.3644375 0.110259375 0.3448546875 0.15263906249999998 0.346915625 0.1821203125 0.36856093749999996 0.2244984375 0.3943265625 0.23002656250000003 0.39845 0.2005453125 0.38814375 0.15263906249999998 0.38814375 0.1268421875 0.380928125 0.110259375 0.3644375 0.110259375
13 0.3159953125 0.15263906249999998 0.3129046875 0.1360546875 0.291259375 0.1673796875 0.291259375 0.1858046875 0.2995046875 0.2005453125 0.303628125 0.1673796875 0.3159953125 0.15263906249999998
13 0.34279375 0.1563234375 0.3335171875 0.139740625 0.325271875 0.139740625 0.3056890625 0.1858046875 0.3056890625 0.2116015625 0.335578125 0.2539796875 0.3531 0.255821875 0.3613453125 0.237396875 0.3613453125 0.207915625 0.346915625 0.1821203125 0.34279375 0.1563234375
13 0.280953125 0.2779328125 0.29744375 0.2521375 0.2953828125 0.207915625 0.269615625 0.1839625 0.2613703125 0.1655359375 0.23869531249999998 0.14711093749999998 0.23045 0.15448125 0.213959375 0.143425 0.18922343749999998 0.14711093749999998 0.17788593749999998 0.160009375 0.17788593749999998 0.189490625 0.1840703125 0.2116015625 0.20983749999999998 0.23186874999999998 0.22220468750000003 0.2650359375 0.280953125 0.2779328125
13 0.11072656249999999 0 0.0995546875 0.0199734375 0.102646875 0.0291859375 0.125321875 0.0291859375 0.147996875 0.051296875 0.15521093749999998 0.0494546875 0.180978125 0.007075 0.203653125 0.0107609375 0.2078203125 0 0.11072656249999999 0
13 0.3778921875 0 0.36546875 0.0162890625 0.36546875 0.02734375 0.380928125 0.0549828125 0.4 0.058509374999999995 0.4 0 0.3778921875 0
13 0.06255 0 0.0645125 0.042084375 0.0768796875 0.045768750000000004 0.079971875 0.0255015625 0.10676875 0.007075 0.10733437500000001 0 0.06255 0
0 0.4 0 0.4 0.309375 1 0.309375 1 0 0.4 0
2 0.7622828125 0.0053859375 0.7581640625 0.010875 0.7499281250000001 0.010875 0.7478687500000001 0.0136203125 0.7396328125 0.0136203125 0.7375734375 0.016365625 0.723159375 0.016365625 0.7211000000000001 0.0191109375 0.7087453125 0.0191109375 0.7066874999999999 0.02185625 0.70256875 0.02185625 0.7015390625 0.023228125 0.7015390625 0.0314640625 0.6994796875 0.034209375 0.6994796875 0.0396984375 0.7015390625 0.04244375 0.7015390625 0.047934375 0.6994796875 0.0506796875 0.6994796875 0.058914062499999996 0.7015390625 0.061659375 0.7015390625 0.06715 0.7066874999999999 0.07401250000000001 0.7108046875 0.07401250000000001 0.7128640625 0.0767578125 0.71389375 0.075384375 0.7149234375 0.07401250000000001 0.7746375 0.07401250000000001 0.7756671875000001 0.07263906249999999 0.7756671875000001 0.0698953125 0.78184375 0.061659375 0.78184375 0.058914062499999996 0.779784375 0.05616875 0.779784375 0.0506796875 0.7777265625 0.047934375 0.7777265625 0.01499375 0.7684593750000001 0.0026406249999999997 0.7664015625 0.0026406249999999997 0.7643421874999999 0.0053859375 0.7622828125 0.0053859375
6 0.4 1 0.4 0.309375 0.225475 0.309375 0.20963125 0.3534859375 0.15873125 0.4400921875 0.14874062500000002 0.7525625 0.18377656250000002 0.9539546874999999 0.20627656249999998 1 0.4 1
6 0.75395625 1 0.822053125 0.973715625 0.9135890625 0.894628125 0.8824062500000001 0.7885734375 0.8451890625 0.8209296875 0.8230609375 0.759815625 0.8301015625 0.7148796875000001 0.78685 0.680725 0.759690625 0.7040921875 0.6812328125 0.666346875 0.6399921875000001 0.5710796874999999 0.6067984375 0.49198906249999996 0.563546875 0.5009765625 0.5223046874999999 0.4937875 0.47000156249999997 0.5135609375 0.44585937500000006 0.5549015625 0.41769531249999997 0.5117625 0.4 0.5117625 0.4 1 0.75395625 1