6 0.18645625 0 0.144909375 0.21800156249999997 0.36859375 0.3517953125 0.37171875 0.3013484375 0.3842140625 0.2026484375 0.402334375 0.046921875 0.41068906250000003 0 0.18645625 0
13 0 0 0 0.2408921875 0.0031625 0.24829374999999998 0.0021375 0.316653125 0.025709375 0.32025156250000003 0.029809375 0.3130546875 0.029809375 0.1619453125 0.0093125 0.0036390625000000004 0.0091640625 0 0 0
5 0.19892656250000001 0 0.1978890625 0.0036390625000000004 0.1978890625 0.0612046875 0.20198906249999998 0.13316250000000002 0.20608906249999998 0.1547484375 0.2214609375 0.179934375 0.240934375 0.1835328125 0.2522078125 0.17273906249999998 0.2573328125 0.1547484375 0.25938125 0.0612046875 0.24605937500000002 0.021628125 0.2352765625 0 0.19892656250000001 0
13 0.262715625 0 0.26143125 0.0180296875 0.2573328125 0.0252265625 0.25938125 0.0612046875 0.27065625 0.10078125 0.27372968750000004 0.09718281250000001 0.3014140625 0 0.262715625 0
13 0.288078125 0.046814062499999996 0.26758125 0.1547484375 0.26758125 0.19792343750000002 0.2727046875 0.2159125 0.2757796875 0.212315625 0.28090468749999997 0.194325 0.297303125 0.1871296875 0.31779999999999997 0.194325 0.3280484375 0.1655421875 0.344446875 0.158346875 0.349571875 0.09718281250000001 0.3321484375 0.06480312499999999 0.31985 0.06480312499999999 0.3116515625 0.050410937499999996 0.3106265625 0.0396171875 0.316775 0.0180296875 0.3116515625 0.007237499999999999 0.3014015625 0.007237499999999999 0.288078125 0.046814062499999996
13 0.3844171875 0.22670625000000003 0.394665625 0.11157500000000001 0.400815625 0.075596875 0.399790625 0.057606250000000005 0.37109375 0.06480312499999999 0.35469531249999997 0.0863890625 0.347521875 0.11157500000000001 0.345471875 0.13316250000000002 0.347521875 0.19792343750000002 0.36289531249999996 0.2590875 0.37211875 0.25548906250000003 0.37929218750000004 0.25189218750000003 0.3844171875 0.22670625000000003
6 0.6616531250000001 0 0.6454359375000001 0.012817187499999999 0.53844375 0.1035859375 0.6000796875 0.10187500000000001 0.648925 0.086459375 0.6454359375000001 0.081321875 0.6966046875 0.0847484375 0.7823390625 0.0847484375 0.7946421875 0.06664687500000001 0.8212953125 0.0847484375 0.9043296875 0.083240625 0.9094546875 0.06363125 0.9258578125 0.0817328125 0.9555843749999999 0.0681546875 0.9238062499999999 0.033459375 0.9094546875 0.054578125 0.86455625 0 0.6616531250000001 0
6 0.9134109374999999 0 0.9125296875 0.02591875 0.9617359375 0.0651390625 0.9764921875000001 0 0.9134109374999999 0
6 1 0.1510609375 0.9832640625 0.123971875 0.9668609375000001 0.123971875 0.9504609374999999 0.15112187500000002 0.9443078125 0.136040625 0.8869015625 0.123971875 0.8704984375 0.099834375 0.8407718750000001 0.1043625 0.82231875 0.16771562499999998 0.828471875 0.219009375 0.80796875 0.258228125 0.81001875 0.36684218749999997 0.823228125 0.4 0.9503078125 0.4 0.952509375 0.38946875 0.9536109375 0.4 1 0.4 1 0.1510609375
22 1 0.1562265625 0.9853140625 0.1269890625 0.9668609375000001 0.1269890625 0.9484109374999999 0.1541421875 0.9299578125 0.1330203125 0.882803125 0.123971875 0.8704984375 0.099834375 0.845896875 0.099834375 0.82436875 0.1616828125 0.8387234375 0.21297187499999998 0.8161703125 0.246159375 0.82641875 0.3970125 0.830371875 0.4 0.9479218749999999 0.4 0.9504609374999999 0.3140453125 0.9599328125 0.4 1 0.4 1 0.1562265625
12 0.8704984375 0.1873296875 0.8540984375 0.1873296875 0.8182203124999999 0.24012656250000003 0.8282796875 0.4 0.9486687500000001 0.4 0.951484375 0.36684218749999997 0.9494359375 0.29443125000000003 0.9330328124999999 0.22504062500000002 0.9156062500000001 0.20543125 0.8951046874999999 0.2235328125 0.8704984375 0.1873296875
12 1 0.1693046875 0.9771124999999999 0.1269890625 0.956609375 0.160175 0.91765625 0.136040625 0.9104796875 0.1707359375 0.8899765625 0.1948703125 0.8930546874999999 0.2144796875 0.91970625 0.202415625 0.9309828124999999 0.2159890625 0.9555843749999999 0.315553125 1 0.2327671875 1 0.1693046875
12 0.8366703125000001 0.11039531250000001 0.82436875 0.173753125 0.8407718750000001 0.2039234375 0.8581984374999999 0.1843140625 0.884853125 0.1993953125 0.9084296875 0.16771562499999998 0.9063796875 0.14659843749999998 0.8704984375 0.0968171875 0.8479468750000001 0.0938015625 0.8366703125000001 0.11039531250000001
6 0 0.918278125 0.01675 0.9249921875 0.040296874999999996 0.9263859374999999 0.051559375 0.9222015625 0.0658921875 0.90825 0.121178125 0.871978125 0.1447265625 0.839890625 0.153940625 0.8189640624999999 0.160084375 0.8273359375 0.170321875 0.8245453125 0.18055937500000002 0.8273359375 0.22970312499999998 0.8636078125 0.2419890625 0.8636078125 0.24813125 0.8691875 0.272703125 0.8663984375 0.295228125 0.8775578124999999 0.32389375 0.8775578124999999 0.32491875000000003 0.8705828125 0.31570312500000003 0.8663984375 0.3085375 0.8566328125 0.30648906249999996 0.8343109375 0.31365625 0.8217546875 0.332084375 0.8050140625 0.3392515625 0.7896671875 0.3300375 0.7687421875 0.3013703125 0.7492109375 0.289084375 0.7296796875 0.278846875 0.7240984375 0.2655375 0.708753125 0.2911328125 0.6906171875 0.294203125 0.6920109375 0.297275 0.7073578125 0.3095609375 0.7017765625 0.32798906250000004 0.71851875 0.37917968750000003 0.7296796875 0.4017046875 0.7296796875 0.4498234375 0.7143328125 0.45 0.7138515625 0.45 0.5736140625 0.4498234375 0.5608734375 0.4365140625 0.5538984375 0.42218125000000006 0.5538984375 0.3986328125 0.5385515625 0.4037515625 0.5343671875 0.40989531250000005 0.5427375 0.413990625 0.5427375 0.419109375 0.5385515625 0.42115625 0.5301812499999999 0.4252515625 0.4576359375 0.419109375 0.4408953125 0.40989531250000005 0.4339203125 0.4058 0.42555 0.383275 0.4088078125 0.348465625 0.4115984375 0.31365625 0.4311296875 0.31365625 0.42555 0.3208234375 0.4241546875 0.32696562500000004 0.4046234375 0.32696562500000004 0.4 0.07750625 0.4 0.083296875 0.415784375 0.08125 0.4269453125 0.083296875 0.4632171875 0.07305937500000001 0.5050703125 0.07305937500000001 0.5218109375 0.0638453125 0.53715625 0.05360625 0.53715625 0.0454171875 0.5483171875 0.04336875 0.5455265625 0.035178125 0.5483171875 0.032106249999999996 0.5441328125 0.0310828125 0.5259953125 0 0.5246296874999999 0 0.918278125
13 0 0.9181874999999999 0.026987499999999998 0.92778125 0.0443921875 0.9263859374999999 0.121178125 0.871978125 0.15086875 0.825940625 0.159059375 0.80361875 0.1570125 0.7701359375 0.14063125 0.7338640625 0.13039375 0.7003828125 0.1232265625 0.69340625 0.121178125 0.6989875 0.11708281250000001 0.6989875 0.11196406249999999 0.6920109375 0.1140125 0.689221875 0.11196406249999999 0.6724796875 0.0955828125 0.6529484375 0.08125 0.6138859375 0.079203125 0.5999359375 0.08125 0.5971453125 0.07613125 0.5901703125 0.06486875 0.6194671875 0.06486875 0.630628125 0.059750000000000004 0.6459734375 0.0556546875 0.6459734375 0.041321875 0.6208625 0.035178125 0.6208625 0.029035937499999998 0.6459734375 0 0.6552828125 0 0.9181874999999999
13 0.0392734375 0.6180718749999999 0.0556546875 0.6431828125 0.06486875 0.630628125 0.0689640625 0.5999359375 0.07613125 0.5901703125 0.08125 0.5971453125 0.08125 0.6138859375 0.0955828125 0.6529484375 0.122203125 0.683640625 0.13653593749999998 0.7143328125 0.138584375 0.7254937499999999 0.143703125 0.73246875 0.148821875 0.7310734375 0.18875 0.6961968749999999 0.21025 0.6668999999999999 0.20615624999999999 0.6389984375 0.1928453125 0.6124921875 0.143703125 0.5790093749999999 0.1232265625 0.5706390625 0.067940625 0.5706390625 0.0556546875 0.57621875 0.035178125 0.57621875 0.0280109375 0.5831953125 0.023915625 0.5943546875 0.025964062500000003 0.6138859375 0.023915625 0.6222578125 0.0392734375 0.6180718749999999
13 0.2737265625 0.7394453125 0.2665609375 0.7436296875 0.2655375 0.7338640625 0.2583703125 0.7213078125 0.246084375 0.7213078125 0.21127500000000002 0.6906171875 0.19489375 0.6906171875 0.1467734375 0.7366546875 0.1467734375 0.7450249999999999 0.1611078125 0.781296875 0.1631546875 0.8147796875 0.1549640625 0.82315 0.1559890625 0.8273359375 0.17237031249999998 0.8245453125 0.18055937500000002 0.8273359375 0.22970312499999998 0.8663984375 0.2440359375 0.8663984375 0.2501796875 0.871978125 0.2767984375 0.8691875 0.295228125 0.8775578124999999 0.32491875000000003 0.878953125 0.32696562500000004 0.8761640625 0.32491875000000003 0.8677921874999999 0.31570312500000003 0.8663984375 0.3085375 0.8566328125 0.30648906249999996 0.8343109375 0.3116078125 0.8245453125 0.3392515625 0.7952484375 0.33515625 0.7729265625 0.2993234375 0.7464203125 0.295228125 0.7352593749999999 0.272703125 0.7157281249999999 0.26144218750000003 0.7143328125 0.2737265625 0.728284375 0.2737265625 0.7394453125
13 0.07305937500000001 0.5357609375 0.051559375 0.53715625 0.046440625 0.5441328125 0.046440625 0.5608734375 0.051559375 0.5734296875 0.07203593750000001 0.5678484375 0.1068453125 0.5706390625 0.1129890625 0.5678484375 0.1334640625 0.5734296875 0.1907984375 0.6097015625 0.20513125 0.6320234375 0.208203125 0.630628125 0.21025 0.5971453125 0.208203125 0.546921875 0.20410781249999999 0.5357609375 0.1826078125 0.5064640625 0.1744171875 0.503675 0.153940625 0.4701921875 0.1396078125 0.45903124999999995 0.12936875 0.45903124999999995 0.1129890625 0.4701921875 0.0966078125 0.46182187499999994 0.08636875000000001 0.46182187499999994 0.083296875 0.4660078125 0.07305937500000001 0.507859375 0.07305937500000001 0.5357609375
13 0.208203125 0.5441328125 0.21025 0.650159375 0.2337984375 0.6961968749999999 0.256321875 0.7073578125 0.2696328125 0.7059624999999999 0.289084375 0.69340625 0.294203125 0.683640625 0.2962515625 0.650159375 0.294203125 0.611096875 0.25939375 0.546921875 0.224584375 0.4966984375 0.21434531250000002 0.474378125 0.20308437499999998 0.45903124999999995 0.18875 0.4534515625 0.17237031249999998 0.4674015625 0.16725 0.4827484375 0.1713453125 0.4966984375 0.186703125 0.5092546875 0.208203125 0.5441328125
13 0.32389375 0.52320625 0.2870375 0.5566875 0.2819171875 0.566453125 0.2819171875 0.5776140625 0.2962515625 0.611096875 0.294203125 0.7059624999999999 0.2993234375 0.7101484375 0.30546562499999996 0.7017765625 0.3116078125 0.7017765625 0.321846875 0.7157281249999999 0.3730375 0.7296796875 0.3945375 0.7310734375 0.42218125000000006 0.7268890625 0.45 0.715125 0.45 0.5594140624999999 0.44880000000000003 0.5566875 0.44265625000000003 0.5538984375 0.4201328125 0.5538984375 0.383275 0.5315765625 0.36689531249999996 0.5259953125 0.32389375 0.52320625
13 0.42729999999999996 0.4604265625 0.4160375 0.4367109375 0.3873703125 0.4088078125 0.354609375 0.4088078125 0.31672812499999997 0.43252499999999994 0.337203125 0.47158749999999994 0.337203125 0.4855390625 0.3310609375 0.507859375 0.3423234375 0.52320625 0.3607515625 0.52320625 0.39146562500000004 0.5343671875 0.413990625 0.5483171875 0.42115625 0.546921875 0.42729999999999996 0.4604265625
13 0.2071796875 0.46182187499999994 0.22663125 0.4994890625 0.2655375 0.552503125 0.2655375 0.5608734375 0.2747515625 0.5734296875 0.277821875 0.572034375 0.2849890625 0.5566875 0.3197984375 0.5259953125 0.3290140625 0.5106499999999999 0.337203125 0.4827484375 0.33515625 0.4660078125 0.32389375 0.44508125 0.30239375 0.4241546875 0.2909984375 0.4 0.1765296875 0.4 0.1713453125 0.435315625 0.1713453125 0.4604265625 0.17851250000000002 0.46182187499999994 0.186703125 0.4534515625 0.196940625 0.4534515625 0.2071796875 0.46182187499999994
13 0.127321875 0.45903124999999995 0.14165468750000001 0.45903124999999995 0.165203125 0.4771671875 0.1692984375 0.46879687499999995 0.1692984375 0.4436859375 0.176421875 0.4 0.07720625 0.4 0.079203125 0.41020312499999995 0.079203125 0.454846875 0.0822734375 0.46182187499999994 0.094559375 0.45903124999999995 0.11094062499999999 0.4701921875 0.127321875 0.45903124999999995
6 0.9780921875 0.5783921875 0.9463703125 0.5177671875 0.9463703125 0.44979531250000004 0.9392375 0.4 0.596790625 0.4 0.5901125 0.40754062500000005 0.5832265624999999 0.4 0.5249234375 0.4 0.457128125 0.49939687499999996 0.520571875 0.594925 0.55180625 0.6952828125 0.9048890625 0.708825 0.9341687500000001 0.5839015625 0.9780921875 0.5783921875