6 0 0 0 0.459375 0.3551796875 0.459375 0.368375 0.44358593749999997 0.3594703125 0.4257765625 0.3861796875 0.3901640625 0.3884078125 0.3278359375 0.4307015625 0.23879687500000002 0.4251359375 0.2224734375 0.368375 0.23879687500000002 0.39508437500000004 0.158659375 0.36169531250000003 0.14678750000000002 0.3706 0.13194843750000002 0.3539046875 0.09485 0.3116109375 0.0800078125 0.30715781249999996 0.0473609375 0.22034531249999997 0.0414234375 0.18695625 0.017684375 0.1335328125 0.032521875 0.11794843749999999 0.011746875 0.0734296875 0.0087765625 0.066846875 0 0.013514062499999998 0 0.011103125 0.017684375 0.0022609375 0 0 0
6 1 0.0684546875 0.9970265625 0.065275 0.977115625 0.065275 0.9682656250000001 0.0771046875 0.9350796875 0.0771046875 0.91738125 0.0968203125 0.91074375 0.084990625 0.8819828125000001 0.084990625 0.8222484375000001 0.1204796875 0.8133984375000001 0.136253125 0.7890625 0.1480828125 0.7757875000000001 0.16385624999999998 0.7569828125 0.1934296875 0.739284375 0.24074843750000002 0.739284375 0.3077828125 0.7614078125 0.3590453125 0.7757875000000001 0.3807328125 0.8045500000000001 0.38861875 0.8111859375 0.3767890625 0.8100796875 0.390590625 0.8178234375000001 0.408334375 0.853221875 0.4359375 0.8841953124999999 0.4517109375 0.91295625 0.4517109375 0.9366078124999999 0.459375 1 0.459375 1 0.0684546875
12 1 0.0713375 0.9859656250000001 0.061331250000000004 0.9682656250000001 0.0771046875 0.9306546875 0.0771046875 0.91738125 0.0968203125 0.91074375 0.084990625 0.8841953124999999 0.084990625 0.8244609374999999 0.1204796875 0.8133984375000001 0.136253125 0.7979125 0.140196875 0.778 0.15991249999999999 0.7569828125 0.1934296875 0.739284375 0.24074843750000002 0.739284375 0.3077828125 0.7569828125 0.3511578125 0.7757875000000001 0.3807328125 0.791275 0.38861875 0.8045500000000001 0.38861875 0.8089734375000001 0.3807328125 0.8100796875 0.3984765625 0.8178234375000001 0.408334375 0.8753453125 0.44776718750000005 0.91295625 0.4517109375 0.9376828125 0.459375 1 0.459375 1 0.0713375
6 0 0.9227203125000001 0.07720625 0.9293078124999999 0.1913265625 0.9126578125 0.206146875 0.9170984375 0.3454625 0.8638203125 0.39733593749999996 0.8049953125 0.42104687500000004 0.7028828125000001 0.4358671875 0.6829046875 0.42104687500000004 0.631846875 0.43290625 0.618528125 0.42549374999999995 0.59521875 0.386959375 0.5929984375 0.3825140625 0.62296875 0.3395328125 0.648496875 0.3187859375 0.624078125 0.28469687499999996 0.618528125 0.2609828125 0.5918890625000001 0.26839375 0.56858125 0.23875312499999998 0.56858125 0.2031828125 0.5819 0.1676125 0.5708015625 0.12018593749999999 0.49754531249999995 0.1024 0.49976562500000005 0.0846171875 0.5219640625 0.0312625 0.5463828125 0 0.5346765625 0 0.9227203125000001
16 0.43290625 0.6007703125 0.40770937500000004 0.5885609374999999 0.3825140625 0.594109375 0.37955 0.62296875 0.3350875 0.6651453125 0.317303125 0.733959375 0.317303125 0.742840625 0.363246875 0.7705875 0.39733593749999996 0.7805765625000001 0.4388328125 0.67624375 0.42104687500000004 0.6296265625 0.43290625 0.6207484375 0.43290625 0.6007703125
21 0.2031828125 0.8704812499999999 0.2535734375 0.8882390625 0.27580312500000004 0.8871296875000001 0.34397968749999996 0.824975 0.3617640625 0.7827968750000001 0.35583593750000003 0.7650390625 0.31285625 0.7417296875 0.26394687499999997 0.7605984375 0.1868796875 0.844953125 0.2031828125 0.8704812499999999
7 0 0.576359375 0.0712765625 0.6340671875 0.0712765625 0.651825 0.1009203125 0.662925 0.14241718750000001 0.61186875 0.139453125 0.6029875 0.09054375 0.586340625 0 0.531359375 0 0.576359375
16 0.21355624999999998 0.80055625 0.2669125 0.7472796875000001 0.25505625 0.71398125 0.22096718750000002 0.6862328125 0.17798750000000002 0.7006625 0.1631671875 0.7317421875 0.172059375 0.7827968750000001 0.2002171875 0.8016671875 0.21355624999999998 0.80055625
17 0.231340625 0.6873421875 0.26987656250000003 0.7384000000000001 0.29655312500000003 0.7406203125 0.3143375 0.7317421875 0.3143375 0.7006625 0.3410140625 0.6496046875 0.31285625 0.6218578124999999 0.25060937499999997 0.6218578124999999 0.23727031250000002 0.62740625 0.231340625 0.6873421875
12 0.029779687500000002 0.5474921875 0.09054375 0.586340625 0.1453828125 0.6007703125 0.1631671875 0.5763515625 0.1572375 0.5519328125 0.1335234375 0.5275140625 0.127596875 0.5008765625 0.10536406250000001 0.49754531249999995 0.0875796875 0.5219640625 0.029779687500000002 0.5474921875
6 1 0.459375 0.45 0.459375 0.45 1 1 1 1 0.459375