6 0 0 0 0.3037859375 0.074525 0.3037859375 0.10278593750000001 0.3424453125 0.11256718750000001 0.3405125 0.1332203125 0.296053125 0.1527859375 0.3115171875 0.20061093749999998 0.3115171875 0.21148125 0.28445624999999997 0.2625671875 0.247728125 0.2647421875 0.20520312500000001 0.2734375 0.1897390625 0.2734375 0.170409375 0.26039375 0.1278828125 0.2582203125 0.06989375 0.266915625 0.05056406249999999 0.2582203125 0.038965625 0.2582203125 0.0196359375 0.261375 0 0 0
14 0.0321328125 0.4642234375 0.030195312499999998 0.5296875 0.1582203125 0.5296875 0.1582203125 0.483553125 0.14626406249999999 0.46615624999999994 0.10930781249999999 0.454559375 0.06148125 0.4158984375 0.0484375 0.4158984375 0.0321328125 0.4642234375
3 0.1886546875 0.5260796875 0.188746875 0.5296875 0.23186718750000002 0.5296875 0.2321328125 0.518346875 0.2136546875 0.454559375 0.16148125 0.46229062499999996 0.156046875 0.4680890625 0.16039375 0.48741874999999996 0.1886546875 0.5260796875
6 1 0.3267421875 0.91600625 0.307684375 0.9029875 0.27823125000000004 0.8812843750000001 0.271684375 0.8671796875 0.25041250000000004 0.8584984375 0.2013203125 0.8302859375 0.1653171875 0.8259453125 0.142409375 0.78796875 0.11459062499999999 0.7749484375 0.1113171875 0.7640984375000001 0.1473171875 0.7272062499999999 0.1178640625 0.7076734375 0.1178640625 0.675121875 0.150590625 0.6642703125 0.01640625 0.6545046875 0.021315624999999998 0.6642703125 0.170228125 0.6252093750000001 0.170228125 0.596996875 0.1996828125 0.560103125 0.18659375 0.5123624999999999 0.20622812499999998 0.515615625 0.1653171875 0.5015109375 0.1571359375 0.4819796875 0.21604687500000003 0.440746875 0.21604687500000003 0.4038546875 0.24223124999999998 0.3995140625 0.2553203125 0.3908328125 0.2553203125 0.3723875 0.2209546875 0.3810671875 0.21113906249999997 0.3810671875 0.1849546875 0.37130312499999996 0.1833203125 0.362621875 0.1996828125 0.359375 0.1939296875 0.359375 0.5296875 1 0.5296875 1 0.3267421875
15 0.669696875 0.021315624999999998 0.6577609375 0.013134375 0.652334375 0.021315624999999998 0.656675 0.0900453125 0.6631859375 0.16204687499999998 0.669696875 0.168590625 0.6762078125000001 0.14895468750000002 0.669696875 0.021315624999999998
15 0.4570234375 0.37150625000000004 0.47438281250000003 0.3485953125 0.50910625 0.20459375 0.515615625 0.16204687499999998 0.5080218750000001 0.1538640625 0.4960859375 0.1653171875 0.47438281250000003 0.2569578125 0.4526828125 0.358415625 0.4570234375 0.37150625000000004
15 0.45485312499999997 0.4369609375 0.44508749999999997 0.41896093749999996 0.43532187499999997 0.430415625 0.4129421875 0.5296875 0.4366875 0.5296875 0.45485312499999997 0.4369609375
15 0.50910625 0.20459375 0.5123624999999999 0.1571359375 0.50368125 0.1538640625 0.4960859375 0.1653171875 0.4505125 0.368234375 0.45919375 0.37150625000000004 0.47872343749999996 0.33223125 0.50910625 0.20459375
15 0.5655296875 0.279865625 0.58723125 0.3355046875 0.669696875 0.5220546875000001 0.6767828125 0.5296875 0.6868171875 0.5296875 0.689228125 0.5187828125 0.6740375000000001 0.47950625 0.5937421875 0.29295781249999997 0.573125 0.2553203125 0.5666140625 0.25859375 0.5655296875 0.279865625
15 0.636059375 0.47459843749999997 0.6241234375 0.48605312500000003 0.62629375 0.5024171875000001 0.6425375 0.5296875 0.6677171875 0.5296875 0.636059375 0.47459843749999997
15 0.8356609374999999 0.5296875 0.8389671875 0.5122359375000001 0.7684375 0.41896093749999996 0.749990625 0.4369609375 0.8096703125 0.5204171875 0.8182750000000001 0.5296875 0.8356609374999999 0.5296875
12 0.8736890624999999 0.489325 0.8736890624999999 0.394415625 0.86066875 0.3453234375 0.831371875 0.30441250000000003 0.792309375 0.2847765625 0.7575875 0.2847765625 0.718525 0.307684375 0.70441875 0.33223125 0.6935671875 0.394415625 0.6935671875 0.450053125 0.7337140625 0.5171453125000001 0.7606234374999999 0.5296875 0.8169453125 0.5296875 0.8172671875 0.5253281249999999 0.7662671875 0.4647796875 0.7521609375 0.4336875 0.7662671875 0.41896093749999996 0.8465624999999999 0.5171453125000001 0.8736890624999999 0.489325
13 1 0.3242640625 0.9767703125 0.3175046875 0.9507296875 0.32405 0.91600625 0.35350468749999997 0.9084125000000001 0.36496093749999997 0.9105828125000001 0.404234375 0.889965625 0.41896093749999996 0.8780296875 0.450053125 0.8802 0.47950625 0.8975609375 0.4925984375 0.892096875 0.5296875 0.9820046874999999 0.5296875 1 0.47153437499999995 1 0.3242640625
15 0.7214 0.5296875 0.719609375 0.5155093749999999 0.7076734375 0.4811453125 0.694653125 0.48441718749999996 0.6870578125 0.505690625 0.6920296875 0.5296875 0.7214 0.5296875
6 0.9329984375 0 0.9073265625 0.029498437500000002 0.8877953125 0.01640625 0.868265625 0.0196796875 0.8335421875 0.0458609375 0.823775 0.0638609375 0.823775 0.09986406249999999 0.8357109375 0.1211359375 0.9420484374999999 0.124409375 0.9507296875 0.1440453125 0.9713453124999999 0.142409375 0.9941328125 0.1276828125 1 0.115884375 1 0 0.9329984375 0
6 0.359375 1 0.359375 0.5296875 0 0.5296875 0 1 0.359375 1
6 1 0.5296875 0.6446875000000001 0.5296875 0.6413484375 0.56975625 0.72680625 0.81674375 0.7476953125 0.8699406249999999 0.5995703125 0.966834375 0.5779515625 1 1 1 1 0.5296875