6 0.321996875 0.21084687500000002 0.259978125 0.22898437500000002 0.259978125 0.2527875 0.1488 0.30039531249999996 0.10644687500000001 0.3978796875 0.15787656249999998 0.47949374999999994 0.46875 0.5447234375 0.46875 0.149246875 0.4596453125 0.14963593749999998 0.43620000000000003 0.1212984375 0.403678125 0.1281 0.397628125 0.1723078125 0.3386359375 0.18704375 0.321996875 0.21084687500000002
13 0.4195578125 0.3422015625 0.3537109375 0.2973421875 0.337746875 0.3003328125 0.3197890625 0.3122953125 0.29983593750000004 0.3422015625 0.289859375 0.3451921875 0.2848703125 0.35266875 0.282875 0.3765921875 0.27090312499999997 0.3975265625 0.2649171875 0.4184609375 0.2669125 0.4334140625 0.2738953125 0.446871875 0.33375625000000003 0.47976718749999997 0.39361875 0.54256875 0.4185609375 0.5440640625000001 0.432528125 0.532103125 0.45647187499999997 0.47528125 0.46875 0.45483593750000006 0.46875 0.3780875 0.4654515625 0.3780875 0.45747031250000003 0.38406875 0.44150625000000004 0.38406875 0.4285375 0.3765921875 0.42055625 0.35865 0.4195578125 0.3422015625
13 0.42055625 0.325753125 0.42654218750000006 0.331734375 0.42055625 0.3466875 0.42055625 0.35865 0.4355203125 0.381078125 0.4584671875 0.3825734375 0.46875 0.376646875 0.46875 0.20863281250000001 0.46345625 0.21061562500000003 0.44549843750000007 0.222578125 0.42554375 0.24351250000000002 0.4165640625 0.2689328125 0.4165640625 0.30481875 0.42055625 0.325753125
13 0.424546875 0.167253125 0.45647187499999997 0.155290625 0.45248125000000006 0.1403375 0.43352500000000005 0.1179078125 0.40958125 0.1268796875 0.40459218750000003 0.1403375 0.40359531249999997 0.1687484375 0.424546875 0.167253125
13 0.46875 0.5462109374999999 0.46875 0.504340625 0.45347968749999995 0.5126640625000001 0.44749375 0.5096734374999999 0.4445 0.514159375 0.4464953125 0.5261218750000001 0.46146093749999995 0.54256875 0.46875 0.5462109374999999
6 0.825759375 0 0.46875 0.1494796875 0.46875 0.5290046875 1 0.2623875 1 0.0021125000000000002 0.9971781249999999 0 0.825759375 0
13 0.8627046875 0.2227015625 0.8627046875 0.21735312499999998 0.8726765625 0.19329375 0.87068125 0.185271875 0.8577187500000001 0.170565625 0.853728125 0.170565625 0.8337843749999999 0.1572015625 0.8058640625000001 0.1572015625 0.8018750000000001 0.159875 0.7988828125 0.20665781249999998 0.80985 0.21066875000000002 0.8357796875 0.22938125 0.8507374999999999 0.2280453125 0.8597125 0.2267078125 0.8627046875 0.2227015625
13 1 0.0058328125 0.9684109375000001 0.0302109375 0.9444781250000001 0.11041406250000001 0.9504609374999999 0.16121093749999998 0.8836468749999999 0.1812609375 0.8666937499999999 0.21200625 0.8467499999999999 0.270821875 0.8467499999999999 0.334984375 0.8547265625 0.340328125 1 0.2561671875 1 0.0058328125
13 0.8357796875 0.1572015625 0.876665625 0.185271875 0.8936171875 0.1732390625 0.946471875 0.1558640625 0.9444781250000001 0.139821875 0.939490625 0.13314062499999998 0.9185484374999999 0.121109375 0.9105734375000001 0.094375 0.914559375 0.067640625 0.9055859375 0.0582828125 0.8956125 0.055609375 0.8577187500000001 0.055609375 0.8178296875 0.060956250000000003 0.8018750000000001 0.068978125 0.7829265624999999 0.099721875 0.7809328125 0.139821875 0.8018750000000001 0.1572015625 0.8357796875 0.1572015625
12 0.55555625 0.150515625 0.559546875 0.16121093749999998 0.561540625 0.1799234375 0.5665281249999999 0.183934375 0.5745046874999999 0.1812609375 0.579490625 0.185271875 0.5655296875 0.20665781249999998 0.5655296875 0.21735312499999998 0.5745046874999999 0.2267078125 0.5834796875 0.2253703125 0.5984375 0.216015625 0.604421875 0.216015625 0.6064171875000001 0.21869062499999997 0.6133984375 0.21467968750000002 0.6133984375 0.16121093749999998 0.611403125 0.153190625 0.6074140625 0.1478421875 0.6074140625 0.134478125 0.611403125 0.12645625 0.611403125 0.11843437500000001 0.6064171875000001 0.11174999999999999 0.5944484375 0.10907968750000001 0.59245625 0.10640625 0.5824828125 0.10640625 0.5675250000000001 0.12645625 0.55555625 0.150515625
6 0.3689171875 1 0.3586828125 0.9908421875 0.368671875 0.8871671875 0.35368750000000004 0.8710796875 0.33770625 0.8317546874999999 0.321721875 0.8246046874999999 0.309734375 0.7888531249999999 0.287759375 0.7852812499999999 0.2807671875 0.82281875 0.2697796875 0.8389031250000001 0.25379687500000003 0.8389031250000001 0.207846875 0.7995796875 0.19086562499999998 0.8049421875 0.2046609375 0.5796875 0 0.5796875 0 1 0.3689171875 1
17 0.1737625 1 0.178878125 0.9908421875 0.1868703125 0.9336437500000001 0.179878125 0.9032546874999999 0.16789218749999998 0.9068296874999999 0.1359265625 0.88895625 0.094971875 0.9372187500000001 0.10096562499999999 0.9586671875 0.0987296875 1 0.1737625 1
14 0 0.9315468750000001 0.001075 0.94436875 0.0220515625 0.9568796875000001 0.044028125 0.92113125 0.039034374999999996 0.9407921874999999 0.049021875 0.9622421875 0.054015625 0.9497312499999999 0.06899999999999999 0.9479421875 0.061009375 0.9372187500000001 0.07499375 0.9193421875000001 0.06300625 0.8978921874999999 0.0680015625 0.88895625 0.091975 0.8925296875000001 0.1039625 0.8818046875000001 0.1089578125 0.8907421875000001 0.10496093749999999 0.9050437499999999 0.10995625 0.9068296874999999 0.12593749999999998 0.8853796875000001 0.1618984375 0.8961046874999999 0.17688125 0.8871671875 0.19286406250000002 0.7870671875 0.20390156250000002 0.5796875 0 0.5796875 0 0.9315468750000001
6 0.741075 0.7787515625 0.7999109375 0.715925 0.8058937500000001 0.6490875 0.793928125 0.6330484375000001 0.8039 0.6116625 0.8029828125 0.5796875 0.502803125 0.5796875 0.5007406249999999 0.6036406249999999 0.46875 0.602415625 0.46875 0.7337953125000001 0.537640625 0.781425 0.64434375 0.7907828125 0.741075 0.7787515625