6 0.44592656249999996 0.0778296875 0.43632187499999997 0.0602203125 0.4064375 0.053817187499999995 0.395765625 0.041009375 0.36588125 0.041009375 0.29117187499999997 0.0057890625 0.2698265625 0.041009375 0.23140312500000002 0.063421875 0.22286562499999998 0.05701874999999999 0.1438859375 0.05701874999999999 0.122540625 0.095440625 0.10653125000000001 0.10984843749999999 0.0915890625 0.1482703125 0.0830515625 0.1962984375 0.063840625 0.225115625 0.07024375000000001 0.257134375 0.057437499999999996 0.2923546875 0.063840625 0.34038124999999997 0.046884375 0.5890625 0.46875 0.5890625 0.46875 0.17311875000000002 0.45980156250000004 0.1626796875 0.45126406250000006 0.1626796875 0.4480625 0.1354640625 0.4566 0.116253125 0.44592656249999996 0.0778296875
13 0.43525468749999996 0.5485015625 0.42849375 0.5890625 0.46875 0.5890625 0.46875 0.36213125 0.4491296875 0.3643953125 0.4309859375 0.398015625 0.4096390625 0.4620515625 0.41604374999999993 0.5228875000000001 0.43525468749999996 0.5485015625
13 0.3466703125 0.1530734375 0.363746875 0.16588125 0.3733515625 0.1642796875 0.39256250000000004 0.11945468749999999 0.39256250000000004 0.0938390625 0.38082343750000003 0.08583437499999999 0.35307343750000003 0.095440625 0.33492968749999996 0.116253125 0.3466703125 0.1530734375
13 0.38615937499999997 0.1482703125 0.400034375 0.17548593750000002 0.4149765625 0.181890625 0.42351406249999995 0.20110156250000003 0.4309859375 0.20270312499999998 0.4437921875 0.1674828125 0.4096390625 0.1418671875 0.41604374999999993 0.129059375 0.39790000000000003 0.095440625 0.38615937499999997 0.1482703125
6 0.6282484375 0.46344062499999994 0.741140625 0.47836875 0.7760828125 0.47836875 0.8594078125 0.4932953125 0.9212296875 0.49969374999999994 0.9628921874999999 0.4986265625 0.977675 0.4868984375 0.9924593749999999 0.4879640625 0.9897703124999999 0.46237500000000004 0.9843953125 0.46237500000000004 0.9897703124999999 0.458109375 0.995146875 0.4239890625 0.9924593749999999 0.3813390625 0.9843953125 0.372809375 0.9897703124999999 0.3685453125 0.9897703124999999 0.3450875 0.9843953125 0.3237625 0.9682671875000001 0.3003046875 0.9628921874999999 0.253390625 0.9575156249999999 0.2469921875 0.9709562500000001 0.232065625 0.97633125 0.1979453125 0.9454203124999999 0.19048125 0.9158531249999999 0.19048125 0.8835984375000001 0.173421875 0.8459687499999999 0.16275937499999998 0.8379046875 0.1499640625 0.824465625 0.14783125 0.80565 0.1350359375 0.784146875 0.1329046875 0.76264375 0.1222421875 0.6766296875 0.10518125 0.6363125000000001 0.10305 0.6067453125 0.1115796875 0.577178125 0.1329046875 0.555675 0.13716875 0.51535625 0.1222421875 0.48041406249999996 0.1243734375 0.4696625 0.11584375 0.46875 0.116375 0.46875 0.43358125000000003 0.4831015625 0.43784999999999996 0.539546875 0.4399828125 0.5422359375 0.44424843750000004 0.5691140625 0.442115625 0.577178125 0.45277812500000003 0.6282484375 0.46344062499999994
17 0.47369374999999997 0.4133265625 0.5435796875000001 0.4239890625 0.5933046875 0.40799531250000004 0.620184375 0.41012812500000007 0.63765625 0.3984 0.7102296875 0.3365578125 0.7317328125 0.2789796875 0.7303890625 0.2672515625 0.702165625 0.285378125 0.665878125 0.3205640625 0.6067453125 0.335490625 0.5933046875 0.33335781249999996 0.5422359375 0.3866703125 0.5072921874999999 0.36961093749999996 0.5005734375 0.372809375 0.47369374999999997 0.4133265625
17 0.5543312499999999 0.23846250000000002 0.5744906249999999 0.21820468750000002 0.6363125000000001 0.237396875 0.6484078125 0.2192703125 0.6564703125 0.189415625 0.6766296875 0.194746875 0.68335 0.1915484375 0.6806625000000001 0.1830171875 0.657815625 0.16275937499999998 0.6255609375 0.16062656250000001 0.5718015624999999 0.1712890625 0.5704578125 0.2086078125 0.5516421874999999 0.2278 0.5489546875 0.23846250000000002 0.5543312499999999 0.23846250000000002
13 0.704853125 0.3450875 0.7061968750000001 0.35041875 0.7182921875 0.3493515625 0.8217765625 0.312034375 0.8526875 0.285378125 0.8029609375 0.24805937500000003 0.784146875 0.24805937500000003 0.7384515625 0.2629859375 0.704853125 0.3450875
13 0.76264375 0.3376234375 0.6927578125 0.3525515625 0.64571875 0.3920015625 0.746515625 0.40586406249999996 0.7693625 0.419725 0.7747390625 0.3536171875 0.76264375 0.3376234375
13 0.60136875 0.1137125 0.5744906249999999 0.1350359375 0.55970625 0.13823593750000002 0.55970625 0.14463281249999999 0.5664265625 0.1499640625 0.5798656249999999 0.1499640625 0.5785218750000001 0.1552953125 0.5852421875 0.15849375000000002 0.60136875 0.1499640625 0.6255609375 0.15849375000000002 0.657815625 0.16062656250000001 0.6927578125 0.1926140625 0.7115734375 0.16702343749999998 0.72098125 0.1979453125 0.7518921875 0.20114375 0.766675 0.2150046875 0.7720515625 0.22993281250000003 0.782803125 0.232065625 0.7948984375 0.22460156250000002 0.8190890625 0.2309984375 0.8298406249999999 0.228865625 0.8446234374999999 0.210740625 0.80968125 0.189415625 0.8123687500000001 0.1702234375 0.7935546875 0.1531625 0.7989296875 0.1488984375 0.7962421875000001 0.14250000000000002 0.76264375 0.1243734375 0.7250125 0.120109375 0.6766296875 0.10518125 0.6309359375 0.10305 0.60136875 0.1137125
17 0.657815625 0.31843125 0.68469375 0.292840625 0.7344203125 0.2597875 0.7532359375000001 0.232065625 0.7639875 0.22566718749999998 0.7639875 0.2150046875 0.7545796874999999 0.2032765625 0.7330765625 0.1968796875 0.7236687500000001 0.2043421875 0.6295921875 0.3003046875 0.6027125 0.319496875 0.600025 0.330159375 0.6134640625000001 0.3322921875 0.657815625 0.31843125
6 0.46875 1 0.46875 0.7955656249999999 0.45641718750000004 0.78599375 0.42227812499999995 0.7743984375 0.405209375 0.7570078125 0.3902734375 0.7512109375 0.3817390625 0.754109375 0.3454671875 0.7512109375 0.31346093750000004 0.7628046875 0.2963921875 0.7628046875 0.27505625 0.742515625 0.26225468749999997 0.742515625 0.24731718749999998 0.7570078125 0.234515625 0.7772984375 0.22171406249999998 0.7830953125 0.2185140625 0.7961375 0.189709375 0.8236734374999999 0.17690625 0.849759375 0.17050625 0.8468609375 0.1555703125 0.849759375 0.1353015625 0.8859890625 0.120365625 0.8975843749999999 0.1150296875 0.9164249999999999 0.102228125 0.9135249999999999 0.09689375 0.8917859375000001 0.09689375 0.8628031249999999 0.08515937500000001 0.85555625 0.08515937500000001 0.849759375 0.0915609375 0.8439625 0.1064953125 0.8439625 0.10862968749999999 0.838165625 0.11289687500000001 0.8439625 0.11716562500000001 0.8352671875000001 0.12356562499999998 0.8352671875000001 0.134234375 0.826571875 0.1662390625 0.8207734375 0.168371875 0.8149765625000001 0.17690625 0.812078125 0.1833078125 0.8033828125 0.19824375 0.8004859375000001 0.2046453125 0.7888921875 0.2089125 0.791790625 0.21531250000000002 0.780196875 0.23344843750000002 0.7642546875 0.23984999999999998 0.7381671875 0.23344843750000002 0.720778125 0.220646875 0.706284375 0.2163796875 0.6859953125 0.2089125 0.681646875 0.200378125 0.66425625 0.189709375 0.6613578125 0.17477343750000002 0.64396875 0.14276875 0.64396875 0.1278328125 0.629475 0.120365625 0.6338234375 0.11823125000000001 0.6396203125000001 0.120365625 0.6541125 0.1150296875 0.6613578125 0.102228125 0.658459375 0.0979609375 0.6497640625 0.0894265625 0.6526625 0.08729375 0.6410703125 0.074490625 0.6468671875 0.05955625 0.6323734375 0.0488875 0.6555609375 0.0339515625 0.6555609375 0.032884375 0.6483156250000001 0.0414203125 0.636721875 0.0414203125 0.6222296875 0.0339515625 0.612084375 0.010481250000000001 0.6149828125 0 0.6121359375 0 0.8451984375 0.031817187499999997 0.8468609375 0.0638234375 0.8439625 0.0776921875 0.8483109375 0.0776921875 0.8686 0.071290625 0.8743968750000001 0.0638234375 0.8932359375000001 0.0424859375 0.8932359375000001 0.0371515625 0.9004828125 0.03501875 0.9062796875 0.0371515625 0.920771875 0.032884375 0.92656875 0.030751562500000003 0.9410609375 0.0339515625 0.9541031249999999 0.0552890625 0.9541031249999999 0.06275625 0.9671468750000001 0.06275625 0.9816390625 0.0670234375 0.9874375000000001 0.0670234375 1 0.46875 1
13 0.46875 1 0.46875 0.7956218749999999 0.45214999999999994 0.7830953125 0.4201453125 0.7715 0.394540625 0.7512109375 0.377471875 0.754109375 0.3412 0.7512109375 0.31346093750000004 0.7628046875 0.2963921875 0.7628046875 0.2771890625 0.742515625 0.2643875 0.7396171875 0.184375 0.8367156250000001 0.16730625 0.883090625 0.16730625 0.8917859375000001 0.1587703125 0.9091781250000001 0.15983750000000002 0.9396125 0.1662390625 0.9396125 0.17050625 0.945409375 0.18117343749999998 0.9425109375 0.19184375 0.92801875 0.20677812499999998 0.9193234374999999 0.2099796875 0.9091781250000001 0.2238484375 0.8903375 0.23238281249999998 0.8932359375000001 0.2569203125 0.9352640624999999 0.26225468749999997 0.9425109375 0.2686546875 0.9425109375 0.2793234375 0.9628 0.2857234375 0.9656984375000001 0.2985265625 0.9830890625 0.3296484375 1 0.46875 1
6 1 0.5890625 0.46875 0.5890625 0.46875 1 1 1 1 0.5890625
6 1 0.5890625 0.46875 0.5890625 0.46875 1 1 1 1 0.5890625