6 0.58771875 1 0.6310749999999999 0.8804624999999999 0.6649125 0.8477015625 0.6891546875000001 0.8468984374999999 0.7628515625000001 0.768953125 0.7703625 0.750534375 0.763484375 0.7357265625 0.8027765625000001 0.6723921875000001 0.830540625 0.5261109375 0.866203125 0.5337015625 0.8719718750000001 0.48651718749999995 0.8287015625 0.334128125 0.6994484375 0.31271875 0.6891140625000001 0.3033515625 0.6960234375 0.29246875 0.6888609375 0.268584375 0.6284500000000001 0.1922640625 0.5851640625 0.2171953125 0.5781375 0.242178125 0.547415625 0.22314375000000003 0.539253125 0.211821875 0.5514718750000001 0.210165625 0.5548515625 0.10447500000000001 0.5172734375 0.133603125 0.5069640625 0.18720468750000002 0.492771875 0.1883 0.45187968749999996 0.271734375 0.41681718749999996 0.256603125 0.3964546875 0.3099109375 0.352653125 0.35396875 0.343940625 0.38746562500000004 0.300115625 0.368553125 0.2902359375 0.3914375 0.22359374999999998 0.418709375 0.2195375 0.43168749999999995 0.2686046875 0.5998609375 0.24213125 0.653996875 0.2512671875 0.67844375 0.46558593750000005 0.9219734374999999 0.57283125 1 0.58771875 1
17 0.685775 0.6236390625 0.7326328125 0.579165625 0.7886234375 0.5591390625 0.8051296875 0.5163 0.7940015625 0.42832187499999996 0.7722249999999999 0.347590625 0.7624890625 0.33068125 0.7433890625 0.31753125 0.7177781249999999 0.310234375 0.70121875 0.31579375 0.670096875 0.3017859375 0.5950609375 0.3459390625 0.6113593749999999 0.3942703125 0.611328125 0.41996406249999996 0.647296875 0.4995984375 0.66570625 0.5973609375 0.685775 0.6236390625
14 0.3302921875 0.7613531250000001 0.358525 0.7989515625 0.4251609375 0.86034375 0.445721875 0.8045234375 0.464853125 0.7919828125 0.5359281250000001 0.6837390625 0.49450312500000004 0.6346734374999999 0.41359218750000004 0.562790625 0.34631249999999997 0.7119500000000001 0.3302921875 0.7613531250000001
17 0.2696890625 0.598884375 0.28967343749999996 0.613575 0.326534375 0.6060890624999999 0.34135781249999997 0.5717625 0.3755078125 0.522384375 0.38144999999999996 0.498378125 0.3598734375 0.41513437499999994 0.3501375 0.3982265625 0.335178125 0.38368437499999997 0.3020859375 0.369115625 0.29200624999999997 0.3945125 0.2780140625 0.39309531249999996 0.22359374999999998 0.418709375 0.2195375 0.43168749999999995 0.23483593749999998 0.492584375 0.2436875 0.5079578125 0.253675 0.55963125 0.2696890625 0.598884375
17 0.3840203125 0.491403125 0.404575 0.52424375 0.41225625 0.529003125 0.4205046875 0.5519109375 0.42750000000000005 0.5526203125 0.46564531249999996 0.5416453125 0.4754125 0.5328609375 0.4924328125 0.47089218749999995 0.494434375 0.4457625 0.48227656249999995 0.39604218750000003 0.4564953125 0.3655671875 0.441165625 0.3303609375 0.43922656250000003 0.304109375 0.43263281249999996 0.298375 0.3995109375 0.309496875 0.3704140625 0.33332968749999997 0.35028281250000004 0.35843437499999997 0.344140625 0.384953125 0.361840625 0.4156953125 0.37223125 0.4623453125 0.3840203125 0.491403125
17 0.5117499999999999 0.6331625 0.524 0.6058140625 0.5303421875 0.57678125 0.536853125 0.570925 0.5461625 0.529890625 0.5795453125 0.46487656250000003 0.5951359375 0.4461859375 0.59870625 0.4266453125 0.5923140625000001 0.41839843749999994 0.55468125 0.410246875 0.5218453125 0.4304453125 0.514503125 0.47204375 0.4906328125 0.49351093749999997 0.4746125 0.5429140625 0.45548124999999995 0.5554515624999999 0.49530312500000007 0.624621875 0.5117499999999999 0.6331625
17 0.74943125 0.785690625 0.7703625 0.750534375 0.696078125 0.6586984375 0.665790625 0.6089484374999999 0.6561390625 0.603628125 0.6203000000000001 0.661521875 0.5968312499999999 0.6779625 0.602309375 0.7103625 0.562046875 0.7605703125 0.5664734375 0.768253125 0.58794375 0.776940625 0.6042734375000001 0.799584375 0.6202328125000001 0.8015625 0.6422734375 0.8284 0.675446875 0.8545562500000001 0.74943125 0.785690625
17 0.5881546875 1 0.604571875 0.9602890625 0.615084375 0.9041765625 0.6618578125 0.8481140625 0.6273140625 0.8138578125 0.6001328125 0.800975 0.5662734375 0.7707671875 0.5489734375 0.7349984375 0.5200218750000001 0.7190421875 0.4877546875 0.757390625 0.472934375 0.7917171875 0.45734375 0.8104046874999999 0.47604375 0.8285796875000001 0.48112187500000003 0.8660062500000001 0.45585000000000003 0.9050640624999999 0.501215625 0.9552546875000001 0.559315625 0.9846562499999999 0.571415625 1 0.5881546875 1
17 0.5137953125 0.405021875 0.532528125 0.3975125 0.553459375 0.36235625 0.5576296875 0.335275 0.5529203125000001 0.31851562499999997 0.5549515625 0.2676953125 0.57488125 0.24510625 0.5397375 0.2183859375 0.517496875 0.1940609375 0.4960265625 0.1853734375 0.45207968750000005 0.2692203125 0.4528484375 0.2848625 0.4603265625 0.2921328125 0.4539546875 0.34685625 0.462890625 0.373815625 0.4833609375 0.39506562500000003 0.5137953125 0.405021875
17 0.565803125 0.25793750000000004 0.5586921874999999 0.27132812500000003 0.563684375 0.29716875 0.579446875 0.301659375 0.6117359375 0.32627656250000003 0.6167609374999999 0.3264234375 0.6320359375 0.32435 0.647428125 0.308178125 0.6744375 0.2978859375 0.6919671875 0.30545 0.6952234374999999 0.302521875 0.691515625 0.273196875 0.6813796875 0.2613125 0.6697609375 0.2554328125 0.6623953124999999 0.2340609375 0.6455796874999999 0.20485625000000002 0.632390625 0.1933875 0.6142578125 0.1933609375 0.5851640625 0.2171953125 0.5780531250000001 0.2305875 0.578821875 0.24622812500000002 0.565803125 0.25793750000000004
13 0.83025625 0.5170328125 0.83910625 0.53240625 0.8618625 0.5376046875 0.870740625 0.5272828125 0.8739421875 0.48707812500000003 0.8678640625 0.46221875 0.8570437500000001 0.446284375 0.8335265625 0.3367875 0.8289015624999999 0.331615625 0.8050609375000001 0.3273921875 0.7668296875 0.3267796875 0.7655453125 0.330265625 0.77459375 0.343125 0.7771343749999999 0.3618375 0.7932328125 0.412684375 0.7977125 0.45764843749999995 0.8092703125 0.514909375 0.8178359374999999 0.5212046875 0.83025625 0.5170328125
13 0.8265687500000001 0.550678125 0.8321109375000001 0.5316984375 0.8304562499999999 0.5145203125 0.8252296875 0.5168859375 0.8204921875 0.5258171875000001 0.809809375 0.558753125 0.7914484374999999 0.586928125 0.7839375000000001 0.6053499999999999 0.776565625 0.6726359375000001 0.7825609375 0.685909375 0.7913234375 0.6896921875 0.8006062500000001 0.6743453125000001 0.8211984375 0.592834375 0.8265687500000001 0.550678125
13 0.555553125 0.5891046875 0.560978125 0.584225 0.5889578125 0.5870562500000001 0.6523984375 0.5999921875 0.6599953125 0.5931640625 0.6574859375 0.548759375 0.6417875000000001 0.4928875 0.6233171875 0.44650937500000004 0.60984375 0.4259640625 0.602846875 0.4252546875 0.5951359375 0.4461859375 0.5795453125 0.46487656250000003 0.5742046875 0.4813421875 0.5485328125 0.5254265625000001 0.5392234375 0.5664609375 0.545215625 0.5797343749999999 0.555553125 0.5891046875
12 0.5786984375 0.6779375 0.5836406249999999 0.66649375 0.5832703125 0.6458296875 0.5783625 0.6315796875 0.569996875 0.6227750000000001 0.5483265625 0.6166 0.542215625 0.6174296874999999 0.5324515625 0.626209375 0.527509375 0.637653125 0.5276796874999999 0.6608296874999999 0.541153125 0.681371875 0.5468640625 0.6855703125 0.55976875 0.6879609375 0.5689359375 0.6867171875 0.5786984375 0.6779375