6 0.40191718749999994 1 0.41456406250000005 0.912859375 0.4560546875 0.9204874999999999 0.5517593749999999 0.882203125 0.6376937500000001 0.8262499999999999 0.6494140625 0.787965625 0.6767593749999999 0.7732390625 0.7158218749999999 0.6583875 0.7216781250000001 0.684890625 0.7509765625 0.6878359374999999 0.7802749999999999 0.652496875 0.8056625000000001 0.643659375 0.81640625 0.62451875 0.818359375 0.55973125 0.8417984374999999 0.5155546875 0.828125 0.50966875 0.9082015625000001 0.4684375 0.8935546875 0.3845078125 0.8427749999999999 0.3786171875 0.8437515624999999 0.3476953125 0.8271484375 0.31677343750000003 0.7060546875 0.17835937500000001 0.6142593749999999 0.14301875 0.505859375 0.12976875000000002 0.4111328125 0.1312421875 0.2978515625 0.1636375 0.1542984375 0.2534578125 0.1542984375 0.2917421875 0.1347671875 0.3418046875 0.1386703125 0.3830359375 0.0917984375 0.4330984375 0.125 0.412484375 0.109375 0.503778125 0.123046875 0.5185 0.140625 0.6097921875 0.1630859375 0.643659375 0.18359375 0.6510234374999999 0.196290625 0.6996171875 0.2207015625 0.7158125 0.22414843750000002 0.8704796874999999 0.24206406249999998 0.86359375 0.23046875 0.7010890625 0.241209375 0.6937265625 0.2666015625 0.7644015625 0.3115234375 0.7555703125 0.310546875 0.7923828125 0.40332187499999994 0.9057625 0.3938375 1 0.40191718749999994 1
3 0.54296875 0.356528125 0.537109375 0.3830359375 0.537109375 0.4272078125 0.54296875 0.4537109375 0.5595703125 0.4846328125 0.5849609375 0.50525 0.6240234375 0.49935937499999994 0.6455078125 0.48757812500000003 0.6640625 0.46254687499999997 0.6738296874999999 0.418375 0.6738296874999999 0.368309375 0.6601546875000001 0.3359140625 0.6357406250000001 0.3049921875 0.609375 0.297628125 0.5888671875 0.29910156250000003 0.5634765625 0.31677343750000003 0.54296875 0.356528125
3 0.150390625 0.2681796875 0.1542984375 0.300575 0.142578125 0.318246875 0.1367171875 0.3359140625 0.1367171875 0.368309375 0.146484375 0.400703125 0.159178125 0.4227890625 0.1708984375 0.4345703125 0.1923828125 0.44340624999999995 0.2138671875 0.4345703125 0.2314453125 0.41395781249999997 0.23730625 0.41395781249999997 0.2578140625 0.3742 0.2597671875 0.356528125 0.25390625 0.327078125 0.2353515625 0.2902703125 0.20019375 0.2696515625 0.1796859375 0.244621875 0.1611328125 0.2431484375 0.1542984375 0.2505109375 0.150390625 0.2681796875
3 0.224609375 0.4448796875 0.224609375 0.45960156249999995 0.2431625 0.50525 0.2988296875 0.5067234375 0.2958984375 0.51408125 0.25 0.5214453125 0.26953125 0.5332265625 0.2890625 0.592125 0.3134765625 0.6201015625 0.32519375 0.6201015625 0.340821875 0.59654375 0.38769375 0.5582578125000001 0.40527499999999994 0.52291875 0.4375 0.4919953125 0.453125 0.44782500000000003 0.4169921875 0.3992296875 0.3720703125 0.40512031249999997 0.3095703125 0.4345703125 0.282225 0.4110125 0.2734375 0.3948125 0.26269375 0.393340625 0.2451171875 0.4110125 0.224609375 0.4448796875
15 0.2646484375 0.49935937499999994 0.2548828125 0.49935937499999994 0.2509765625 0.5023046875 0.2470703125 0.49935937499999994 0.2431625 0.5023046875 0.241209375 0.49935937499999994 0.221678125 0.49935937499999994 0.2187515625 0.503778125 0.2187515625 0.5126125 0.2236328125 0.5199734375 0.2470703125 0.5199734375 0.2490234375 0.5170265625 0.301759375 0.5170265625 0.306640625 0.50966875 0.306640625 0.503778125 0.3007828125 0.5008328125 0.2705078125 0.49935937499999994 0.2666015625 0.5023046875 0.2646484375 0.49935937499999994
15 0.2207015625 0.6628046875 0.2207015625 0.7540984374999999 0.2226546875 0.7570421875 0.2207015625 0.8483359374999999 0.2226546875 0.8601125 0.2275390625 0.8674765624999999 0.2314453125 0.8674765624999999 0.2382828125 0.857171875 0.2382828125 0.8394999999999999 0.232421875 0.801215625 0.232421875 0.721703125 0.228515625 0.6510234374999999 0.2236328125 0.64955 0.2187515625 0.659859375 0.2207015625 0.6628046875
15 0.40234531249999994 0.9337375 0.3984375 0.9484656250000001 0.396484375 0.9779140625 0.39453125 0.980859375 0.39453125 0.9926375000000001 0.392578125 0.9955828125 0.3935546875 1 0.40429843749999994 0.998528125 0.40429843749999994 0.986746875 0.41015468750000006 0.9602421874999999 0.4140625 0.9219578125 0.416015625 0.9190156249999999 0.416015625 0.913125 0.412109375 0.907234375 0.40722500000000006 0.9057625 0.40429843749999994 0.9101796875 0.40234531249999994 0.9337375
15 0.11230625000000001 0.3992296875 0.096678125 0.4169015625 0.0869140625 0.4227890625 0.071290625 0.4404609375 0.0654296875 0.44340624999999995 0.0625 0.44782500000000003 0.064453125 0.46254687499999997 0.073240625 0.46402031250000003 0.0771484375 0.46107343749999996 0.0830078125 0.4522390625 0.0888671875 0.44929687500000004 0.1396484375 0.3992296875 0.142578125 0.3948125 0.142578125 0.3830359375 0.1386703125 0.3771453125 0.13769375 0.375671875 0.1318375 0.3845078125 0.11230625000000001 0.3992296875
14 0.3125 0.7599875 0.30859375 0.7894375 0.3544921875 0.83508125 0.366209375 0.8527546875 0.3720703125 0.8527546875 0.3847671875 0.833609375 0.400390625 0.7953281249999999 0.419921875 0.7305390625 0.42382968749999994 0.7128671875 0.421875 0.70403125 0.40527499999999994 0.705503125 0.32519375 0.7437890625 0.3125 0.7599875
3 0.42578281249999994 0.709921875 0.41796875 0.7452609375 0.3886703125 0.8277187500000001 0.3740234375 0.8527546875 0.3652328125 0.857171875 0.3798828125 0.8851484375 0.3994140625 0.9028171875 0.40625156249999994 0.90134375 0.41796875 0.815940625 0.43066250000000006 0.7850203125 0.416015625 0.9101796875 0.4208984375 0.9175421874999999 0.44824062500000006 0.9234296875 0.4599609375 0.9204874999999999 0.46679843749999994 0.9101796875 0.46679843749999994 0.8925078125000001 0.482421875 0.815940625 0.49609375 0.7806015625 0.5078140624999999 0.7305390625 0.5078140624999999 0.7158125 0.49609375 0.6863625 0.4521484375 0.6937265625 0.4384765625 0.70845 0.42578281249999994 0.709921875
14 0.2109375 0.2298984375 0.2119140625 0.2343125 0.219725 0.2343125 0.2265625 0.2416765625 0.232421875 0.2799609375 0.260740625 0.34033281249999997 0.2763671875 0.3373875 0.2880859375 0.3285515625 0.330078125 0.265234375 0.3359375 0.244621875 0.33203125 0.2298984375 0.323240625 0.21958906250000002 0.3134765625 0.2166453125 0.3046859375 0.203390625 0.3046859375 0.17394218749999998 0.30859375 0.17688593749999998 0.30859375 0.19161250000000002 0.3115234375 0.1930859375 0.314453125 0.18572187499999998 0.3125 0.17688593749999998 0.3203140625 0.17688593749999998 0.3203140625 0.16216406249999998 0.2763671875 0.17246875 0.215821875 0.21958906250000002 0.2109375 0.2298984375
16 0.7421859375000001 0.55973125 0.7421859375000001 0.568565625 0.748046875 0.58034375 0.74609375 0.60390625 0.75390625 0.6186296875 0.7685546875 0.6348281250000001 0.7744140625 0.6348281250000001 0.7773453124999999 0.648078125 0.7822250000000001 0.6554421875 0.7958984375 0.6554421875 0.8115234375 0.643659375 0.8193374999999999 0.6289374999999999 0.8330078125 0.64955 0.8447250000000001 0.6466046875 0.8515625 0.6274640625 0.8515625 0.6127374999999999 0.8427749999999999 0.602434375 0.8291015625 0.605378125 0.8251937500000001 0.6112656249999999 0.8203140624999999 0.592125 0.8203140624999999 0.5626765625 0.8095703125 0.5523671875 0.7958984375 0.5553125 0.7939453125 0.5523671875 0.7919921875 0.5553125 0.7832015625000001 0.5479499999999999 0.7851546875000001 0.5391171875 0.7832015625000001 0.536171875 0.7763671875 0.5346984375 0.7529296875 0.5464765625 0.7421859375000001 0.55973125