6 0.4641296875 0.2862875 0.4593484375 0.2880046875 0.31239062500000003 0.160809375 0.25672968749999997 0.232225 0.2417125 0.2625953125 0.185603125 0.304053125 0.1368140625 0.30615000000000003 0.1141015625 0.3275296875 0.09528281250000001 0.330984375 0.0922015625 0.38351406250000003 0.0937375 0.42740625000000004 0.0422 0.43031718750000003 0.0399171875 0.45625625000000003 0.08045 0.9195499999999999 0.382765625 0.95644375 0.6901125 0.5323890625 0.67078125 0.49782656249999996 0.5571703125 0.38620156250000004 0.562303125 0.3454234375 0.5340265625 0.281015625 0.4854 0.290034375 0.4641296875 0.2862875
14 0.45699843749999997 0.7864625000000001 0.43867031250000005 0.759209375 0.40972656250000006 0.7291890624999999 0.3767796875 0.722225 0.3559671875 0.7344015625 0.265203125 0.8572359374999999 0.2476859375 0.8992453125000001 0.2384953125 0.9363843749999999 0.3810734375 0.953784375 0.45305625000000005 0.8536734375 0.4622484375 0.816534375 0.45699843749999997 0.7864625000000001
14 0.1819109375 0.5027265625 0.16214062499999998 0.4694109375 0.13386875 0.45418906249999996 0.09675937500000001 0.449659375 0.071784375 0.46427031249999995 0.043440625 0.4965296875 0.0494203125 0.564875 0.095246875 0.5789718749999999 0.13346093750000002 0.5821640625 0.1445890625 0.5791078125 0.15139375 0.557865625 0.1569171875 0.55118125 0.16005468750000001 0.56039375 0.183509375 0.529409375 0.1819109375 0.5027265625
14 0.6097421875 0.5313921875000001 0.60185 0.520128125 0.5471625 0.5134546875 0.504334375 0.5626765625 0.46549218750000004 0.622684375 0.4638578125 0.6636890625 0.521390625 0.7501734375 0.5496000000000001 0.7212421875 0.6152124999999999 0.626240625 0.620496875 0.5886250000000001 0.6097421875 0.5313921875000001
14 0.44675937499999996 0.39819218749999996 0.45261874999999996 0.39890781249999996 0.4661921875 0.424109375 0.48461875 0.42782968749999994 0.5212343749999999 0.4043375 0.533209375 0.40285624999999997 0.5605703125 0.37235 0.5638046875 0.3580296875 0.5568593749999999 0.32480625 0.5356484375 0.28542968750000003 0.5180703125 0.283284375 0.4811203125 0.2993765625 0.46480625 0.31651562499999997 0.45689531250000004 0.33909531249999997 0.4419421875 0.35198593749999996 0.44482343750000003 0.3641109375 0.4391234375 0.38401718749999997 0.44675937499999996 0.39819218749999996
16 0.0496984375 0.5680578125 0.0641609375 0.7333609375 0.06578125 0.7343046875 0.1247109375 0.7488546875 0.161740625 0.7430718749999999 0.18170625 0.729321875 0.19951406249999998 0.6167140625 0.15163125 0.588796875 0.0930375 0.581646875 0.0496984375 0.5680578125
16 0.1564640625 0.9263734375 0.2365421875 0.9361453125000001 0.2506640625 0.8878359375 0.270390625 0.8431546875 0.2624984375 0.831890625 0.2268296875 0.8334234374999999 0.21690468749999997 0.8116109375 0.192796875 0.793953125 0.18403750000000002 0.81495625 0.19108125 0.8246453125000001 0.1892875 0.845028125 0.2076953125 0.8825921875 0.2083671875 0.8973906250000001 0.19375 0.9176796875000001 0.168103125 0.91749375 0.1564640625 0.9263734375
16 0.171921875 0.7619734375 0.113328125 0.7548234375 0.0642671875 0.7345765625 0.0700140625 0.8002687500000001 0.0891828125 0.804853125 0.10182968750000002 0.8181687500000001 0.12806875 0.8228421875 0.1644265625 0.8022625 0.1820046875 0.8044078125 0.1877859375 0.7948125 0.1854171875 0.7768640625 0.171921875 0.7619734375
16 0.4438140625 0.667128125 0.46020781250000004 0.6603 0.46575 0.6197734374999999 0.486659375 0.5840640625 0.48576718750000003 0.5044906250000001 0.47016093750000004 0.468740625 0.4306828125 0.44626406249999995 0.4042484375 0.48865625 0.3985484375 0.5085625 0.39845156249999997 0.5320953125 0.41122031249999996 0.6337203125 0.41885625 0.6478953125 0.4333765625 0.6511390625 0.423690625 0.6602578125 0.4438140625 0.667128125
16 0.3439578125 0.47835625000000004 0.3514171875 0.5057546875 0.3688984375 0.5314328125000001 0.3941296875 0.513909375 0.40969375 0.4716625 0.4059640625 0.4579625 0.3882265625 0.43519687500000004 0.3676703125 0.4444609375 0.3439578125 0.47835625000000004
16 0.3308421875 0.5488609375 0.361915625 0.565896875 0.35836250000000003 0.5389765625 0.3248609375 0.4598375 0.2973578125 0.43587968750000006 0.28905 0.40690625 0.27046562500000004 0.3825640625 0.25874687500000004 0.38113437499999997 0.249059375 0.390253125 0.245984375 0.4251953125 0.237146875 0.4358890625 0.2213265625 0.4810484375 0.22020468750000002 0.5162296875 0.2312328125 0.5367046875 0.2749703125 0.5332140625 0.3308421875 0.5488609375
14 0.09770625 0.42770156249999997 0.12070937500000001 0.44669687500000005 0.1430421875 0.45089375 0.18695781250000001 0.4341796875 0.201575 0.4138890625 0.196484375 0.4044390625 0.20141562500000001 0.39326875 0.21950625 0.38959062499999997 0.2184203125 0.35708281249999996 0.20204375 0.33006875 0.18472187499999998 0.3250109375 0.15465625 0.330171875 0.15151874999999998 0.320959375 0.14370624999999998 0.32000625 0.0912109375 0.34450156249999997 0.08771875 0.361734375 0.09770625 0.42770156249999997
14 0.57945625 0.471778125 0.5667296875 0.4481515625 0.528790625 0.408203125 0.520978125 0.40725 0.48631562500000003 0.4309796875 0.47321875 0.4676421875 0.48568749999999994 0.49417968749999996 0.516071875 0.5302625 0.5247328125 0.532790625 0.5493718750000001 0.51078125 0.573065625 0.5107296875 0.57945625 0.471778125
14 0.6311109375 0.5913921875 0.639771875 0.5939203125 0.6803109375 0.5370609375 0.6815921875 0.522503125 0.6742125 0.5054140625 0.6508734375 0.47902187500000004 0.6219296875 0.4490015625 0.6158140624999999 0.4511984375 0.5859875 0.487290625 0.5783328125 0.5069578124999999 0.59013125 0.5186984375 0.609759375 0.4975484375 0.6180671875 0.526521875 0.6132953125 0.5583140625 0.6161749999999999 0.5704390625 0.6311109375 0.5913921875
14 0.38119843750000004 0.716878125 0.40972656250000006 0.7291890624999999 0.451315625 0.772525 0.46013593750000004 0.795675 0.4631765625 0.8284203124999999 0.4690359375 0.8291359375 0.51425 0.76401875 0.514346875 0.7404843750000001 0.5013640625 0.7197703125 0.45170625 0.6783921875 0.4097625 0.6615015625 0.39932500000000004 0.6455124999999999 0.3628875 0.65578125 0.3448765625 0.6697703125000001 0.336965625 0.69235 0.3322734375 0.734453125 0.3454328125 0.7419453125000001 0.3672703125 0.718121875 0.3687109375 0.724184375 0.38119843750000004 0.716878125
16 0.43294375 0.6672734375 0.458590625 0.6674609375 0.4624171875 0.6576265625 0.45919999999999994 0.638103125 0.45478125 0.64345 0.417415625 0.641834375 0.40936562500000007 0.6099484375 0.4051234375 0.6020734375 0.3953578125 0.60088125 0.3553484375 0.6180718749999999 0.34980781250000004 0.6586000000000001 0.39176875 0.641646875 0.43294375 0.6672734375
16 0.416578125 0.46072968750000004 0.41539374999999995 0.45175625 0.42507968749999997 0.4426375 0.4687203125 0.46267812499999994 0.47994375 0.43608906249999996 0.4586359375 0.42024375 0.4405640625 0.390078125 0.43734687499999997 0.37055625000000003 0.41781562499999997 0.368171875 0.4028625 0.38106249999999997 0.393353125 0.376959375 0.376525 0.399921875 0.378125 0.42660625 0.40961406250000004 0.4613515625 0.416578125 0.46072968750000004
14 0.2147078125 0.309540625 0.2355828125 0.34151875 0.279515625 0.2909609375 0.26637343750000003 0.24962499999999999 0.220665625 0.286721875 0.2147078125 0.309540625
14 0.2956609375 0.4327296875 0.326221875 0.4555890625 0.34143124999999996 0.43978593750000006 0.314203125 0.3790734375 0.28812187499999997 0.39502031249999997 0.2956609375 0.4327296875