6 0.6796875 0 0.6796875 0.51875 1 0.51875 1 0 0.6796875 0
22 1 0.412575 0.8556765625 0.42030781250000004 0.716590625 0.4340703125 0.6855203125 0.44291875 0.743225 0.48715937499999995 0.8047531250000001 0.51875 0.9187843750000001 0.51875 0.9178234375000001 0.49895625 0.9977218750000001 0.510753125 1 0.5101046874999999 1 0.412575
22 0.6796875 0 0.6796875 0.1033609375 0.710675 0.1017765625 0.752103125 0.06835156249999999 0.7624593749999999 0.0732671875 0.7668984375 0.0939125 0.8246062500000001 0.0909640625 0.8127671875000001 0.08703125 0.8127671875000001 0.0732671875 0.830525 0.0614703125 0.830525 0.039840625000000005 0.8112875 0.0073984375000000005 0.7645203125 0 0.7144250000000001 0 0.6988359375 0.0073984375000000005 0.6825609375 0.0044484375 0.6825609375 0 0.6796875 0
7 1 0.31239062500000003 0.9237421875 0.3160984375 0.7964921875 0.30823125 0.74914375 0.3160984375 0.703275 0.33674218749999996 0.687 0.384915625 0.6796875 0.3854546875 0.6796875 0.432715625 0.6914374999999999 0.43308749999999996 1 0.40901718750000005 1 0.31239062500000003
6 0.6796875 1 0.6796875 0.6019984375 0.6533562500000001 0.6108109374999999 0.5806609375 0.5484859375 0.5046109375000001 0.5956515625 0.4914828125 0.51875 0.2843203125 0.51875 0.2306078125 0.6226046875 0.1724515625 0.6815609375 0.10646718749999999 0.713565625 0.0930453125 0.7034578125000001 0.07179687500000001 0.727040625 0.047192187499999996 0.8382171875 0.06396874999999999 0.9173875 0.0719453125 1 0.6796875 1
22 0.1967109375 1 0.2175015625 0.9393750000000001 0.250928125 0.8861062499999999 0.20668906250000002 0.8343187500000001 0.19685625 0.8343187500000001 0.19292499999999999 0.8520765625 0.1477 0.8461578125000001 0.10247656249999999 0.8639125 0.1368859375 0.8239625 0.11427499999999999 0.8076874999999999 0.0906796875 0.7603390625 0.038575 0.8446781250000001 0.051356250000000006 0.866871875 0.0955953125 0.8683515625 0.07003437500000001 0.9157 0.0877296875 0.94529375 0.0929234375 1 0.1967109375 1
22 0.11525937500000001 0.7973296875 0.12508906250000001 0.7706953125 0.09166250000000001 0.7233468750000001 0.0906796875 0.707071875 0.0739671875 0.7381421875 0.0739671875 0.7706953125 0.08085 0.775134375 0.0906796875 0.7603390625 0.11525937500000001 0.7973296875
22 0.6579390625 0.78845 0.6540046875 0.8565125 0.6717015625 0.8772296875000001 0.6796875 0.8681749999999999 0.6796875 0.6329453125 0.6628546875 0.6301296875 0.6422078124999999 0.661203125 0.632378125 0.70263125 0.632378125 0.7203875 0.6461406249999999 0.7381421875 0.6579390625 0.78845
22 0.1938796875 1 0.21553593750000002 0.9423343750000001 0.250928125 0.889065625 0.2401140625 0.866871875 0.22831562500000002 0.8639125 0.21455312499999998 0.843196875 0.207671875 0.8505968749999999 0.21651875 0.8639125 0.161465625 0.8461578125000001 0.10444374999999999 0.860953125 0.08183281249999999 0.889065625 0.072 0.9186593750000001 0.0877296875 0.9482531249999999 0.0910046875 1 0.1938796875 1
22 0.41043593749999996 0.51875 0.3081171875 0.51875 0.3108984375 0.5413515624999999 0.33842500000000003 0.5591062499999999 0.3580875 0.5502281250000001 0.40232812500000004 0.5635453125 0.412159375 0.5369125 0.41043593749999996 0.51875
22 0.38856406250000003 0.5842609375000001 0.40232812500000004 0.56650625 0.36791874999999996 0.5531875 0.35120625 0.56650625 0.38856406250000003 0.5842609375000001
22 0.30598125 0.604975 0.3374421875 0.5635453125 0.3187640625 0.5443109374999999 0.2853375 0.5502281250000001 0.201771875 0.6819171875000001 0.20668906250000002 0.6981921875 0.21553593750000002 0.699671875 0.2440453125 0.6567624999999999 0.283371875 0.6419671874999999 0.320728125 0.612375 0.340390625 0.6094140625 0.30598125 0.604975
22 0.5006390625 0.5753812500000001 0.47704531250000004 0.5280328125 0.4768171875 0.51875 0.4089203125 0.51875 0.412159375 0.539871875 0.40429375 0.5635453125 0.4328046875 0.6005359375 0.4662296875 0.5975765625 0.490809375 0.6079343749999999 0.5006390625 0.5753812500000001
6 0.8406734374999999 0.9359624999999999 0.8455812500000001 0.9272265624999999 0.8534359374999999 0.9272265624999999 0.871109375 0.9132484375000001 0.8858359374999999 0.8835468750000001 0.8878 0.86956875 0.8662000000000001 0.8171531249999999 0.8701281249999999 0.7822078125 0.8563812499999999 0.7612421875 0.8603093749999999 0.740275 0.8554 0.72105625 0.8377265625 0.7280453125 0.818090625 0.72455 0.8161265625 0.7105734375 0.806309375 0.707078125 0.8004187500000001 0.6965953125000001 0.784709375 0.6931015625 0.7788171875 0.700090625 0.7670359375 0.6931015625 0.7513265625 0.700090625 0.7336546875 0.6931015625 0.7258 0.6826171875 0.7238359375 0.6931015625 0.711071875 0.70533125 0.7081265625000001 0.72455 0.6826 0.7280453125 0.6796875 0.7338359375 0.6796875 0.8626390625000001 0.690453125 0.8817984375 0.7199078125 0.9097546875000001 0.7493624999999999 0.9132484375000001 0.7670359375 0.934215625 0.7827453125 0.9377093750000001 0.8406734374999999 0.9359624999999999
6 1 0.5253687499999999 0.9967828125 0.5253687499999999 0.9496546875 0.5812796875 0.946709375 0.590015625 0.9545640625 0.5935109375 0.95161875 0.6057406249999999 0.9418 0.602246875 0.9349281250000001 0.6144765624999999 0.931 0.6319484375 0.931 0.6424328125 0.936890625 0.6494203125 0.931 0.6668937500000001 0.9349281250000001 0.67388125 0.931 0.6983421875 0.931 0.757746875 0.936890625 0.7857031250000001 0.9418 0.7909437500000001 0.9447453124999999 0.7787140625 0.9388546874999999 0.76823125 0.9388546874999999 0.7437703124999999 0.946709375 0.750759375 0.946709375 0.740275 0.94081875 0.7297921875 0.94081875 0.719309375 0.9437640625 0.7175625 0.9506375 0.7332875 0.9506375 0.789196875 0.9575093750000001 0.7909437500000001 0.9663453125 0.8136578125 0.9663453125 0.8241406250000001 0.956528125 0.834625 0.9584906249999999 0.8486015625000001 0.9673281250000001 0.8608328125 0.9683093749999999 0.834625 0.97321875 0.8293828124999999 0.985 0.8608328125 0.9928546875 0.8643265625 0.9987453125 0.8573375000000001 0.9977640624999999 0.8730625 1 0.87903125 1 0.5253687499999999
15 0.9958 0.76823125 0.99481875 0.766484375 0.9928546875 0.766484375 0.9899093750000001 0.771725 0.9899093750000001 0.7752203125 0.98401875 0.7857031250000001 0.98401875 0.7926921874999999 0.9820546875 0.7961859375 0.9820546875 0.79968125 0.979109375 0.804921875 0.9771453125 0.804921875 0.9761640625 0.80666875 0.9800921875 0.8136578125 0.9800921875 0.8241406250000001 0.9781281249999999 0.8276359375 0.9781281249999999 0.8381187499999999 0.9810734374999999 0.8433609375 0.9820546875 0.8416140625 0.9820546875 0.8381187499999999 0.98401875 0.834625 0.98401875 0.8311296875 0.9869640625 0.8258890624999999 0.9889281249999999 0.8258890624999999 0.9899093750000001 0.8241406250000001 0.9859828125 0.8171531249999999 0.9859828125 0.8101640625 0.9899093750000001 0.79968125 0.9899093750000001 0.7926921874999999 0.9938375 0.7857031250000001 0.9938375 0.7822078125 0.9958 0.7787140625 0.9958 0.76823125
15 0.9663453125 0.7158140625 0.9663453125 0.73678125 0.9643828125 0.740275 0.96241875 0.79968125 0.9653640625 0.804921875 0.9683093749999999 0.8031750000000001 0.9702734375000001 0.79968125 0.9702734375000001 0.76823125 0.9742000000000001 0.750759375 0.9742000000000001 0.722803125 0.9781281249999999 0.6983421875 0.9800921875 0.6494203125 0.9820546875 0.6459265624999999 0.9810734374999999 0.6127296875 0.9761640625 0.6179718750000001 0.9722375 0.6424328125 0.9702734375000001 0.687859375 0.9683093749999999 0.691353125 0.9683093749999999 0.7123203124999999 0.9663453125 0.7158140625
15 0.9526 0.7437703124999999 0.9526 0.7647359375 0.9545640625 0.7647359375 0.9722375 0.6389375 0.9899093750000001 0.5655546874999999 0.9889281249999999 0.5603140625 0.9820546875 0.57254375 0.9663453125 0.6459265624999999 0.9526 0.7437703124999999
9 0.8122 0.9307203124999999 0.8141640625000001 0.9377093750000001 0.8249640625 0.9359624999999999 0.8475453125 0.9272265624999999 0.861290625 0.9097546875000001 0.8730734375000001 0.9097546875000001 0.8838734374999999 0.8835468750000001 0.8838734374999999 0.8555906249999999 0.8760187500000001 0.8451078125 0.8760187500000001 0.834625 0.8662000000000001 0.8171531249999999 0.8701281249999999 0.7961859375 0.8681640625 0.7787140625 0.8563812499999999 0.7612421875 0.8622734375000001 0.740275 0.8554 0.72105625 0.8455812500000001 0.72105625 0.8357640625 0.738528125 0.8318359375 0.72455 0.818090625 0.72455 0.8161265625 0.7105734375 0.7984546875 0.6965953125000001 0.7906 0.6931015625 0.7788171875 0.700090625 0.7670359375 0.6931015625 0.7493624999999999 0.700090625 0.7356171875 0.6965953125000001 0.7258 0.6826171875 0.7277625 0.6965953125000001 0.71598125 0.6965953125000001 0.7022359375 0.72455 0.6806359375000001 0.735034375 0.6796875 0.736721875 0.6796875 0.8653265625 0.7120546875 0.902765625 0.7277625 0.9132484375000001 0.7513265625 0.9132484375000001 0.7729265625 0.934215625 0.808271875 0.9377093750000001 0.8122 0.9307203124999999
17 0.90841875 0.553325 0.94081875 0.551578125 0.9506375 0.5445890624999999 0.932409375 0.51875 0.8967609375000001 0.51875 0.90841875 0.553325