6 0 0 0 0.4296875 0.5390625 0.4296875 0.5390625 0 0 0
13 0.0100453125 0 0 0.0246796875 0 0.39974375 0.0083140625 0.42272968750000006 0.01686875 0.4296875 0.21632968749999998 0.4296875 0.219028125 0.42744218749999996 0.23490937500000003 0.3850328125 0.2772640625 0.3316328125 0.289971875 0.27195 0.25820468750000003 0.0677671875 0.2455 0.058342187499999996 0.2278015625 0 0.1719171875 0 0.1682015625 0.0065125 0.1681390625 0 0.0100453125 0
13 0.38209218749999996 0.0693375 0.38632656249999997 0.0693375 0.399034375 0.0819 0.40538749999999996 0.0850421875 0.41279843749999995 0.0834703125 0.41703437499999996 0.0803296875 0.41703437499999996 0.064625 0.41279843749999995 0.055200000000000006 0.41279843749999995 0.039495312500000004 0.40538749999999996 0.0316421875 0.379975 0.0316421875 0.3672671875 0.0253578125 0.3651484375 0.028499999999999998 0.33973593750000003 0.0253578125 0.3376203125 0.028499999999999998 0.3227953125 0.0316421875 0.31961875 0.039495312500000004 0.3227953125 0.0473453125 0.335503125 0.0536296875 0.3736203125 0.056770312499999996 0.38209218749999996 0.0693375
13 0.33444375000000004 0.2782296875 0.38209218749999996 0.2955078125 0.4276234375 0.35047968749999997 0.4413875 0.3960296875 0.4562109375 0.414875 0.46574218749999996 0.4133046875 0.4848 0.3190671875 0.49645 0.2923671875 0.503859375 0.2939375 0.5080953125 0.27508750000000004 0.4975078125 0.1400171875 0.4752703125 0.1353046875 0.4625640625 0.1415828125 0.36303125 0.0693375 0.3291484375 0.0630546875 0.3323265625 0.0991796875 0.325971875 0.118025 0.325971875 0.1525796875 0.3302078125 0.1651453125 0.3217359375 0.19970000000000002 0.33444375000000004 0.243675 0.33444375000000004 0.2782296875
6 0.586515625 0 0.5537546875 0.0445078125 0.5537546875 0.0571546875 0.5672953125 0.063478125 0.582528125 0.077178125 0.5977609375 0.080340625 0.594375 0.08455625 0.5656015625 0.0835015625 0.5390625 0.0876328125 0.5390625 0.1817140625 0.5486765625000001 0.18256875 0.5672953125 0.1899453125 0.5390625 0.197184375 0.5390625 0.3483796875 0.5452921875000001 0.349084375 0.55883125 0.36173125 0.5622171875 0.3596234375 0.582528125 0.36173125 0.6333046875 0.3764859375 0.660384375 0.37859375 0.6840796874999999 0.3891328125 0.731471875 0.3975640625 0.7788625 0.41021093750000004 0.8397953125000001 0.41231875 0.8414875 0.41969531250000003 0.8634906250000001 0.4270734375 0.88868125 0.4296875 1 0.4296875 1 0 0.586515625 0
21 0.73485625 0.332221875 0.748396875 0.323790625 0.775478125 0.3174671875 0.7737859375 0.30798281250000004 0.783940625 0.3037671875 0.783940625 0.2953359375 0.7805546875 0.276365625 0.775478125 0.28163593750000004 0.7704 0.28058125 0.7737859375 0.251071875 0.767015625 0.2405328125 0.748396875 0.23315625 0.73485625 0.23526406249999998 0.721315625 0.2268328125 0.6942359375 0.2268328125 0.5791421875 0.237371875 0.5689875 0.2415875 0.5390625 0.24302031249999997 0.5390625 0.34657343749999997 0.5672953125 0.3459234375 0.61299375 0.3427609375 0.6299187500000001 0.33854531250000003 0.673925 0.33854531250000003 0.69085 0.33432968750000003 0.73485625 0.332221875
21 1 0.0354359375 0.99889375 0.0350234375 0.951503125 0.032915625 0.8330249999999999 0.068746875 0.7940953125 0.08455625 0.7737859375 0.10985 0.7737859375 0.1246046875 0.783940625 0.1414671875 0.8160984375 0.1635984375 0.836409375 0.1720296875 0.8651828125 0.17097500000000002 0.941346875 0.1467359375 0.951503125 0.1404125 0.9785828125 0.1383046875 0.99889375 0.12355000000000001 1 0.12300625000000001 1 0.0354359375
21 0.6688468750000001 0.200484375 0.670540625 0.195215625 0.6806953124999999 0.1973234375 0.6756171875 0.200484375 0.6806953124999999 0.203646875 0.695928125 0.2025921875 0.7280859375000001 0.195215625 0.7500890625000001 0.175190625 0.7500890625000001 0.147790625 0.73485625 0.13198125 0.670540625 0.1087953125 0.6400734375 0.11301093749999999 0.616378125 0.11090312499999999 0.5859125 0.085609375 0.5452921875000001 0.085609375 0.5390625 0.0888140625 0.5390625 0.181634375 0.5622171875 0.186784375 0.6333046875 0.191 0.6502296875 0.1973234375 0.660384375 0.195215625 0.6637703125 0.20153906250000003 0.6688468750000001 0.200484375
21 0.6891578125 0.217346875 0.6891578125 0.21313125 0.616378125 0.191 0.6062234375 0.1931078125 0.55883125 0.191 0.5390625 0.1971546875 0.5390625 0.240334375 0.572371875 0.237371875 0.5892984375 0.2310484375 0.6333046875 0.23315625 0.6637703125 0.22894062499999998 0.677309375 0.224725 0.6891578125 0.217346875
21 0.6654625000000001 0.3796484375 0.673925 0.38491718750000004 0.7822484375000001 0.41021093750000004 0.811021875 0.4112640625 0.836409375 0.3975640625 0.8702609375 0.39545625 0.8922640625 0.38175625 0.8871859375 0.3764859375 0.866875 0.3722703125 0.8381015625 0.3564625 0.8160984375 0.323790625 0.7720921875 0.32589843749999997 0.748396875 0.332221875 0.71793125 0.33432968750000003 0.6942359375 0.340653125 0.6756171875 0.35224687499999996 0.6654625000000001 0.3712171875 0.6654625000000001 0.3796484375
21 1 0.28413750000000004 0.9718125000000001 0.298496875 0.9616578125 0.3006046875 0.9531953124999999 0.29744375 0.9633499999999999 0.284796875 0.9802765625 0.27425781250000003 0.9582734374999999 0.2689890625 0.880415625 0.271096875 0.8567203125 0.279528125 0.8414875 0.2890125 0.8245609375 0.3121984375 0.8245609375 0.33538437499999996 0.8347171875000001 0.3501390625 0.8702609375 0.3722703125 0.8939562499999999 0.3764859375 0.91934375 0.3754328125 0.9718125000000001 0.3533 1 0.34607343749999997 1 0.28413750000000004
21 1 0.3469765625 0.9955093749999999 0.3469765625 0.9819687500000001 0.35119218750000003 0.8837999999999999 0.391240625 0.8414875 0.4154796875 0.8414875 0.421803125 0.84995 0.424965625 0.884834375 0.4296875 1 0.4296875 1 0.3469765625
18 0.5866515625 0 0.55036875 0.050831249999999994 0.55036875 0.055046874999999995 0.5859125 0.077178125 0.5977609375 0.080340625 0.6011453125 0.097203125 0.616378125 0.1087953125 0.6434593750000001 0.11090312499999999 0.6671546875 0.10457968749999999 0.7247015625000001 0.127765625 0.73655 0.12882031249999998 0.7805546875 0.0908796875 0.8347171875000001 0.063478125 0.8414875 0.0529390625 0.8787234375 0.021321875 0.8915640625 0 0.5866515625 0
21 0.6942359375 0.340653125 0.6756171875 0.35224687499999996 0.6688468750000001 0.360678125 0.6654625000000001 0.377540625 0.677309375 0.387025 0.6976203125 0.3891328125 0.714546875 0.39545625 0.8042515625 0.413371875 0.8127140624999999 0.41231875 0.836409375 0.399671875 0.853334375 0.399671875 0.8702609375 0.39545625 0.90241875 0.3796484375 0.897340625 0.3764859375 0.866875 0.3722703125 0.8414875 0.35857031250000004 0.8245609375 0.3396 0.819484375 0.323790625 0.7822484375000001 0.32589843749999997 0.7653218749999999 0.323790625 0.7450125 0.332221875 0.6942359375 0.340653125
16 1 0.1298734375 0.9955093749999999 0.1298734375 0.99043125 0.1330359375 0.99043125 0.1414671875 0.9819687500000001 0.144628125 0.9718125000000001 0.1467359375 0.9650421874999999 0.1425203125 0.9548875000000001 0.1425203125 0.866875 0.1741375 0.8296390625000001 0.1762453125 0.7551671875 0.20153906250000003 0.7382421875 0.203646875 0.6806953124999999 0.224725 0.69085 0.22894062499999998 0.721315625 0.2268328125 0.731471875 0.23315625 0.7551671875 0.23315625 0.7602453125 0.2363171875 0.7636296875 0.2405328125 0.7602453125 0.242640625 0.7636296875 0.24474843750000003 0.7636296875 0.3164140625 0.775478125 0.3216828125 0.7940953125 0.3206296875 0.8160984375 0.315359375 0.8245609375 0.310090625 0.8381015625 0.2890125 0.8634906250000001 0.27531249999999996 0.8905703125000001 0.2689890625 0.9311921875 0.2689890625 0.9582734374999999 0.26477343750000004 0.9785828125 0.2563421875 1 0.2512125 1 0.1298734375
21 0.8958453125 0 0.8753375 0.0255375 0.8753375 0.03396875 0.8837999999999999 0.0434546875 0.9007265625 0.0455625 0.9447328125000001 0.032915625 0.9887390625 0.032915625 1 0.03603125 1 0 0.8958453125 0
15 1 0.266684375 0.9718125000000001 0.28163593750000004 0.9531953124999999 0.29744375 0.9548875000000001 0.3006046875 0.9633499999999999 0.2995515625 0.9751984374999999 0.29638906249999997 1 0.28276249999999997 1 0.266684375
21 0.792403125 0.1846765625 0.8025578124999999 0.1846765625 0.8347171875000001 0.1730828125 0.7940953125 0.15200625 0.7737859375 0.1267125 0.7737859375 0.1119578125 0.7653218749999999 0.11090312499999999 0.7467046875000001 0.1246046875 0.7467046875000001 0.139359375 0.7602453125 0.1667609375 0.783940625 0.1815140625 0.7805546875 0.1878375 0.7907109375 0.1878375 0.792403125 0.1846765625
6 0.2108453125 1 0.222721875 0.9980015625 0.3092921875 0.9501406250000001 0.3589109375 0.8473843750000001 0.3546875 0.816415625 0.386359375 0.726325 0.375803125 0.6869109375 0.3451875 0.674240625 0.3219609375 0.699578125 0.31456875 0.667203125 0.300846875 0.662978125 0.2501703125 0.69113125 0.23855624999999997 0.6643890625 0.25544687499999996 0.6474968750000001 0.257559375 0.610896875 0.220609375 0.5700734375 0.155153125 0.5362890625000001 0.064359375 0.530659375 0 0.538703125 0 1 0.2108453125 1
16 0.34307656249999996 0.809375 0.3504640625 0.8079703125 0.36524531250000003 0.78263125 0.37157968750000003 0.75729375 0.386359375 0.7206953125 0.386359375 0.70661875 0.3821375 0.698171875 0.370525 0.6826859375 0.35574531249999997 0.6770546875 0.3409640625 0.6798703125000001 0.32723749999999996 0.7009875 0.3187921875 0.7206953125 0.31456875 0.7488484375 0.3040125 0.7741859375 0.3040125 0.7882625 0.3156265625 0.8009296875 0.33674218749999996 0.80374375 0.34307656249999996 0.809375
16 0.23433281250000002 0.8614609375000001 0.24383593750000002 0.8741265625000001 0.251225 0.8727218750000001 0.2807859375 0.8248609374999999 0.2807859375 0.7967078125 0.286065625 0.7981140625 0.295565625 0.785446875 0.308234375 0.7516640625 0.308234375 0.7432171875 0.31668124999999997 0.726325 0.31668124999999997 0.6784656250000001 0.313515625 0.6714249999999999 0.2670625 0.6826859375 0.25861718749999996 0.6883171875 0.23855624999999997 0.7206953125 0.23433281250000002 0.7432171875 0.23433281250000002 0.75729375 0.23855624999999997 0.7657406250000001 0.23433281250000002 0.8614609375000001
16 0 0.7363671875 0.023184375 0.7404015625 0.049579687500000004 0.730546875 0.0590796875 0.7178796875 0.0590796875 0.6897265625 0.0506328125 0.6643890625 0.048521875 0.585559375 0.0432453125 0.581334375 0.0031265625 0.581334375 0 0.58341875 0 0.7363671875
16 0 0.95441875 0.001015625 0.9557718749999999 0.0147375 0.95718125 0.036910937500000005 0.944509375 0.0685828125 0.9529562500000001 0.1382625 0.899465625 0.1477625 0.8839828125 0.1477625 0.8558296875 0.13509218750000002 0.8107843750000001 0.12137031250000001 0.8178203125 0.104478125 0.8431593749999999 0.0939203125 0.8516046875000001 0.0812515625 0.8544203125 0.051690625000000004 0.8459734375 0.0432453125 0.8487890625000001 0.0274078125 0.8896140625 0.022129687500000002 0.89665 0.001015625 0.9022796874999999 0 0.9041265624999999 0 0.95441875
16 0.17098750000000001 0.8924296875 0.1562078125 0.9177671875 0.14987343749999998 0.9599968750000001 0.1530421875 0.9670328125 0.1593765625 0.9698484374999999 0.1847140625 0.9754781250000001 0.1910484375 0.981109375 0.207940625 0.9839249999999999 0.2163875 0.9895546875000001 0.2216640625 0.9881500000000001 0.2396125 0.9839249999999999 0.2470015625 0.9768890625 0.2470015625 0.9684421875 0.2406671875 0.9628125000000001 0.23855624999999997 0.9487359375000001 0.2406671875 0.929028125 0.23855624999999997 0.90650625 0.222721875 0.8825734375 0.21321718750000002 0.878353125 0.21110625 0.8727218750000001 0.21321718750000002 0.8502000000000001 0.2058296875 0.8403437500000001 0.19316093750000002 0.8347125 0.17626875 0.8375281250000001 0.1688765625 0.8502000000000001 0.17098750000000001 0.8924296875
21 0.31668124999999997 0.93184375 0.32090312499999996 0.9177671875 0.3314609375 0.9008749999999999 0.3314609375 0.8924296875 0.326184375 0.8853890625 0.3156265625 0.8797578125 0.2945125 0.86005 0.2818421875 0.86005 0.2670625 0.868496875 0.24277812499999998 0.90650625 0.2406671875 0.9515499999999999 0.2565046875 0.9726640625 0.2660046875 0.9740734375000001 0.2966234375 0.9585859375 0.31668124999999997 0.93184375
16 0.104478125 0.8403437500000001 0.113978125 0.8276765625 0.126646875 0.7967078125 0.126646875 0.7910781250000001 0.1224234375 0.78263125 0.1224234375 0.7741859375 0.11081250000000001 0.7474375 0.091809375 0.7333609375 0.064359375 0.7333609375 0.051690625000000004 0.7418078125 0.0337421875 0.7713703125 0.0337421875 0.8079703125 0.04535625 0.8403437500000001 0.064359375 0.8516046875000001 0.09075156250000001 0.8502000000000001 0.104478125 0.8403437500000001