6 0 0.572915625 0.101296875 0.6014109375000001 0.097359375 0.607346875 0.1019390625 0.6061593750000001 0.27505156249999996 0.3888875 0.28421093750000004 0.3675171875 0.2631453125 0.3283375 0.24574218750000001 0.3176515625 0.14590468750000002 0.3307109375 0.1001078125 0.3283375 0 0.410259375 0 0.572915625
6 0.6044921875 0.3645828125 0.5888671875 0.3620515625 0.5654296875 0.38230624999999996 0.5478515625 0.43041093750000003 0.5419921875 0.4177515625 0.5068359375 0.3924328125 0.4970703125 0.3772421875 0.4677734375 0.37977500000000003 0.4482421875 0.3493921875 0.4404296875 0.3468609375 0.4375 0.3607859375 0.447265625 0.381040625 0.4091796875 0.394965625 0.4033203125 0.4202828125 0.3779296875 0.4329421875 0.3525390625 0.422815625 0.3173828125 0.42534687499999996 0.3125 0.434209375 0.3125 0.46205937500000005 0.2880859375 0.4709203125 0.265625 0.49244062499999997 0.2724609375 0.54434375 0.2626953125 0.54434375 0.2568359375 0.5266203125 0.2412109375 0.519025 0.2216796875 0.5418109375 0.1943359375 0.546875 0.18359375 0.573459375 0.185546875 0.5937140624999999 0.169921875 0.6114359375 0.1728515625 0.6253609375 0.2099609375 0.6329578125 0.2568359375 0.6582749999999999 0.2880859375 0.668403125 0.3251953125 0.668403125 0.3291015625 0.6810625 0.439453125 0.7152421875 0.498046875 0.6240953124999999 0.517578125 0.5532046875 0.52734375 0.548140625 0.5322265625 0.5291515625 0.544921875 0.522821875 0.580078125 0.46205937500000005 0.5859375 0.4443359375 0.58203125 0.408890625 0.61328125 0.3987625 0.6044921875 0.3645828125
13 0.087890625 0.436740625 0.080078125 0.4418046875 0.10546875 0.44939999999999997 0.11328125 0.4443359375 0.125 0.41648593749999996 0.126953125 0.3785078125 0.1220703125 0.37217812499999997 0.0517578125 0.38230624999999996 0.0166015625 0.4000296875 0.005859375 0.41648593749999996 0.0361328125 0.448134375 0.0849609375 0.422815625 0.087890625 0.436740625
13 0.044921875 0.5101640625 0.0244140625 0.48357968749999997 0.0009765625 0.475984375 0 0.548140625 0.0078125 0.548140625 0.0205078125 0.5342156250000001 0.0380859375 0.5291515625 0.044921875 0.5101640625
13 0.1494140625 0.422815625 0.166015625 0.40382656250000004 0.1640625 0.3734453125 0.162109375 0.3607859375 0.1494140625 0.344328125 0.1318359375 0.339265625 0.123046875 0.355721875 0.125 0.41648593749999996 0.138671875 0.42408124999999997 0.1494140625 0.422815625
13 0.2255859375 0.3645828125 0.19921875 0.3759765625 0.201171875 0.3937 0.2109375 0.411421875 0.220703125 0.411421875 0.255859375 0.3987625 0.2470703125 0.37217812499999997 0.2255859375 0.3645828125
13 0.2294921875 0.3367328125 0.2080078125 0.341796875 0.1953125 0.36585 0.1962890625 0.3747109375 0.20703125 0.3734453125 0.2353515625 0.367115625 0.236328125 0.3430625 0.2294921875 0.3367328125
13 0.162109375 0.46205937500000005 0.1337890625 0.43041093750000003 0.1015625 0.4696546875 0.083984375 0.5101640625 0.1103515625 0.531684375 0.1298828125 0.5595343749999999 0.13671875 0.55826875 0.181640625 0.49750468750000004 0.162109375 0.46205937500000005
13 0.2119140625 0.617765625 0.23828125 0.6215640625 0.2587890625 0.617765625 0.283203125 0.598778125 0.28515625 0.5557359374999999 0.2744140625 0.546875 0.2177734375 0.5392796875 0.1923828125 0.54940625 0.181640625 0.575990625 0.185546875 0.5937140624999999 0.1962890625 0.5949796875 0.2119140625 0.617765625
13 0.359375 0.49244062499999997 0.3486328125 0.46332500000000004 0.3251953125 0.45826093749999997 0.275390625 0.4823140625 0.27734375 0.49497187499999995 0.2939453125 0.51649375 0.326171875 0.53548125 0.3369140625 0.531684375 0.359375 0.49244062499999997
13 0.447265625 0.48484531249999996 0.4775390625 0.481046875 0.4921875 0.46459062500000003 0.494140625 0.4468671875 0.4658203125 0.3924328125 0.4345703125 0.38230624999999996 0.404296875 0.4012953125 0.404296875 0.42408124999999997 0.419921875 0.4696546875 0.4306640625 0.481046875 0.447265625 0.48484531249999996
13 0.50390625 0.49750468750000004 0.4931640625 0.49370624999999996 0.435546875 0.56333125 0.4794921875 0.60004375 0.5 0.6089046875 0.505859375 0.5683953125000001 0.51953125 0.53041875 0.50390625 0.49750468750000004
13 0.4296875 0.53041875 0.439453125 0.5152265625 0.4375 0.489909375 0.3916015625 0.453196875 0.373046875 0.46205937500000005 0.34375 0.5253546874999999 0.3447265625 0.531684375 0.3681640625 0.531684375 0.3857421875 0.519025 0.3994140625 0.5291515625 0.4296875 0.53041875
13 0.3916015625 0.57725625 0.38671875 0.5835859375 0.3896484375 0.5949796875 0.4091796875 0.6101703125 0.427734375 0.6089046875 0.431640625 0.5937140624999999 0.4208984375 0.574725 0.3916015625 0.57725625
12 0.353515625 0.657009375 0.3662109375 0.668403125 0.37890625 0.6671375 0.3828125 0.64181875 0.3681640625 0.617765625 0.3623046875 0.617765625 0.353515625 0.657009375
18 0.3564453125 0.54940625 0.3173828125 0.574725 0.310546875 0.58865 0.3173828125 0.5975109375 0.32421875 0.5962453125 0.3642578125 0.574725 0.36328125 0.5532046875 0.3564453125 0.54940625
16 0.31640625 0.6392875 0.2900390625 0.6025750000000001 0.271484375 0.6190328125 0.26953125 0.631690625 0.275390625 0.6468828125 0.2734375 0.659540625 0.298828125 0.66966875 0.314453125 0.657009375 0.31640625 0.6392875
13 0.3271484375 0.422815625 0.314453125 0.434209375 0.3154296875 0.46079218749999995 0.3427734375 0.45826093749999997 0.359375 0.47978125 0.376953125 0.45193125 0.3720703125 0.43041093750000003 0.3271484375 0.422815625
13 0.427734375 0.5532046875 0.42578125 0.53548125 0.4189453125 0.5266203125 0.3994140625 0.5291515625 0.3837890625 0.519025 0.37109375 0.5278859375 0.3857421875 0.5595343749999999 0.4111328125 0.5519390625 0.421875 0.55826875 0.427734375 0.5532046875
13 0.34375 0.6342234375 0.341796875 0.6646046875 0.330078125 0.6620734374999999 0.330078125 0.66966875 0.341796875 0.6772640625 0.3388671875 0.6810625 0.3681640625 0.6962531249999999 0.44140625 0.7152421875 0.48046875 0.657009375 0.4765625 0.6392875 0.4482421875 0.5975109375 0.4326171875 0.6051078125 0.4267578125 0.60004375 0.4111328125 0.6101703125 0.3916015625 0.5949796875 0.3876953125 0.5797890625 0.3525390625 0.6354890625 0.34375 0.6342234375
13 0.4169921875 0.562065625 0.416015625 0.5683953125000001 0.4375 0.598778125 0.4453125 0.59118125 0.447265625 0.575990625 0.4267578125 0.5570015625 0.4169921875 0.562065625