6 0 0.459375 0.559375 0.459375 0.559375 0.33836875 0.355840625 0.21869062499999997 0.13216250000000002 0.15613749999999998 0 0.199834375 0 0.459375
6 0.559375 0 0.559375 0.459375 1 0.459375 1 0 0.559375 0
0 0.559375 1 0.559375 0.459375 0 0.459375 0 1 0.559375 1
17 0.10708593749999999 0.793878125 0.11576093750000001 0.802090625 0.12121249999999999 0.80050625 0.12337187499999999 0.797265625 0.117484375 0.7921109375000001 0.11179375 0.7894593750000001 0.1068890625 0.791521875 0.10708593749999999 0.793878125
17 0.1834140625 0.677571875 0.1665390625 0.660634375 0.1608484375 0.6566562499999999 0.136125 0.6649046875 0.12415625 0.671975 0.1216046875 0.67433125 0.12577031249999998 0.6846109375 0.135340625 0.68316875 0.14750625 0.6923015625 0.1592796875 0.6892078125000001 0.1834140625 0.677571875
16 0 0.7279890625000001 0.0016015625 0.7279890625000001 0.0049640625 0.7254671874999999 0.015051562499999999 0.7254671874999999 0.0184140625 0.7279890625000001 0.0234578125 0.72420625 0.0234578125 0.7216843749999999 0.025139062499999996 0.7204234375 0.0285015625 0.7204234375 0.035225 0.7153796875 0.038587500000000004 0.7153796875 0.04195 0.71285625 0.0453125 0.71285625 0.058762499999999995 0.7027687499999999 0.06548593750000001 0.7027687499999999 0.0738921875 0.6964640625 0.0738921875 0.6939421875 0.0772546875 0.6914203125 0.0772546875 0.6863765625 0.0738921875 0.6838546875 0.0738921875 0.68133125 0.0621234375 0.6725046875 0.04195 0.6725046875 0.038587500000000004 0.6750265625 0.035225 0.6750265625 0.0318625 0.6775484374999999 0.0285015625 0.6775484374999999 0.025139062499999996 0.6800703125 0.0217765625 0.6800703125 0.0184140625 0.68259375 0.015051562499999999 0.68259375 0.0116890625 0.685115625 0.008326562499999999 0.685115625 0.0049640625 0.6876375 0.0016015625 0.6876375 0 0.6888390625 0 0.7279890625000001
2 0.274340625 0.5106843750000001 0.257709375 0.5090640625 0.2531734375 0.5119828125 0.24885312499999998 0.519440625 0.2501484375 0.5275484374999999 0.25103593750000003 0.5297859375 0.2732609375 0.5345203125 0.2963734375 0.5367890625 0.295509375 0.5382484375 0.3104140625 0.5397078125 0.3121421875 0.5376000000000001 0.3119265625 0.5348437500000001 0.31408593749999997 0.5364656250000001 0.316246875 0.531925 0.31430156249999996 0.516521875 0.3104140625 0.5132796875000001 0.301990625 0.51230625 0.2961578125 0.513765625 0.274340625 0.5106843750000001
1 0.318621875 0.6928640625 0.31495 0.6923765625 0.2996140625 0.6954578125 0.297021875 0.6964312500000001 0.29770625 0.6963078125 0.30069375 0.7011328125 0.309334375 0.6991875000000001 0.3177578125 0.6985390625 0.32035 0.6980515625 0.318621875 0.6928640625
1 0.46637031249999994 0.858340625 0.47155312499999996 0.860125 0.47479375 0.8552609375 0.47047343750000004 0.8526671875 0.4594578125 0.8482890624999999 0.452303125 0.8523765624999999 0.46637031249999994 0.858340625
17 0.526128125 0.8591328125000001 0.522765625 0.8566109375 0.516040625 0.8566109375 0.512678125 0.8540890624999999 0.4925046875 0.8540890624999999 0.4874609375 0.8578718750000001 0.4874609375 0.8704812499999999 0.4925046875 0.8742640625 0.495865625 0.8742640625 0.49922812499999997 0.8767859375 0.5025906250000001 0.8767859375 0.5093156249999999 0.8818296875 0.512678125 0.8818296875 0.526128125 0.89191875 0.5362140625 0.89191875 0.5378953125 0.8906578125 0.5395765625 0.8893968750000001 0.5496640625 0.8893968750000001 0.5547078125 0.8856140625 0.5547078125 0.883090625 0.5580703125 0.8805687499999999 0.5580703125 0.873003125 0.5563890625 0.8717421875 0.5530265625 0.8717421875 0.5463015625 0.8666984375 0.5429390625 0.8666984375 0.5362140625 0.8616546875 0.5328515625 0.8616546875 0.5294890624999999 0.8591328125000001 0.526128125 0.8591328125000001
6 1 0.7396765624999999 0.9463234375 0.7502 0.9274093750000001 0.7401140625 0.9633453125000001 0.6455484375 0.9595640624999999 0.62033125 0.8423015625 0.6026796875 0.8423015625 0.5900703125 0.8158234375 0.577459375 0.8158234375 0.51189375 0.7912343749999999 0.48541718749999996 0.757190625 0.48541718749999996 0.7307125 0.520721875 0.6985609375 0.5018078125 0.687753125 0.459375 0.559375 0.459375 0.559375 1 0.935928125 1 0.9255203125 0.9708546874999999 0.9595640624999999 0.95068125 0.9557796875 0.9254640625 1 0.8959843749999999 1 0.7396765624999999
21 1 0.7372156249999999 0.9879312499999999 0.7350703125 0.9274093750000001 0.7552453125 0.880128125 0.7892890625 0.8763453125 0.8422453125 0.8423015625 0.864940625 0.8423015625 0.8977234375 0.827171875 0.915375 0.8423015625 0.9254640625 0.8423015625 0.9405921875000001 0.8196046875 0.9607671874999999 0.8252796874999999 0.9695953125000001 0.85743125 0.9733750000000001 1 0.8999859375 1 0.7372156249999999
21 0.7288234375 0.6833750000000001 0.7326046875000001 0.7111140625 0.7212578125 0.7312875 0.7685390625 0.7375921875 0.804475 0.771634375 0.8120390625 0.741375 0.80069375 0.713634375 0.7420609375 0.641765625 0.7363875 0.6531140625 0.7553015624999999 0.670765625 0.7288234375 0.6833750000000001
21 0.662628125 0.5535046875 0.559375 0.5748671875 0.559375 0.62498125 0.617234375 0.636721875 0.6380390625000001 0.655634375 0.700453125 0.614025 0.7250390624999999 0.62033125 0.68343125 0.56233125 0.662628125 0.5535046875