13 0 0 0 0.11776249999999999 0.029548437500000004 0.1890140625 0 0.2380484375 0 0.2705640625 0.06788593750000001 0.305853125 0.0381625 0.35 0.6890625 0.35 0.6890625 0.0339984375 0.6782140625 0.049628125 0.682815625 0.10292343749999999 0.63834375 0.13777187500000002 0.6030734375 0.07627500000000001 0.5867703125 0 0 0
6 0 0 0 0.11608437499999999 0.0289015625 0.200128125 0 0.23150468750000003 0 0.2550515625 0.00461875 0.26346875000000003 0 0.26525625 0 0.35 0.6890625 0.35 0.6890625 0 0 0
6 0.6890625 0 0.6890625 0.35 1 0.35 1 0 0.6890625 0
3 0.6912703125 0.24260781250000002 0.6890625 0.2624796875 0.6890625 0.35 0.9368124999999999 0.35 0.8761203125 0.2530671875 0.7459140625 0.22517031250000002 0.6890625 0.1878578125 0.6890625 0.23899374999999998 0.6912703125 0.24260781250000002
3 0.6890625 0 0.6890625 0.155478125 0.7412625 0.21121875 0.863334375 0.23563125000000001 0.9958656250000001 0.0472890625 0.9958656250000001 0 0.6890625 0
6 0.6890625 1 0.6890625 0.35 0.34319687499999996 0.35 0.29766875000000004 0.40315781250000005 0.2475921875 0.5152015624999999 0.31885625 0.5801359374999999 0.2880390625 0.6119687500000001 0.22255468750000001 0.7392921875 0.1320296875 0.7227406249999999 0.11662187500000001 0.9124515625 0.1966984375 1 0.6890625 1
3 0.37409375 0.7515343750000001 0.38561718749999996 0.742390625 0.38792343749999997 0.7180125 0.41558124999999996 0.650971875 0.4178859375 0.6326875000000001 0.40751406250000005 0.6220234375 0.3948375 0.6296406250000001 0.33952187500000003 0.785053125 0.3303015625 0.8033374999999999 0.30840625 0.8200984375000001 0.30264375 0.8338109375 0.30033906250000003 0.8490484374999999 0.3061 0.856665625 0.32223437499999996 0.8444765625 0.3441296875 0.8490484374999999 0.3095578125 0.9435140625 0.3130140625 0.9572265625 0.3233859375 0.9587515625 0.3441296875 0.906946875 0.3441296875 0.8917109375000001 0.35795937499999997 0.8612375 0.3775515625 0.8475234374999999 0.3948375 0.8246687500000001 0.39714218749999997 0.7698171874999999 0.3936859375 0.7530578125 0.38792343749999997 0.7545796874999999 0.38561718749999996 0.7728640625 0.3717890625 0.794196875 0.369484375 0.8063859375 0.3625703125 0.8094328125000001 0.3568078125 0.8261921875 0.35335 0.821621875 0.35335 0.8033374999999999 0.37409375 0.7515343750000001
13 0.28766250000000004 0.5275562500000001 0.3256921875 0.5077484375 0.32453906250000003 0.5153671875 0.317625 0.5153671875 0.316471875 0.522984375 0.29803437499999996 0.54126875 0.29803437499999996 0.5504109374999999 0.307253125 0.5747890625000001 0.32223437499999996 0.59155 0.327996875 0.590025 0.3660265625 0.5580296875 0.3936859375 0.5580296875 0.410971875 0.5199374999999999 0.4236484375 0.509271875 0.43862968750000003 0.48337031250000007 0.43862968750000003 0.46813281250000005 0.4178859375 0.4407078125 0.3936859375 0.390428125 0.3867703125 0.40261718750000003 0.3521984375 0.396521875 0.3107109375 0.4117578125 0.269221875 0.44223125 0.2542421875 0.46508593749999994 0.256546875 0.5107953125 0.27613750000000004 0.5275562500000001 0.28766250000000004 0.5275562500000001
3 0.2519359375 0.7393453125 0.256546875 0.800290625 0.269221875 0.8231453125 0.277290625 0.821621875 0.277290625 0.8124796875 0.270375 0.8063859375 0.265765625 0.7881015625 0.2749859375 0.7515343750000001 0.29688125 0.72563125 0.3256921875 0.7149656249999999 0.327996875 0.6966828125 0.337215625 0.67535 0.3556546875 0.6540203124999999 0.3625703125 0.6387828125 0.36372187500000003 0.6067859375 0.3130140625 0.6067859375 0.301490625 0.6098343749999999 0.286509375 0.623546875 0.25884999999999997 0.7058234375 0.2519359375 0.7393453125
13 0.3885453125 1 0.3775515625 0.9877 0.3545015625 0.9816046875 0.301490625 0.9511312500000001 0.269221875 0.9480859374999999 0.260003125 0.9419906250000001 0.24617499999999998 0.9511312500000001 0.2427171875 0.955703125 0.245021875 0.9617984375 0.250784375 0.9541796874999999 0.2519359375 0.9678921875000001 0.25884999999999997 0.9800812499999999 0.2519359375 0.9983656249999999 0.25243125 1 0.3885453125 1
15 0.6890625 0.6284109375 0.6890625 0.5967828125 0.6437609375 0.5199374999999999 0.6195609375 0.4879421875 0.616103125 0.5107953125 0.6230187500000001 0.5260328125 0.68294375 0.6174515625 0.6890625 0.6284109375
14 0.4904890625 0.49403593749999997 0.5377390625 0.49251093749999997 0.6195609375 0.46051562500000004 0.651828125 0.43004218749999995 0.6714187500000001 0.40109218750000003 0.6806390625 0.3767140625 0.6821937499999999 0.35 0.3925328125 0.35 0.3925328125 0.352334375 0.40405781249999995 0.4071859375 0.42019062500000004 0.4407078125 0.43517343750000004 0.46051562500000004 0.46052499999999996 0.481846875 0.4904890625 0.49403593749999997
13 0.610340625 0.551934375 0.61149375 0.5595515625 0.5976640625 0.580884375 0.5976640625 0.6357359375 0.58153125 0.657065625 0.5769203125 0.6905875 0.5169953125 0.8399046875 0.512384375 0.8642843750000001 0.5365859375 0.8688546875000001 0.5734640625 0.8901859375000001 0.601121875 0.9145640625 0.6403046875 0.960275 0.6460671875 0.9587515625 0.6622 0.9191359374999999 0.6864015625000001 0.899328125 0.6890625 0.895340625 0.6890625 0.68053125 0.6806390625 0.6601140625 0.6806390625 0.6204984375 0.6449140625 0.5641234374999999 0.631084375 0.5488875 0.6218656250000001 0.5488875 0.610340625 0.551934375
6 1 0.4192984375 0.9906484375 0.3924140625 0.9668125 0.35 0.6890625 0.35 0.6890625 1 1 1 1 0.4192984375
13 0.745134375 0.79649375 0.753203125 0.8067484374999999 0.753203125 0.8149531250000001 0.7416765625 0.8313625 0.739371875 0.847771875 0.753203125 0.8805921874999999 0.7635765625000001 0.89495 0.7797140625 0.9031546875 0.8062234374999999 0.90520625 0.82581875 0.8990515625000001 0.8338875 0.88469375 0.8523296874999999 0.8272609375 0.859246875 0.7862375 0.859246875 0.7575203125 0.8454140625000001 0.737009375 0.83619375 0.66316875 0.828125 0.6447078125 0.8235140624999999 0.6447078125 0.813140625 0.7164984375000001 0.79815625 0.722653125 0.7543562500000001 0.689834375 0.7336078125000001 0.6611171875 0.7243859375 0.6611171875 0.6890625 0.723978125 0.6890625 0.8596468749999999 0.715165625 0.89495 0.7243859375 0.89495 0.7278453125000001 0.888796875 0.7186234375 0.8272609375 0.7313031249999999 0.8005953124999999 0.745134375 0.79649375
13 0.9099984375 1 0.91226875 0.9954562499999999 0.9214890625000001 0.88469375 0.8627046875 0.8539265625000001 0.8500249999999999 0.888796875 0.8223609375 0.9298203125000001 0.8223609375 0.954434375 0.8373453124999999 0.9934062499999999 0.8442609375 0.9934062499999999 0.848871875 0.9811 0.8580937499999999 0.9811 0.8736171875000001 1 0.9099984375 1
13 1 0.418534375 0.992953125 0.40061875 0.9645078125 0.35 0.8231093749999999 0.35 0.810834375 0.3760046875 0.80391875 0.4088234375 0.8016140625 0.45395 0.8062234374999999 0.46625625 0.80391875 0.48676718750000003 0.8085296874999999 0.5154828124999999 0.8304296875 0.5421484375000001 0.8408031250000001 0.572915625 0.8500249999999999 0.5852234375 0.8523296874999999 0.63035 0.8408031250000001 0.659065625 0.8408031250000001 0.6754749999999999 0.8477203125000001 0.73290625 0.859246875 0.749315625 0.8615515625000001 0.769828125 0.856940625 0.835465625 0.8673140625 0.8498234374999999 0.9065046875 0.8744375 0.927253125 0.8826421874999999 0.9699 0.8805921874999999 1 0.86543125 1 0.418534375
3 0.7797140625 0.5954796875 0.7566609375 0.5790703125000001 0.745134375 0.583171875 0.7324546875 0.613940625 0.737065625 0.6672703125 0.791240625 0.71855 0.810834375 0.7206015625 0.82005625 0.6877828125 0.82005625 0.6508609375 0.8154453125 0.6344515625 0.805071875 0.615990625 0.7797140625 0.5954796875
3 0.699028125 0.447796875 0.6890625 0.486809375 0.6890625 0.5873390625 0.6921125 0.5954796875 0.707096875 0.593428125 0.7508984375 0.527790625 0.7555078125 0.49497187499999995 0.7105546875 0.447796875 0.699028125 0.447796875
13 0.7946984375 0.437540625 0.7877828124999999 0.3595953125 0.7850859375 0.35 0.7347609375 0.35 0.7347609375 0.404721875 0.739371875 0.417028125 0.739371875 0.4416421875 0.7543562500000001 0.4683078125 0.7877828124999999 0.4990734375 0.7946984375 0.437540625