6 0 0.443296875 0.0090390625 0.45 0.509375 0.45 0.509375 0.0897515625 0.5017078125000001 0.0858875 0.4892125 0.0634953125 0.36425625 0.067228125 0.330934375 0.10455 0.2247203125 0.078421875 0.218471875 0.10455 0.1643265625 0.0821546875 0.13516875 0.08961875 0.13204375 0.061629687499999995 0.0935171875 0.014976562500000002 0.0747734375 0.0858875 0 0.1489453125 0 0.443296875
17 0.26845625 0.335946875 0.26220781249999997 0.33221406249999996 0.2517953125 0.34714375 0.2247203125 0.365803125 0.21326562500000001 0.3826 0.2111828125 0.40125781250000003 0.221596875 0.434846875 0.2228046875 0.45 0.30834843749999996 0.45 0.3069828125 0.4385796875 0.300734375 0.419921875 0.2986546875 0.36766875 0.28407499999999997 0.330346875 0.27678437499999997 0.3247484375 0.26845625 0.335946875
17 0.2122234375 0.1978515625 0.21534843750000002 0.192253125 0.21326562500000001 0.177328125 0.20389531249999998 0.1642625 0.197646875 0.1642625 0.1955640625 0.1679953125 0.1809859375 0.1642625 0.151828125 0.1903875 0.1476625 0.1903875 0.140375 0.20345156250000002 0.140375 0.2109171875 0.1455796875 0.216515625 0.15599375 0.216515625 0.1684890625 0.231440625 0.173696875 0.229575 0.2122234375 0.1978515625
13 0.0872671875 0.11947656250000001 0.0903921875 0.11760937499999999 0.1185078125 0.0933515625 0.1330859375 0.0933515625 0.1382921875 0.0840203125 0.1382921875 0.07282187500000001 0.1341265625 0.061629687499999995 0.1268375 0.048565625 0.116425 0.0411 0.10913593749999999 0.028040625000000003 0.1049703125 0.013109375000000001 0.09768281250000001 0.0075109375 0.0903921875 0.009376562500000001 0.088309375 0.028040625000000003 0.075815625 0.07282187500000001 0.075815625 0.0840203125 0.08414374999999999 0.1138765625 0.0872671875 0.11947656250000001
6 0.509375 0 0.509375 0.45 1 0.45 1 0 0.509375 0
6 0.509375 1 0.509375 0.51301875 0.47867812499999995 0.506209375 0.378546875 0.46247812499999996 0.353515625 0.45831406250000006 0.314403125 0.47809687500000003 0.290934375 0.5145390625 0.225221875 0.5187046875 0.22209374999999998 0.495796875 0.1532546875 0.495796875 0.150125 0.5103734375 0.12352812500000002 0.513496875 0.13291406249999999 0.5259921875 0.1297859375 0.544734375 0.1250921875 0.5541046875 0.10788281250000001 0.5551468749999999 0.1016234375 0.5718062500000001 0.0984953125 0.655103125 0.10788281250000001 0.6592671875 0.10788281250000001 0.6905046875 0.0984953125 0.688421875 0.0938015625 0.6686390624999999 0.08284843750000001 0.7071625 0.07659218749999999 0.8237796875000001 0.0797203125 0.8570984375 0.0938015625 0.8581406250000001 0.09536718749999999 0.7279859375 0.10944687500000001 0.7227812499999999 0.11101093749999999 0.8612624999999999 0.0922359375 0.90499375 0.09536718749999999 0.9279 0.10788281250000001 0.9383125 0 0.9373546875000001 0 0.9702046875000001 0.0061859375000000005 0.9747546874999999 0.06097812500000001 1 0.509375 1
21 0.4351265625 1 0.37385625 0.8425218750000001 0.344128125 0.8185734374999999 0.32848125 0.8164906249999999 0.21583437499999997 0.8414796875 0.2080125 0.875840625 0.2603828125 1 0.4351265625 1
21 0.1689 0.6311546875 0.204884375 0.6321953125 0.5068406249999999 0.6082484375 0.509375 0.6067390625 0.509375 0.5124484375 0.48806562500000006 0.506209375 0.453646875 0.506209375 0.1438671875 0.527034375 0.13604375 0.5426515625 0.1391734375 0.6092906250000001 0.1689 0.6311546875
21 0.509375 0.68569375 0.509375 0.61461875 0.41922812499999995 0.6332375 0.386371875 0.6592671875 0.400453125 0.6686390624999999 0.47242187500000005 0.683215625 0.48963124999999996 0.6988328125 0.509375 0.68569375
21 0.12352812500000002 0.646771875 0.114140625 0.700915625 0.1250921875 0.7186171875 0.34725625 0.760265625 0.423921875 0.767553125 0.477115625 0.7300703125 0.483371875 0.6988328125 0.47242187500000005 0.6852984375 0.438 0.6748859375 0.1532546875 0.6311546875 0.12352812500000002 0.646771875
21 0.11101093749999999 0.798790625 0.1532546875 0.8331500000000001 0.2080125 0.8404375 0.27685312500000003 0.821696875 0.292496875 0.794625 0.283109375 0.7738 0.24086875000000002 0.7436046875 0.1157046875 0.726946875 0.10475468750000001 0.7633890625 0.11101093749999999 0.798790625
17 0.220321875 0.45 0.18263125 0.45 0.1000609375 0.460396875 0.1172703125 0.4926734375 0.13291406249999999 0.4968390625 0.234609375 0.4791390625 0.239303125 0.4676828125 0.220321875 0.45
6 1 0.5450625 0.7542609375 0.5530765625 0.6513671875 0.45 0.5961546875 0.45 0.554996875 0.5274421874999999 0.509375 0.52905 0.509375 0.9169750000000001 1 0.8929328125 1 0.5450625
21 0.794896875 0.8690890625 0.81573125 0.8772421874999999 0.8417703124999999 0.8758859375 0.8865640625 0.8582203125 0.9105203124999999 0.8133859375 0.9126046875 0.7943640624999999 0.8959374999999999 0.7237109375 0.8730203124999999 0.6802328125 0.8709374999999999 0.666646875 0.832396875 0.6272421875 0.801146875 0.624525 0.7803140625 0.63539375 0.7584375 0.6747984375 0.7584375 0.715559375 0.7521875 0.7427328125 0.7542703125 0.78349375 0.7667703125 0.8215375 0.7813546875 0.835125 0.794896875 0.8690890625
14 0.6303140625 0.5919156250000001 0.6532312499999999 0.5973499999999999 0.7542703125 0.59599375 0.7563546875 0.5824078125 0.7480203125 0.5579500000000001 0.7386468749999999 0.5511546875 0.7303140625 0.5348499999999999 0.6441640625 0.45 0.6074171875000001 0.45 0.5980203125 0.460125 0.5771875 0.49545000000000006 0.5688546875 0.5199078125 0.5688546875 0.53349375 0.5865640625 0.5565890625 0.6303140625 0.5919156250000001