6 0.4775390625 0.7015859375 0.4697265625 0.7114234374999999 0.4580078125 0.7048640625 0.4130859375 0.7114234374999999 0.3720703125 0.7048640625 0.3603515625 0.7114234374999999 0.3193359375 0.7114234374999999 0.2744140625 0.70814375 0.2685546875 0.7015859375 0.2568359375 0.70814375 0.2041015625 0.7114234374999999 0.0791015625 0.70814375 0.044921875 0.75569375 0.0517578125 0.777009375 0.0673828125 0.7737296875 0.0703125 0.7786484375 0.0703125 0.7884859375 0.076171875 0.798325 0.072265625 0.811440625 0.0791015625 0.8196390625 0.1005859375 0.8163609375 0.1318359375 0.8261984375000001 0.1318359375 0.8196390625 0.1630859375 0.8196390625 0.1611328125 0.8261984375000001 0.1689453125 0.8261984375000001 0.1728515625 0.8360359374999999 0.1826171875 0.839315625 0.2099609375 0.868828125 0.2392578125 0.8524328125 0.2529296875 0.8721078125 0.2763671875 0.868828125 0.2861328125 0.8819453125000001 0.2958984375 0.8819453125000001 0.2978515625 0.8721078125 0.3212890625 0.8786671875 0.32421875 0.8967031249999999 0.337890625 0.9163781249999999 0.3359375 0.9360546875000001 0.3388671875 0.9442515625000001 0.3740234375 0.9540906250000001 0.3994140625 0.9475312499999999 0.4169921875 0.921296875 0.4365234375 0.9180187500000001 0.4423828125 0.9049015624999999 0.4501953125 0.9180187500000001 0.5126953125 0.921296875 0.517578125 0.8934234375000001 0.5244140625 0.8852249999999999 0.5341796875 0.901621875 0.5615234375 0.9245765625000001 0.6064453125 0.9245765625000001 0.6201171875 0.9147390625 0.640625 0.8835859375 0.64453125 0.8573515625000001 0.6533203125 0.8458734375000001 0.6865234375 0.8721078125 0.7021484375 0.891784375 0.7353515625 0.8753875000000001 0.7451171875 0.891784375 0.7509765625 0.891784375 0.7607421875 0.8852249999999999 0.7666015625 0.8721078125 0.7763671875 0.8721078125 0.7841796875 0.891784375 0.7939453125 0.891784375 0.8212890625 0.8425953125 0.8408203125 0.8327562500000001 0.8447265625 0.8196390625 0.8642578125 0.82291875 0.8701171875 0.8163609375 0.8818359375 0.8163609375 0.880859375 0.7884859375 0.896484375 0.7589734375 0.892578125 0.7327390625 0.8984375 0.7261796875 0.8955078125 0.71798125 0.8740234375 0.7114234374999999 0.7666015625 0.7114234374999999 0.7490234375 0.71798125 0.7138671875 0.71798125 0.7001953125 0.7048640625 0.6416015625 0.7114234374999999 0.6357421875 0.7048640625 0.609375 0.703225 0.5947265625 0.7015859375 0.5771484375 0.7114234374999999 0.4931640625 0.7114234374999999 0.4853515625 0.7015859375 0.4775390625 0.7015859375
16 0.2119140625 0.868828125 0.2314453125 0.858990625 0.23828125 0.8475140624999999 0.240234375 0.8212796875 0.2119140625 0.8196390625 0.1884765625 0.8261984375000001 0.181640625 0.834396875 0.2001953125 0.8622703125 0.2119140625 0.868828125
3 0.2529296875 0.7835671875 0.259765625 0.7688109375 0.2578125 0.74585625 0.244140625 0.7261796875 0.2314453125 0.7376578125 0.224609375 0.7524140625 0.224609375 0.7753687499999999 0.2314453125 0.786846875 0.2529296875 0.7835671875
3 0.55078125 0.7130625 0.529296875 0.7130625 0.52734375 0.739296875 0.5361328125 0.7540546875 0.546875 0.749134375 0.55078125 0.7130625
16 0.7216796875 0.8163609375 0.7373046875 0.81308125 0.74609375 0.791765625 0.7421875 0.7786484375 0.7255859375 0.777009375 0.7197265625 0.7835671875 0.71484375 0.7950453125 0.716796875 0.811440625 0.7216796875 0.8163609375
16 0.7978515625 0.8819453125000001 0.8046875 0.8737484375 0.8046875 0.8573515625000001 0.79296875 0.8475140624999999 0.7802734375 0.8458734375000001 0.775390625 0.854071875 0.775390625 0.87046875 0.7802734375 0.8786671875 0.7978515625 0.8819453125000001
16 0.78515625 0.8409546875 0.78515625 0.8212796875 0.7734375 0.8081625000000001 0.7705078125 0.8065218749999999 0.763671875 0.8212796875 0.763671875 0.8409546875 0.7705078125 0.858990625 0.78515625 0.8409546875
16 0.8203125 0.8442343749999999 0.8203125 0.8245578124999999 0.80859375 0.8081625000000001 0.7998046875 0.8065218749999999 0.787109375 0.8245578124999999 0.7919921875 0.8458734375000001 0.8076171875 0.8557109374999999 0.8203125 0.8442343749999999
21 0.2978515625 0.8065218749999999 0.306640625 0.7950453125 0.306640625 0.7786484375 0.275390625 0.7163421875 0.2646484375 0.7212609375000001 0.259765625 0.7360171875 0.279296875 0.7884859375 0.2880859375 0.80324375 0.2978515625 0.8065218749999999
21 0.3466796875 0.7999640625 0.35546875 0.7819281250000001 0.353515625 0.7720906249999999 0.345703125 0.749134375 0.333984375 0.7360171875 0.3271484375 0.734378125 0.318359375 0.749134375 0.318359375 0.7622515625 0.3369140625 0.7999640625 0.3466796875 0.7999640625
21 0.5703125 0.75569375 0.57421875 0.7360171875 0.572265625 0.7163421875 0.5556640625 0.714703125 0.552734375 0.719621875 0.55078125 0.7360171875 0.5595703125 0.7606124999999999 0.5703125 0.75569375
16 0.3955078125 0.8885046875 0.3984375 0.87046875 0.39453125 0.8639093750000001 0.3359375 0.8835859375 0.3427734375 0.8983421875 0.3701171875 0.8983421875 0.3818359375 0.8885046875 0.3955078125 0.8885046875
13 0.5654296875 0.9278562499999999 0.5966796875 0.9278562499999999 0.6181640625 0.9180187500000001 0.640625 0.8868640624999999 0.64453125 0.8573515625000001 0.658203125 0.8311171875 0.6572265625 0.82291875 0.6083984375 0.82291875 0.6025390625 0.81308125 0.578125 0.8048828125 0.5576171875 0.80324375 0.5390625 0.8311171875 0.52734375 0.8671890624999999 0.5302734375 0.8983421875 0.5654296875 0.9278562499999999
13 0.439453125 0.88030625 0.44140625 0.8967031249999999 0.4521484375 0.9180187500000001 0.4951171875 0.9147390625 0.5126953125 0.921296875 0.5234375 0.8671890624999999 0.5009765625 0.86555 0.498046875 0.8507921875 0.47265625 0.811440625 0.4658203125 0.8098015625 0.4443359375 0.8360359374999999 0.4228515625 0.8425953125 0.419921875 0.854071875 0.439453125 0.88030625
13 0.5009765625 0.8622703125 0.5244140625 0.86555 0.552734375 0.801603125 0.498046875 0.76553125 0.4794921875 0.7638921875 0.4677734375 0.7704500000000001 0.4609375 0.7950453125 0.498046875 0.8507921875 0.5009765625 0.8622703125
3 0.7041015625 0.891784375 0.7119140625 0.8885046875 0.720703125 0.8671890624999999 0.720703125 0.8475140624999999 0.71484375 0.837675 0.7001953125 0.839315625 0.6943359375 0.858990625 0.6826171875 0.858990625 0.6796875 0.8671890624999999 0.7041015625 0.891784375
3 0.7197265625 0.8819453125000001 0.734375 0.87046875 0.740234375 0.8278375 0.734375 0.818 0.7236328125 0.8163609375 0.71875 0.8278375 0.720703125 0.8639093750000001 0.716796875 0.8770265625 0.7197265625 0.8819453125000001
3 0.7451171875 0.8885046875 0.76171875 0.8835859375 0.767578125 0.854071875 0.76171875 0.8409546875 0.7451171875 0.839315625 0.740234375 0.8475140624999999 0.736328125 0.8573515625000001 0.7392578125 0.8819453125000001 0.7451171875 0.8885046875
3 0.4404296875 0.7934046875 0.44921875 0.7688109375 0.423828125 0.7261796875 0.4140625 0.7261796875 0.41015625 0.76553125 0.419921875 0.791765625 0.4287109375 0.7999640625 0.4404296875 0.7934046875
3 0.2099609375 0.7901265625 0.224609375 0.7622515625 0.224609375 0.7524140625 0.2138671875 0.744215625 0.20703125 0.729459375 0.2001953125 0.7278203125 0.193359375 0.7360171875 0.185546875 0.7852078125 0.1884765625 0.7934046875 0.2099609375 0.7901265625
3 0.2734375 0.8311171875 0.26953125 0.8147203125000001 0.26171875 0.8048828125 0.240234375 0.8212796875 0.23828125 0.8475140624999999 0.2529296875 0.8721078125 0.265625 0.8671890624999999 0.2734375 0.8311171875
21 0.74609375 0.74585625 0.744140625 0.719621875 0.7314453125 0.71798125 0.724609375 0.7261796875 0.7275390625 0.750775 0.7392578125 0.7573328125 0.74609375 0.74585625
16 0.2998046875 0.7474953125 0.306640625 0.7360171875 0.306640625 0.7229015624999999 0.30078125 0.709784375 0.2900390625 0.70814375 0.28515625 0.7163421875 0.28515625 0.7360171875 0.2919921875 0.7474953125 0.2998046875 0.7474953125
3 0.44140625 0.9032609375 0.44140625 0.89014375 0.41796875 0.8507921875 0.4072265625 0.8524328125 0.3984375 0.8671890624999999 0.396484375 0.89014375 0.4306640625 0.921296875 0.44140625 0.9032609375
16 0.4833984375 0.7409375 0.4921875 0.7229015624999999 0.490234375 0.7065046875000001 0.484375 0.6999453124999999 0.4794921875 0.69830625 0.470703125 0.709784375 0.470703125 0.7261796875 0.4794921875 0.7409375 0.4833984375 0.7409375
16 0.1943359375 0.849153125 0.2021484375 0.86555 0.2158203125 0.86555 0.2314453125 0.858990625 0.23828125 0.8475140624999999 0.240234375 0.8212796875 0.2119140625 0.8196390625 0.1806640625 0.829478125 0.1796875 0.834396875 0.1884765625 0.849153125 0.1943359375 0.849153125