6 0 0 0 0.30407656250000004 0.029209375 0.36875 0.3 0.36875 0.3 0 0 0
6 0.40329375 0 0.39344843749999997 0.034759374999999995 0.3859328125 0.1753859375 0.38969062499999996 0.21556406250000001 0.40660625 0.21682031249999997 0.40848593749999995 0.059871875 0.4254015625 0.053593749999999996 0.4272796875 0.22058593750000002 0.404725 0.2733203125 0.40848593749999995 0.3009421875 0.42352187499999994 0.3135 0.3 0.3123984375 0.3 0.3564421875 0.3013578125 0.3574453125 0.3258 0.36875 1 0.36875 1 0 0.42352187499999994 0 0.42352187499999994 0.014671875000000001 0.41224375 0.0121609375 0.4093703125 0 0.40329375 0
21 0.598671875 0.36875 0.8092078125000001 0.36875 0.743025 0.1979875 0.7073140625 0.169109375 0.68851875 0.166596875 0.5532 0.19673125 0.5438046875 0.238165625 0.598671875 0.36875
21 1 0.028754687499999997 0.9854671875 0.0109046875 0.9798296875 0.0222046875 0.998625 0.0397828125 0.9723140625 0.0523390625 0.976071875 0.0799609375 0.9647953125000001 0.10005 1 0.10475468750000001 1 0.028754687499999997
21 0.4357421875 0 0.43104062499999996 0.027226562500000002 0.44419375 0.0485734375 0.711071875 0.0987953125 0.8031656249999999 0.10758281249999999 0.8670656250000001 0.062384375000000006 0.87458125 0.024715624999999998 0.8614265624999999 0.00839375 0.8337843749999999 0 0.4357421875 0
21 0.4272796875 0.1452515625 0.478025 0.1866859375 0.5438046875 0.195475 0.6264984375 0.172875 0.6452921875000001 0.14022812499999998 0.634015625 0.1151171875 0.5832734375 0.07870468750000001 0.4329171875 0.0586171875 0.4197640625 0.1025625 0.4272796875 0.1452515625
6 0.3 1 0.3 0.36875 0 0.36875 0 1 0.3 1
18 0.069365625 0.664784375 0.0660296875 0.6672859375 0.0626953125 0.6672859375 0.061028125 0.6685359375 0.061028125 0.6710375 0.057692187500000006 0.6735390625 0.057692187500000006 0.6835421875 0.0626953125 0.68729375 0.0660296875 0.68479375 0.069365625 0.68479375 0.0710328125 0.68604375 0.069365625 0.68729375 0.0660296875 0.68729375 0.061028125 0.6910453125 0.0643625 0.693546875 0.0643625 0.6960484375 0.069365625 0.6998 0.0827046875 0.6998 0.08437343750000001 0.6985484375000001 0.08604062500000001 0.6972984375 0.08937500000000001 0.6972984375 0.09437812500000001 0.693546875 0.09437812500000001 0.6910453125 0.10771718749999999 0.6810421875 0.10771718749999999 0.6710375 0.1043828125 0.6685359375 0.1043828125 0.6660359375 0.102715625 0.664784375 0.09937968750000001 0.664784375 0.0927109375 0.6597828125 0.0827046875 0.6597828125 0.076034375 0.664784375 0.069365625 0.664784375
18 0.122725 0.692296875 0.119390625 0.6897953125 0.1160546875 0.692296875 0.1093859375 0.692296875 0.10605 0.694796875 0.102715625 0.694796875 0.08437343750000001 0.708553125 0.08437343750000001 0.7110531250000001 0.0810375 0.7135546875000001 0.0810375 0.71855625 0.077703125 0.7210578125 0.0810375 0.723559375 0.0810375 0.726059375 0.08437343750000001 0.7285609375 0.08437343750000001 0.7310625 0.08604062500000001 0.7323125 0.08937500000000001 0.7323125 0.0927109375 0.7348140625 0.09604531250000001 0.7348140625 0.09937968750000001 0.7373140625 0.10605 0.7373140625 0.10771718749999999 0.7360640625 0.1093859375 0.7348140625 0.1160546875 0.7348140625 0.119390625 0.7323125 0.1260609375 0.7323125 0.1293953125 0.7298109375 0.13273125 0.7298109375 0.14106875000000002 0.723559375 0.14106875000000002 0.7135546875000001 0.1377328125 0.7110531250000001 0.1377328125 0.7060515625 0.1343984375 0.7035515625000001 0.1343984375 0.6985484375000001 0.1260609375 0.692296875 0.122725 0.692296875
17 0.1460703125 0.68479375 0.14106875000000002 0.6885453125 0.14440312500000002 0.6910453125 0.14440312500000002 0.693546875 0.14773750000000002 0.6960484375 0.14773750000000002 0.6985484375000001 0.15607500000000002 0.7048015624999999 0.15774375000000002 0.7035515625000001 0.1594109375 0.7022999999999999 0.2061015625 0.7022999999999999 0.20943593749999997 0.6998 0.212771875 0.6998 0.221109375 0.693546875 0.221109375 0.68604375 0.21610625 0.6822921875 0.212771875 0.6822921875 0.20943593749999997 0.679790625 0.186090625 0.679790625 0.18275625 0.6822921875 0.1594109375 0.6822921875 0.15607500000000002 0.68479375 0.1460703125 0.68479375
17 0.227778125 0.6535296875000001 0.227778125 0.6510296875 0.23111406250000002 0.648528125 0.23111406250000002 0.6435265625000001 0.227778125 0.641025 0.227778125 0.6285203125 0.22444375 0.62601875 0.22444375 0.6135140625 0.221109375 0.6110125 0.221109375 0.603509375 0.219440625 0.602259375 0.2061015625 0.602259375 0.202765625 0.604759375 0.1894265625 0.604759375 0.186090625 0.6072609375 0.1727515625 0.6072609375 0.16941562500000001 0.6097625 0.14940625000000002 0.6097625 0.1460703125 0.6122625 0.1394 0.6122625 0.136065625 0.6147640625 0.1293953125 0.6147640625 0.12439375 0.618515625 0.12439375 0.6235171875 0.127728125 0.62601875 0.127728125 0.6285203125 0.1343984375 0.633521875 0.1343984375 0.641025 0.1377328125 0.6435265625000001 0.1377328125 0.648528125 0.1343984375 0.6510296875 0.1343984375 0.6535296875000001 0.1377328125 0.6560312500000001 0.1377328125 0.6760390625 0.1394 0.677290625 0.15607500000000002 0.677290625 0.15774375000000002 0.6760390625 0.1594109375 0.6747890625 0.17608593749999998 0.6747890625 0.1894265625 0.664784375 0.1960953125 0.664784375 0.2010984375 0.6610328125 0.1977640625 0.6585328125000001 0.19943125 0.65728125 0.202765625 0.65728125 0.2061015625 0.65478125 0.212771875 0.65478125 0.21610625 0.65728125 0.219440625 0.65478125 0.22611093750000003 0.65478125 0.227778125 0.6535296875000001
17 0.177753125 0.95865625 0.177753125 0.9611578125 0.18275625 0.9649093750000001 0.186090625 0.9649093750000001 0.1877578125 0.963659375 0.19109375 0.9611578125 0.1710828125 0.9461515625000001 0.1710828125 0.94115 0.16941562500000001 0.9398984374999999 0.16608125 0.9398984374999999 0.16107812500000002 0.9436500000000001 0.16107812500000002 0.9486531250000001 0.1627453125 0.949903125 0.16608125 0.949903125 0.16941562500000001 0.9524046875 0.1727515625 0.9524046875 0.17441875 0.9536546875 0.17441875 0.95615625 0.177753125 0.95865625
17 0.0626953125 0.5997578125 0.059359375000000006 0.602259375 0.056025000000000005 0.602259375 0.052690625000000005 0.604759375 0.0493546875 0.604759375 0.0476875 0.6060109375 0.0476875 0.6160140625 0.0493546875 0.617265625 0.052690625000000005 0.617265625 0.057692187500000006 0.6210171875 0.057692187500000006 0.6235171875 0.061028125 0.62601875 0.061028125 0.6310203125 0.0643625 0.633521875 0.0643625 0.6360234375 0.076034375 0.6447765624999999 0.0793703125 0.6447765624999999 0.0827046875 0.6472781249999999 0.08604062500000001 0.6472781249999999 0.08937500000000001 0.649778125 0.0927109375 0.649778125 0.09437812500000001 0.6510296875 0.09437812500000001 0.6535296875000001 0.09604531250000001 0.65478125 0.1160546875 0.65478125 0.1177234375 0.6535296875000001 0.1177234375 0.6510296875 0.1210578125 0.648528125 0.1210578125 0.6135140625 0.1160546875 0.6097625 0.1127203125 0.6097625 0.1093859375 0.6072609375 0.09604531250000001 0.6072609375 0.0927109375 0.604759375 0.08937500000000001 0.604759375 0.0827046875 0.5997578125 0.076034375 0.5997578125 0.0727 0.59725625 0.069365625 0.5997578125 0.0626953125 0.5997578125
6 1 0.36875 0.3 0.36875 0.3 1 1 1 1 0.36875
16 0.9726312500000001 1 0.9733546875 0.9974343749999999 0.9758578124999999 0.94856875 0.990878125 0.904146875 0.985871875 0.8375125000000001 0.9758578124999999 0.788646875 0.9545781249999999 0.746446875 0.9320468749999999 0.7286765625 0.8969984375 0.7286765625 0.8744671875 0.7375609375 0.8519359375000001 0.7597734375 0.8181390625 0.810859375 0.793103125 0.8730499999999999 0.7280125 0.9974343749999999 0.726946875 1 0.9726312500000001 1
16 0.5341890625 1 0.5289875 0.9907703124999999 0.5189734374999999 0.986328125 0.5114625 0.9685593750000001 0.49894531249999996 0.9596750000000001 0.48642812500000004 0.9330203125000001 0.441365625 0.8708296875 0.401309375 0.82640625 0.3862890625 0.8175218750000001 0.3637578125 0.8175218750000001 0.35124062500000003 0.82640625 0.33621875 0.8530609374999999 0.31994687499999996 0.8686078125 0.3124359375 0.9263578125 0.31493906250000003 0.9663375000000001 0.32870937499999997 0.9952125 0.3357234375 1 0.5341890625 1
16 0.48517656249999996 0.5443234375 0.5027 0.6020734375 0.5214765625 0.6398312500000001 0.55151875 0.6753703125 0.559028125 0.6931390625 0.5915734375 0.73311875 0.6241187499999999 0.7864265625 0.6403921875 0.7842046875 0.6541609375 0.7775421875 0.6917125000000001 0.7775421875 0.697971875 0.7664359375 0.6929640625 0.7308984374999999 0.6954687500000001 0.6953609375 0.7079859374999999 0.6553796875 0.720503125 0.6376109375000001 0.718 0.624284375 0.694215625 0.5820828125 0.649153125 0.5243328125 0.6453984375 0.5087859375 0.6015875 0.4399296875 0.5665390625 0.4132765625 0.5189734374999999 0.40439218749999994 0.491434375 0.39106562500000003 0.48142031249999995 0.38218125000000003 0.4746921875 0.36875 0.4414234375 0.36875 0.4401140625 0.371075 0.432603125 0.40217187499999996 0.4363578125 0.4132765625 0.4538828125 0.43104531250000006 0.472659375 0.46880468750000004 0.48517656249999996 0.5443234375
16 0.520225 0.76199375 0.522728125 0.69091875 0.5352453125000001 0.6731484375 0.5352453125000001 0.659821875 0.491434375 0.5820828125 0.463896875 0.5998515624999999 0.418834375 0.613178125 0.378778125 0.653159375 0.3211984375 0.6576015625 0.3 0.6688859375 0.3 0.84504375 0.3161921875 0.8619453125 0.324953125 0.8597234374999999 0.35875 0.8175218750000001 0.4038125 0.8175218750000001 0.513965625 0.7731 0.520225 0.76199375
16 0.5690421875 0.9152515625 0.5602796875 0.9352421874999999 0.5552734375 0.9752218750000001 0.5640359375 0.986328125 0.5878187500000001 0.98410625 0.5878187500000001 0.9663375000000001 0.5690421875 0.9152515625
16 0.7251171875 1 0.7280125 0.9929921875 0.7630625 0.9263578125 0.7630625 0.9085890624999999 0.74053125 0.8419546875 0.711740625 0.7953109375 0.6917125000000001 0.7775421875 0.6591671875 0.7775421875 0.6241187499999999 0.7953109375 0.590321875 0.8463968749999999 0.5727984375 0.8908203125 0.5803078125 0.9263578125 0.606246875 1 0.7251171875 1
16 0.7630625 0.9085890624999999 0.770571875 0.9085890624999999 0.7956078125 0.864165625 0.83065625 0.7842046875 0.83065625 0.7708781250000001 0.8181390625 0.7131296875 0.7981109375 0.659821875 0.7768312500000001 0.6220625 0.7442859375 0.6176203124999999 0.716746875 0.644275 0.70548125 0.6642640625 0.6954687500000001 0.6998031250000001 0.6954687500000001 0.7486671874999999 0.702978125 0.7797625 0.7355234375 0.828628125 0.7630625 0.9085890624999999
16 1 0.5779203125000001 0.9983890625 0.5709765625000001 0.9758578124999999 0.5354390625 0.9558296875 0.45547812499999996 0.937053125 0.41771874999999997 0.9220328125 0.4132765625 0.9070125000000001 0.43104531250000006 0.8995015625 0.4221609375 0.8719625000000001 0.426603125 0.8632015624999999 0.437709375 0.8506843749999999 0.491015625 0.8406703125 0.513228125 0.8406703125 0.5487656249999999 0.855690625 0.59763125 0.891990625 0.670928125 0.9045078125 0.670928125 0.9195296875000001 0.6931390625 0.9620875 0.7197921875 0.9683468749999999 0.717571875 0.9896265625 0.69758125 1 0.69758125 1 0.5779203125000001
16 0.6729375 0.5487656249999999 0.7217546875 0.630946875 0.7280125 0.6287265625 0.7467890625 0.6176203124999999 0.748040625 0.606515625 0.7305171875 0.5265546875 0.6992234374999999 0.49323750000000005 0.680446875 0.513228125 0.6729375 0.5487656249999999
13 1 0.7793515625 0.9796125 0.7775421875 0.9758578124999999 0.7842046875 0.9833671875000001 0.8153015625 0.990878125 0.8908203125 0.9958859375 0.8952625 1 0.8901515625 1 0.7793515625
13 1 0.74333125 0.9821156249999999 0.7375609375 0.9495703125 0.7109078125 0.8519359375000001 0.6576015625 0.8193906249999999 0.630946875 0.7918515625 0.6265046875 0.78559375 0.6331687500000001 0.8156343749999999 0.7042453125 0.8281515625000001 0.7575515625 0.8344109375000001 0.7686578125 0.841921875 0.7686578125 0.8594453124999999 0.746446875 0.8794734375000001 0.73311875 0.9245359375 0.724234375 0.9495703125 0.7375609375 0.9721015625 0.7731 1 0.7718921875 1 0.74333125
16 0.5440078125000001 0.670928125 0.5289875 0.6798124999999999 0.522728125 0.6953609375 0.522728125 0.7131296875 0.5277359374999999 0.7220140625 0.520225 0.7397828125 0.522728125 0.7664359375 0.536496875 0.79086875 0.5565249999999999 0.8086375 0.5915734375 0.82640625 0.6003359374999999 0.8241859375 0.627875 0.788646875 0.5440078125000001 0.670928125
16 0.4664 0.901925 0.49393750000000003 0.9463484375 0.5027 0.94856875 0.559028125 0.9152515625 0.562784375 0.9085890624999999 0.5602796875 0.8952625 0.5715453125 0.8885984375 0.5953296875 0.8330703125 0.5865671875 0.8219640625 0.554021875 0.8086375 0.5339937499999999 0.79086875 0.5239796875 0.7731 0.48142031249999995 0.7864265625 0.44386875000000003 0.8086375 0.4063171875 0.8175218750000001 0.4025609375 0.8241859375 0.4664 0.901925