6 0 0 0 0.6 0.40778125000000004 0.6 0.4084390625 0.51756875 0.40368750000000003 0.2988625 0.4084390625 0.1787578125 0.3941828125 0.1339390625 0.2432859375 0.1375234375 0.10070625 0.1554515625 0.117340625 0.08733125 0.09951875 0.0299671875 0.0512046875 0 0 0
12 0 0.5113828125000001 0.0014546875 0.511959375 0.0034703125000000003 0.5575609375 0.0175421875 0.6 0.21139531250000002 0.6 0.213115625 0.5727578125 0.1969875 0.3812421875 0.1365140625 0.296125 0.14256249999999998 0.2566046875 0.16473593749999998 0.2322859375 0.160703125 0.220125 0.1294578125 0.18820625 0.030684375000000003 0.160846875 0.0206078125 0.22164531250000002 0 0.2258828125 0 0.5113828125000001
7 0.2856828125 0.37820156250000003 0.2947546875 0.40708124999999995 0.30785625 0.40556093750000005 0.31491250000000004 0.40099999999999997 0.3391015625 0.35844375 0.3693375 0.3371609375 0.40461562500000003 0.2778828125 0.40461562500000003 0.24444375 0.3985671875 0.21404375 0.38344999999999996 0.185165625 0.371353125 0.17604375 0.355228125 0.1699671875 0.3229734375 0.1699671875 0.31491250000000004 0.17604375 0.28165 0.2535640625 0.2756046875 0.2778828125 0.2594765625 0.3082828125 0.2614921875 0.34476249999999997 0.2856828125 0.37820156250000003
7 0.265525 0.53931875 0.2826578125 0.5651578125000001 0.290721875 0.5712375 0.33204531249999997 0.5697171875 0.345146875 0.568196875 0.359259375 0.55908125 0.38244218750000003 0.530196875 0.3884875 0.5089187500000001 0.3884875 0.46939843750000004 0.380425 0.44508125 0.361275 0.4192421875 0.3249890625 0.40708124999999995 0.3008 0.4192421875 0.27661250000000004 0.44964062499999996 0.2635078125 0.45116093749999997 0.271571875 0.4572421875 0.2635078125 0.4754796875 0.265525 0.48460156249999997 0.2614921875 0.511959375 0.265525 0.53931875
17 0 0 0 0.0633984375 0.073015625 0.090928125 0.1012390625 0.07572656250000001 0.11030781249999999 0.0590078125 0.0750328125 0.0270890625 0.029676562499999996 0 0 0
6 0.41875 0 0.41875 0.24739062500000003 0.46057031249999997 0.2413953125 0.47680625 0.25551406249999997 0.496290625 0.26358281250000004 0.512528125 0.26358281250000004 0.5433796875 0.2807265625 0.536884375 0.2908109375 0.5417546875 0.2958546875 0.551496875 0.2978703125 0.5612390625 0.2958546875 0.5969609375 0.3099734375 0.6456734375 0.3119890625 0.6878890625 0.3019046875 0.7008796875 0.29383750000000003 0.7430953125 0.29182031249999996 0.7755703125 0.303921875 0.8047968750000001 0.2978703125 0.8275281250000001 0.2978703125 0.8291515625000001 0.31098125 0.84051875 0.31400625 0.851884375 0.3129984375 0.851884375 0.3029140625 0.8453890625 0.2948453125 0.8535078125 0.2877859375 0.8729921875000001 0.289803125 0.8794875 0.28576875 0.91845625 0.27971875 1 0.2474890625 1 0.038 0.98178125 0.032639062499999996 0.9752859375 0.0084359375 0.98479375 0 0.41875 0
3 0.6099515625 0.20509062500000003 0.57260625 0.2202171875 0.5498734375 0.244421875 0.5433796875 0.2625734375 0.559615625 0.292828125 0.5969609375 0.3099734375 0.6196937499999999 0.31400625 0.6375546875 0.3129984375 0.6716515625 0.30795625000000004 0.6976312499999999 0.2978703125 0.72848125 0.2746765625 0.7349765625 0.258540625 0.72848125 0.236353125 0.7349765625 0.21416718750000002 0.7236109374999999 0.20105625 0.6716515625 0.19702187499999999 0.6456734375 0.20105625 0.639178125 0.20509062500000003 0.63593125 0.2030734375 0.6261875 0.20509062500000003 0.6164453125 0.1990390625 0.6099515625 0.20509062500000003
3 1 0.160621875 0.9606718750000001 0.148615625 0.9509296875000001 0.1587 0.91845625 0.17483593749999998 0.8827343750000001 0.1990390625 0.8632500000000001 0.20710781250000002 0.8486359374999999 0.2182 0.8421421875 0.2282859375 0.8421421875 0.2383703125 0.8470125 0.2413953125 0.8632500000000001 0.2413953125 0.874615625 0.2464375 0.87136875 0.2605578125 0.8600031250000001 0.2656 0.8470125 0.2595484375 0.8388937500000001 0.2666078125 0.8388937500000001 0.2746765625 0.8600031250000001 0.289803125 0.87136875 0.2908109375 0.8827343750000001 0.28576875 0.921703125 0.27971875 0.9346937499999999 0.27165 0.9834046875 0.25551406249999997 1 0.24273281249999998 1 0.160621875
7 1 0.036756250000000004 0.9866515625 0.0336484375 0.9671671875 0.0336484375 0.9606718750000001 0.041715625 0.9509296875000001 0.0396984375 0.921703125 0.041715625 0.9135843749999999 0.0467578125 0.9135843749999999 0.050792187499999995 0.9395640625 0.0749953125 0.9525546874999999 0.08104687499999999 0.9558015624999999 0.095165625 0.976909375 0.1002078125 0.9947703125 0.0992 1 0.0907546875 1 0.036756250000000004
16 0.9393546875000001 0 0.9363171875 0.0044015625 0.9444359375 0.009443749999999999 0.9655437499999999 0.0144859375 0.9687906249999999 0.0185203125 0.9655437499999999 0.030621875 0.9704140625000001 0.0336484375 0.985028125 0.032639062499999996 0.98178125 0.0044015625 0.9915234375 0.0003671875 0.991684375 0 0.9393546875000001 0
16 0.5011625000000001 0.1455890625 0.497915625 0.129453125 0.4881734375 0.1173515625 0.47518281250000005 0.11331875 0.46057031249999997 0.08810625 0.41875 0.0893421875 0.41875 0.1607921875 0.46057031249999997 0.16878437500000001 0.506034375 0.182903125 0.5271421875 0.18391249999999998 0.536884375 0.1818953125 0.5433796875 0.1718109375 0.5011625000000001 0.1455890625
18 0.47843125000000003 0.072978125 0.465440625 0.058859375000000005 0.45894531250000004 0.0407078125 0.442709375 0.016503125 0.43296718749999996 0.01246875 0.42971875 0.002384375 0.4248484375 0.0013765625 0.41875 0.004803125 0.41875 0.067353125 0.42322499999999996 0.0749953125 0.43134375 0.07802187499999999 0.454075 0.069953125 0.4670640625 0.0800375 0.47193593749999996 0.0790296875 0.47843125000000003 0.072978125
13 0.442709375 0 0.442709375 0.01246875 0.45894531250000004 0.030621875 0.47193593749999996 0.0649109375 0.481678125 0.0709609375 0.481678125 0.0770125 0.46868906250000003 0.08508125 0.46868906250000003 0.095165625 0.47518281250000005 0.10525 0.489796875 0.1102921875 0.5011625000000001 0.1213859375 0.5011625000000001 0.1395390625 0.5320125 0.16273437500000001 0.5644875 0.1708015625 0.5742296875 0.176853125 0.58721875 0.176853125 0.600209375 0.18088593749999998 0.6326828124999999 0.18088593749999998 0.6878890625 0.19702187499999999 0.756084375 0.1950046875 0.8080437500000001 0.2030734375 0.8275281250000001 0.209125 0.8421421875 0.20811562499999997 0.8664968749999999 0.20509062500000003 0.8892296875 0.1950046875 0.8941000000000001 0.1879453125 0.9428124999999999 0.1597078125 0.94930625 0.151640625 0.9428124999999999 0.11533437499999999 0.94930625 0.08508125 0.9103375 0.050792187499999995 0.9103375 0.0467578125 0.921703125 0.0396984375 0.957425 0.03768125 0.962296875 0.03465625 0.9558015624999999 0.01246875 0.93306875 0.0044015625 0.9350937500000001 0 0.442709375 0
12 0.7918062499999999 0.23131093749999998 0.77719375 0.23231875 0.780440625 0.24240468750000002 0.788559375 0.24341249999999998 0.7983015625000001 0.25148125 0.8600031250000001 0.2656 0.8648734375 0.26459062499999997 0.87136875 0.2605578125 0.8729921875000001 0.24341249999999998 0.84051875 0.2413953125 0.7918062499999999 0.23131093749999998
12 0.7317296875 0.250471875 0.7463421875 0.2595484375 0.7674515625 0.2605578125 0.780440625 0.25248906249999997 0.77719375 0.23231875 0.7658265625 0.22324375000000002 0.7430953125 0.21517499999999998 0.7317296875 0.22223437499999998 0.7317296875 0.250471875
17 0.5157765624999999 0.1869375 0.41875 0.1617109375 0.41875 0.17448125 0.42160000000000003 0.17483593749999998 0.4800546875 0.1950046875 0.49304375 0.1929890625 0.49953906249999996 0.19702187499999999 0.5141515625 0.1960140625 0.5157765624999999 0.1869375
13 0.7349765625 0.2706421875 0.7479671875 0.2807265625 0.7479671875 0.2948453125 0.7625796874999999 0.2978703125 0.772321875 0.303921875 0.7869359375 0.3029140625 0.7950546875 0.2998875 0.84051875 0.2958546875 0.8486359374999999 0.28274374999999996 0.8340234375 0.2777015625 0.830775 0.27971875 0.8226578124999999 0.2666078125 0.8080437500000001 0.26156562499999997 0.7820640625 0.2454296875 0.77719375 0.25450625 0.7690750000000001 0.2595484375 0.7528374999999999 0.2595484375 0.7398484375 0.25551406249999997 0.7349765625 0.258540625 0.7349765625 0.2706421875
16 0.8778640624999999 0.1455890625 0.8664968749999999 0.1385296875 0.8453890625 0.14760625 0.830775 0.16273437500000001 0.8031734374999999 0.16979375000000002 0.8047968750000001 0.17281875 0.858378125 0.1738265625 0.874615625 0.16979375000000002 0.874615625 0.1637421875 0.8811109374999999 0.1576921875 0.8778640624999999 0.1455890625
16 0.738225 0.2000484375 0.738225 0.20811562499999997 0.749590625 0.21719218749999997 0.7755703125 0.22525937499999998 0.799925 0.22425156249999997 0.811290625 0.22324375000000002 0.8291515625000001 0.21215 0.8177859375000001 0.20710781250000002 0.749590625 0.1950046875 0.738225 0.2000484375
6 0.41875 1 0.41875 0.6 0 0.6 0 1 0.41875 1
6 1 0.6410953125 0.9899609375 0.6364578125 0.985596875 0.6364578125 0.9768703125 0.632428125 0.97250625 0.632428125 0.9637796875 0.6283984375 0.9506890625000001 0.6283984375 0.9463250000000001 0.6263828124999999 0.933234375 0.6263828124999999 0.9288703125 0.6243671875000001 0.9026890625 0.6243671875000001 0.898325 0.622353125 0.8808703124999999 0.622353125 0.8765078125000001 0.6203375 0.8634171875 0.6203375 0.859053125 0.618321875 0.8503265624999999 0.618321875 0.8459625000000001 0.6163078125 0.8372343750000001 0.6163078125 0.82414375 0.6122765625000001 0.7892359375 0.6122765625000001 0.784871875 0.6142921875 0.6801453125 0.6142921875 0.6757828124999999 0.6163078125 0.6626921875 0.6163078125 0.6539640624999999 0.6203375 0.6496015625 0.6203375 0.6452375 0.622353125 0.632146875 0.622353125 0.6277828125 0.6243671875000001 0.605965625 0.6243671875000001 0.6016015625 0.622353125 0.5797828125 0.622353125 0.5754203125 0.6243671875000001 0.57105625 0.6243671875000001 0.5688734375 0.6233593749999999 0.5688734375 0.6213453125 0.5623296875 0.618321875 0.560146875 0.6193296875 0.560146875 0.6213453125 0.557965625 0.622353125 0.5536015625 0.622353125 0.5492390625 0.6243671875000001 0.544875 0.6203375 0.531784375 0.6203375 0.5252390625000001 0.6233593749999999 0.5252390625000001 0.625375 0.52305625 0.6263828124999999 0.51869375 0.6243671875000001 0.505603125 0.6243671875000001 0.5034203125000001 0.625375 0.5034203125000001 0.627390625 0.49905625000000003 0.62940625 0.49905625000000003 0.6354515625 0.5034203125000001 0.637465625 0.49251093749999997 0.642503125 0.48378437500000004 0.642503125 0.4794203125 0.6404890625 0.47505781249999995 0.6404890625 0.46851093749999995 0.6435109375 0.472875 0.6455265625 0.472875 0.6495562500000001 0.4772390625 0.6515718749999999 0.4772390625 0.6576171875 0.481603125 0.6596328125 0.481603125 0.6676921874999999 0.4772390625 0.6697078125 0.4772390625 0.6737390624999999 0.46851093749999995 0.679784375 0.46851093749999995 0.6878437500000001 0.4641484375 0.6898593749999999 0.4641484375 0.70195 0.459784375 0.703965625 0.459784375 0.7180718749999999 0.4554203125 0.7200859375 0.4554203125 0.7301624999999999 0.45105781250000004 0.7321765625000001 0.45105781250000004 0.7462828125 0.44669375 0.7482984375 0.44669375 0.76845 0.459784375 0.7744953125 0.459784375 0.7765093750000001 0.46851093749999995 0.7825546875 0.46851093749999995 0.7886 0.472875 0.790615625 0.472875 0.79263125 0.481603125 0.7966609375 0.481603125 0.7986765625000001 0.48596562499999996 0.8006921874999999 0.48596562499999996 0.80270625 0.48814843750000003 0.8037140624999999 0.49251093749999997 0.8037140624999999 0.5034203125000001 0.8087515625 0.5034203125000001 0.8127828125000001 0.5077843750000001 0.8147968750000001 0.5077843750000001 0.8208421875 0.512146875 0.8228578125 0.512146875 0.8248734375 0.5165109375 0.8268875 0.5165109375 0.83091875 0.520875 0.8329328125 0.520875 0.84099375 0.5252390625000001 0.843009375 0.5252390625000001 0.8470390625 0.5296015625 0.8490546875 0.5296015625 0.8530843750000001 0.5514203125 0.8631609375 0.5514203125 0.865175 0.560146875 0.8692062500000001 0.560146875 0.8712203125 0.5797828125 0.8802890624999999 0.584146875 0.8802890624999999 0.605965625 0.8903640625 0.610328125 0.8903640625 0.6146921875 0.8923796875000001 0.6190562500000001 0.8923796875000001 0.62341875 0.8943953125 0.6277828125 0.8943953125 0.6365093749999999 0.8984249999999999 0.6408734375 0.8984249999999999 0.6452375 0.9004406250000001 0.6496015625 0.9004406250000001 0.6626921875 0.9044703125 0.6714187500000001 0.9044703125 0.6757828124999999 0.9064859375 0.6888734375000001 0.9064859375 0.6932359375 0.9085000000000001 0.7150546875 0.9085000000000001 0.71941875 0.910515625 0.72378125 0.910515625 0.7281453124999999 0.91253125 0.7368718750000001 0.91253125 0.7412359375 0.9145468749999999 0.7586906250000001 0.9145468749999999 0.7630546875 0.9165609375000001 0.7892359375 0.9165609375000001 0.7979625 0.9205921874999999 0.8023265625 0.9205921874999999 0.8110531249999999 0.924621875 0.8285078125 0.924621875 0.8306890625 0.9236140625000001 0.832871875 0.92260625 0.8415984375000001 0.92260625 0.8459625000000001 0.9205921874999999 0.8634171875 0.9205921874999999 0.8677796875 0.92260625 0.8765078125000001 0.92260625 0.8852343749999999 0.9185765625 0.898325 0.9185765625 0.90050625 0.91756875 0.90050625 0.915553125 0.907053125 0.91253125 0.9114156250000001 0.91253125 0.92450625 0.9064859375 0.9288703125 0.9064859375 0.937596875 0.9024546875 0.9463250000000001 0.9024546875 0.9506890625000001 0.8984249999999999 0.9594156249999999 0.8984249999999999 0.9637796875 0.896409375 0.97250625 0.896409375 0.9768703125 0.8943953125 0.9812328125 0.8943953125 0.987778125 0.8913718749999999 0.987778125 0.8893578124999999 1 0.8837125 1 0.6410953125
13 0.961596875 0.7503124999999999 0.9572328125 0.7482984375 0.9659609375 0.7442671875 0.961596875 0.742253125 0.961596875 0.738221875 0.9659609375 0.7362078125 0.9659609375 0.7321765625000001 0.9703250000000001 0.7301624999999999 0.9703250000000001 0.72613125 0.9790515624999999 0.7221015625 0.9790515624999999 0.7160562500000001 0.9746874999999999 0.714040625 0.9746874999999999 0.7120265625 0.9659609375 0.7079953125 0.9659609375 0.7059796875 0.9594156249999999 0.7029578125 0.9550515624999999 0.7029578125 0.937596875 0.694896875 0.933234375 0.694896875 0.92014375 0.6888515625 0.907053125 0.6888515625 0.90050625 0.691875 0.90050625 0.6938890625 0.8917796875 0.6979203125 0.8917796875 0.699934375 0.883053125 0.703965625 0.883053125 0.7079953125 0.874325 0.714040625 0.874325 0.7180718749999999 0.8699625 0.7200859375 0.8699625 0.7241171875 0.8655984374999999 0.72613125 0.8655984374999999 0.7321765625000001 0.8612343750000001 0.7341921874999999 0.8612343750000001 0.7362078125 0.8568703125000001 0.738221875 0.8568703125000001 0.7402375 0.8525078125000001 0.742253125 0.8525078125000001 0.7442671875 0.8437796875 0.7482984375 0.8437796875 0.7503124999999999 0.8394171874999999 0.752328125 0.8394171874999999 0.7583734375 0.835053125 0.7603890625 0.835053125 0.76845 0.8503265624999999 0.7755015625 0.8546890625 0.7755015625 0.8699625 0.7825546875 0.8699625 0.7845703125 0.8808703124999999 0.7896078125 0.8895984374999999 0.7896078125 0.8939625 0.78759375 0.9026890625 0.78759375 0.9048703124999999 0.7886 0.9048703124999999 0.79263125 0.90050625 0.7946453124999999 0.90050625 0.7986765625000001 0.89614375 0.8006921874999999 0.89614375 0.804721875 0.8917796875 0.8067375 0.8917796875 0.8208421875 0.89614375 0.8228578125 0.89614375 0.8248734375 0.9157796875 0.833940625 0.92014375 0.833940625 0.933234375 0.8399859375000001 0.9463250000000001 0.8399859375000001 0.9506890625000001 0.8420015624999999 0.9594156249999999 0.8420015624999999 0.961596875 0.84099375 0.9659609375 0.8389796875 0.9659609375 0.8208421875 0.961596875 0.8188281249999999 0.961596875 0.8087515625 0.9572328125 0.8067375 0.9572328125 0.7986765625000001 0.9528703125 0.7966609375 0.9528703125 0.7865859375 0.9441421875 0.780540625 0.9441421875 0.7785249999999999 0.94850625 0.7765093750000001 0.94850625 0.7704640625 0.9441421875 0.76845 0.9441421875 0.76441875 0.961596875 0.7583734375 0.961596875 0.7503124999999999
17 0.9441421875 0.8913718749999999 0.9528703125 0.8853265625000001 0.9528703125 0.87928125 0.9572328125 0.877265625 0.9572328125 0.8631609375 0.9528703125 0.8611453125 0.9528703125 0.8591296875 0.9572328125 0.8571156249999999 0.9572328125 0.843009375 0.9528703125 0.84099375 0.9528703125 0.8389796875 0.9506890625000001 0.837971875 0.933234375 0.837971875 0.92014375 0.8319265625 0.9157796875 0.8319265625 0.9114156250000001 0.8299109375 0.907053125 0.8299109375 0.90050625 0.8268875 0.90050625 0.8248734375 0.8917796875 0.8188281249999999 0.8917796875 0.8087515625 0.90050625 0.804721875 0.90050625 0.80270625 0.9048703124999999 0.8006921874999999 0.9048703124999999 0.7986765625000001 0.9026890625 0.7976687499999999 0.898325 0.7976687499999999 0.8939625 0.7956531250000001 0.8852343749999999 0.7956531250000001 0.8808703124999999 0.7976687499999999 0.8765078125000001 0.7976687499999999 0.8699625 0.8006921874999999 0.8699625 0.80270625 0.8568703125000001 0.8087515625 0.8568703125000001 0.8107671875 0.8525078125000001 0.8127828125000001 0.8525078125000001 0.8147968750000001 0.8503265624999999 0.8158046875 0.8459625000000001 0.8158046875 0.8415984375000001 0.8137890625 0.832871875 0.8137890625 0.8263265625 0.8168124999999999 0.8263265625 0.8188281249999999 0.8110531249999999 0.8258796875 0.8066906250000001 0.8258796875 0.79578125 0.83091875 0.79578125 0.8329328125 0.7761453125 0.8420015624999999 0.7674171875 0.8420015624999999 0.7652359375 0.843009375 0.7652359375 0.845025 0.7565078125 0.8490546875 0.7565078125 0.8510703124999999 0.74778125 0.8551 0.74778125 0.8611453125 0.7390546875 0.865175 0.7390546875 0.8671906249999999 0.7259640625 0.8732359375 0.7259640625 0.8752515624999999 0.7216 0.877265625 0.7216 0.8873421875 0.7259640625 0.8893578124999999 0.7259640625 0.8933875 0.7216 0.895403125 0.7216 0.8994328125 0.7172359375 0.9014484375 0.7172359375 0.9054781249999999 0.712871875 0.9074937500000001 0.71941875 0.910515625 0.72378125 0.910515625 0.7281453124999999 0.91253125 0.7368718750000001 0.91253125 0.7412359375 0.9145468749999999 0.7499640624999999 0.9145468749999999 0.7543265625 0.9165609375000001 0.7674171875 0.9165609375000001 0.77178125 0.9145468749999999 0.7761453125 0.9165609375000001 0.784871875 0.9165609375000001 0.7892359375 0.9185765625 0.7936 0.9185765625 0.7979625 0.9205921874999999 0.8023265625 0.9205921874999999 0.8110531249999999 0.924621875 0.832871875 0.924621875 0.835053125 0.9236140625000001 0.8415984375000001 0.9205921874999999 0.8546890625 0.9205921874999999 0.859053125 0.9185765625 0.8634171875 0.9185765625 0.8677796875 0.9205921874999999 0.8808703124999999 0.9205921874999999 0.8852343749999999 0.9185765625 0.898325 0.9185765625 0.90050625 0.91756875 0.90050625 0.915553125 0.9114156250000001 0.910515625 0.9157796875 0.910515625 0.9288703125 0.9044703125 0.933234375 0.9044703125 0.9441421875 0.8994328125 0.9441421875 0.8913718749999999