6 0.29827499999999996 0 0.289159375 0.004615625 0.2852703125 0.009428124999999999 0.289159375 0.0479375 0.2697125 0.0575640625 0.2697125 0.0720046875 0.23081718750000002 0.08644531250000001 0.226928125 0.10810625 0.23859687499999999 0.1273609375 0.2347078125 0.15624218750000002 0.3066625 0.1983609375 0.357225 0.2031734375 0.36889375 0.2152078125 0.3727828125 0.2128015625 0.39028593749999996 0.21881875 0.3980640625 0.235665625 0.394175 0.264546875 0.40000937499999994 0.26815781250000004 0.411678125 0.2609375 0.462240625 0.306665625 0.48363281249999995 0.30305468750000003 0.48363281249999995 0.2693609375 0.487521875 0.266953125 0.46612968749999995 0.246496875 0.5205828125 0.248903125 0.536140625 0.2537171875 0.547809375 0.251309375 0.5594781249999999 0.2561234375 0.652825 0.26334375 0.6890625 0.26179687500000004 0.6890625 0 0.29827499999999996 0
21 0.67810625 0.1634625 0.6890625 0.1607921875 0.6890625 0.082959375 0.6664375 0.093665625 0.6664375 0.13939531249999998 0.6586593749999999 0.149021875 0.6586593749999999 0.16105624999999998 0.6644921874999999 0.16466562499999998 0.67810625 0.1634625
21 0.67810625 0.2428859375 0.685884375 0.23807187500000002 0.6890625 0.22824062500000003 0.6890625 0.2106390625 0.6722718750000001 0.1983609375 0.6586593749999999 0.20919062500000002 0.6586593749999999 0.2260390625 0.6508796875 0.2404796875 0.6567140625000001 0.2440890625 0.67810625 0.2428859375
21 0.646990625 0.25251250000000003 0.6392109375 0.235665625 0.61781875 0.22242812500000003 0.586703125 0.2152078125 0.5808687499999999 0.20678437500000002 0.5711453125 0.2031734375 0.5575328125000001 0.20919062500000002 0.549753125 0.221225 0.5458640625 0.2404796875 0.55364375 0.2549203125 0.6236531249999999 0.2597328125 0.64115625 0.2585296875 0.646990625 0.25251250000000003
21 0.549753125 0.204378125 0.5730906250000001 0.19475 0.5769796875 0.1851234375 0.5886484375000001 0.177903125 0.5886484375000001 0.1706828125 0.578925 0.1694796875 0.5653109374999999 0.16105624999999998 0.5653109374999999 0.1538359375 0.547809375 0.1454109375 0.5166937500000001 0.1454109375 0.49919062500000005 0.18752968750000001 0.5050250000000001 0.193546875 0.5322515625 0.195953125 0.5400296875 0.20558125 0.549753125 0.204378125
9 0.6255984375 0.0828359375 0.6431015625 0.0720046875 0.646990625 0.0575640625 0.64115625 0.0539546875 0.5516984375 0.051546875000000006 0.512803125 0.0587671875 0.4894671875 0.0683953125 0.4719640625 0.08163125 0.48557812499999997 0.0972765625 0.5050250000000001 0.10208906250000001 0.5147484375 0.1008859375 0.5516984375 0.0852421875 0.6255984375 0.0828359375
21 0.29661875000000004 0 0.2852703125 0.0070218749999999995 0.2852703125 0.028682812499999998 0.289159375 0.0407171875 0.33194375 0.08644531250000001 0.3397234375 0.1008859375 0.3455578125 0.104496875 0.3591703125 0.1032921875 0.363059375 0.093665625 0.324165625 0.035903125 0.3397234375 0.0262765625 0.3368921875 0 0.29661875000000004 0
21 0.33583281249999997 0.10569999999999999 0.320275 0.096071875 0.320275 0.091259375 0.2988828125 0.08042812499999999 0.2794359375 0.08042812499999999 0.25220937499999996 0.0876484375 0.23081718750000002 0.1105140625 0.2347078125 0.12495468750000001 0.24832031250000003 0.133378125 0.2716578125 0.12856406250000002 0.3105515625 0.135784375 0.3338890625 0.14781875 0.3397234375 0.146615625 0.33583281249999997 0.10569999999999999
13 0.5811968750000001 0 0.5769796875 0.0022078125 0.6022609375 0.017853125 0.652825 0.022665625000000002 0.6683828125 0.029885937499999998 0.6819953125 0.028682812499999998 0.6890625 0.025559375000000002 0.6890625 0 0.5811968750000001 0
13 0.6567140625000001 0.09486875 0.6333765625 0.0996828125 0.6255984375 0.10690312500000002 0.5594781249999999 0.109309375 0.5283625 0.12375 0.5089140624999999 0.1261578125 0.4953015625 0.13458125 0.4953015625 0.1418015625 0.47974375 0.1538359375 0.4719640625 0.16586875 0.4719640625 0.177903125 0.46418593750000003 0.1851234375 0.46807499999999996 0.1995640625 0.48168749999999994 0.2031734375 0.487521875 0.19475 0.5030796875 0.18752968750000001 0.5030796875 0.1730890625 0.5186375 0.1586484375 0.5147484375 0.149021875 0.5205828125 0.1454109375 0.5555875 0.1454109375 0.5653109374999999 0.149021875 0.5692015625 0.1634625 0.5925374999999999 0.1730890625 0.5769796875 0.19234374999999998 0.5808687499999999 0.21159843750000001 0.598371875 0.22002187499999998 0.61781875 0.22242812500000003 0.646990625 0.23807187500000002 0.65476875 0.2308515625 0.6508796875 0.2260390625 0.6586593749999999 0.204378125 0.6722718750000001 0.195953125 0.685884375 0.2019703125 0.6890625 0.20983593749999999 0.6890625 0.194309375 0.652825 0.1718859375 0.6314328125 0.1682765625 0.65476875 0.151428125 0.6625484375 0.13698749999999998 0.6625484375 0.1105140625 0.6567140625000001 0.09486875
13 0.36500468750000004 0.109309375 0.3455578125 0.109309375 0.3397234375 0.11292031250000001 0.3397234375 0.151428125 0.3455578125 0.1550390625 0.36500468750000004 0.150225 0.3669484375 0.15624218750000002 0.3980640625 0.180309375 0.43501406249999997 0.162259375 0.45057187499999996 0.1574453125 0.4700203125 0.1574453125 0.487521875 0.146615625 0.4953015625 0.132175 0.5186375 0.1153265625 0.5186375 0.10810625 0.5050250000000001 0.10208906250000001 0.48557812499999997 0.10208906250000001 0.473909375 0.0972765625 0.43501406249999997 0.0996828125 0.41556718750000005 0.1117171875 0.3961203125 0.11652968749999999 0.36500468750000004 0.109309375
13 0.5594781249999999 0.0876484375 0.512803125 0.104496875 0.48557812499999997 0.10208906250000001 0.473909375 0.1117171875 0.4700203125 0.10690312500000002 0.45057187499999996 0.10690312500000002 0.4466828125 0.1117171875 0.43501406249999997 0.10690312500000002 0.43112500000000004 0.1117171875 0.41751250000000006 0.1153265625 0.42918124999999996 0.1297671875 0.423346875 0.12856406250000002 0.41556718750000005 0.133378125 0.4038984375 0.12375 0.394175 0.12254687500000001 0.3961203125 0.1189375 0.4077890625 0.1189375 0.4077890625 0.11652968749999999 0.3766734375 0.11652968749999999 0.3455578125 0.12134375 0.3475015625 0.1297671875 0.3591703125 0.13458125 0.38639687500000003 0.16586875 0.40000937499999994 0.1742921875 0.4097328125 0.1730890625 0.45057187499999996 0.1550390625 0.462240625 0.15263125 0.4700203125 0.1550390625 0.48363281249999995 0.146615625 0.48363281249999995 0.13698749999999998 0.5166937500000001 0.11652968749999999 0.536140625 0.11652968749999999 0.547809375 0.109309375 0.5711453125 0.10690312500000002 0.5828140625 0.0996828125 0.598371875 0.0972765625 0.61781875 0.0996828125 0.64115625 0.09486875 0.652825 0.0876484375 0.6683828125 0.0876484375 0.6890625 0.07583593749999999 0.6890625 0.0291234375 0.6664375 0.0431234375 0.6664375 0.0479375 0.646990625 0.0599703125 0.646990625 0.067190625 0.6294875 0.0828359375 0.5594781249999999 0.0876484375
6 0.6890625 0 0.6890625 0.4296875 1 0.4296875 1 0 0.6890625 0
6 0.6890625 1 0.6890625 0.4296875 0 0.4296875 0 1 0.6890625 1
6 1 0.4296875 0.6890625 0.4296875 0.6890625 0.75844375 0.6978156249999999 0.78863125 0.7441109375 0.8857531249999999 0.8026359375000001 1 1 1 1 0.4296875
22 0.931071875 0.737746875 0.8901078124999999 0.9060375 0.90215625 0.9103515625 0.963603125 0.8909328125 0.9864968749999999 0.7420671875 0.9721921874999999 0.7805375 0.9654187500000001 0.7683921875 0.9496109374999999 0.756253125 0.942834375 0.742090625 0.931071875 0.737746875
9 1 0.5667390625000001 0.9587828125 0.58888125 0.9431203125 0.6083000000000001 0.9407109374999999 0.6643921875000001 0.9286625000000001 0.755009375 0.8901078124999999 0.9060375 0.8913109374999999 0.912509375 0.90215625 0.9103515625 0.93950625 0.8909328125 0.9648078124999999 0.8887765625 0.9864968749999999 0.7420671875 1 0.72110625 1 0.6516953125 0.9985453124999999 0.6471359375 1 0.6262921875 1 0.5667390625000001