6 0 0 0 0.48235312500000005 0.050735937499999995 0.49151249999999996 0.04539375 0.5350171875 0.0438671875 0.5876812499999999 0.062185937499999996 0.5934046875 0.0827953125 0.617446875 0.13088125 0.6254625 0.182784375 0.673546875 0.19499687500000001 0.705603125 0.2438484375 0.7834546875 0.4003203125 0.674690625 0.40490000000000004 0.67698125 0.4262734375 0.6758359375 0.473596875 0.69071875 0.50718125 0.630040625 0.5056546875000001 0.5888265625 0.6277796875 0.49151249999999996 0.649915625 0.45945468749999996 0.382765625 0 0 0
14 0.3564453125 0.232421875 0.3896484375 0.2294921875 0.4208984375 0.203125 0.44140625 0.1782234375 0.44921875 0.1489265625 0.443359375 0.1108390625 0.380859375 0.0024421875 0.23828125 0.0024421875 0.244140625 0.0405265625 0.2578125 0.0844734375 0.3369140625 0.2177734375 0.3564453125 0.232421875
14 0.0556640625 0.4697265625 0.0927734375 0.4697265625 0.1220703125 0.4580078125 0.14453125 0.42724531250000003 0.1484375 0.40087968749999997 0.1279296875 0.3671875 0.1240234375 0.3759765625 0.119140625 0.36865156250000003 0.1142578125 0.3466796875 0.103515625 0.34228593749999997 0.0654296875 0.3408203125 0.0009765625 0.3525390625 0 0.40673906249999997 0.0322265625 0.4521484375 0.0556640625 0.4697265625
14 0.5615234375 0.4609375 0.5703125 0.45068281250000003 0.5859375 0.39502031249999997 0.583984375 0.35693281250000003 0.52734375 0.25439531249999997 0.501953125 0.22216718750000003 0.4375 0.30127031249999997 0.435546875 0.34228593749999997 0.46875 0.40673906249999997 0.5068359375 0.4609375 0.5615234375 0.4609375
14 0.392578125 0.5971671875 0.388671875 0.6088859375 0.40234375 0.6235359375 0.408203125 0.6469734375 0.4228515625 0.666015625 0.4580078125 0.6865234375 0.4755859375 0.6865234375 0.5 0.6499015625 0.509765625 0.6176765625 0.5078125 0.6030265625 0.4833984375 0.5693359375 0.4716796875 0.56640625 0.4375 0.5385734375 0.4189453125 0.5400390625 0.4033203125 0.5634765625 0.3974609375 0.5634765625 0.388671875 0.5766609375 0.392578125 0.5971671875
16 0.1220703125 0.337890625 0.171875 0.31591718750000003 0.1640625 0.20166093749999997 0.1455078125 0.185546875 0.109375 0.1752921875 0.0498046875 0.1826171875 0 0.20458906250000003 0.0009765625 0.349609375 0.0634765625 0.337890625 0.1220703125 0.337890625
16 0.203125 0.052245312499999995 0.181640625 0.0874015625 0.181640625 0.1079109375 0.173828125 0.1166984375 0.1806640625 0.138671875 0.2060546875 0.1240234375 0.2177734375 0.103515625 0.2529296875 0.109375 0.26171875 0.0991203125 0.24609375 0.052245312499999995 0.236328125 0.0024421875 0.15625 0.0024421875 0.1669921875 0.0126953125 0.1923828125 0.015625 0.205078125 0.0375984375 0.203125 0.052245312499999995
16 0.0986328125 0.16796875 0.1572265625 0.16796875 0.171875 0.1547859375 0.17578125 0.1372078125 0.1708984375 0.126953125 0.1533203125 0.126953125 0.119140625 0.1020515625 0.0927734375 0.103515625 0.0791015625 0.115234375 0.0029296875 0.1240234375 0 0.1958015625 0.0986328125 0.16796875
16 0.361328125 0.42431718749999997 0.359375 0.44775468749999997 0.36328125 0.46826093750000003 0.3857421875 0.513671875 0.4267578125 0.49609375 0.4453125 0.46240156250000003 0.453125 0.38330156249999997 0.435546875 0.34521406250000003 0.43359375 0.30419843750000003 0.41796875 0.29541093749999997 0.3974609375 0.2998046875 0.40625 0.31005781250000003 0.3916015625 0.3115234375 0.3828125 0.32470781249999997 0.361328125 0.42431718749999997
16 0.3623046875 0.4990234375 0.3671875 0.48583906250000003 0.35546875 0.44189531249999997 0.33203125 0.42138593750000003 0.3125 0.44482343750000003 0.302734375 0.47119218749999997 0.3232421875 0.5078125 0.3427734375 0.51953125 0.3623046875 0.4990234375
16 0.181640625 0.45361406249999997 0.193359375 0.5004890625 0.201171875 0.5122078125 0.201171875 0.5473640625 0.2099609375 0.5576171875 0.2216796875 0.5576171875 0.2421875 0.5356453125 0.2529296875 0.5078125 0.2822265625 0.4873046875 0.322265625 0.41259843749999997 0.328125 0.38622968750000003 0.2958984375 0.3994140625 0.2392578125 0.408203125 0.1962890625 0.3994140625 0.18359375 0.41845781249999997 0.181640625 0.45361406249999997
14 0.0908203125 0.6044921875 0.0986328125 0.6044921875 0.1025390625 0.595703125 0.1318359375 0.6044921875 0.1494140625 0.6015625 0.16796875 0.5766609375 0.171875 0.5444328125 0.154296875 0.5385734375 0.150390625 0.5268546875 0.15625 0.5180671875 0.1435546875 0.49609375 0.1015625 0.47412031250000003 0.0791015625 0.4755859375 0.0546875 0.49169843750000003 0.0390625 0.5561515625 0.041015625 0.5737296875 0.0908203125 0.6044921875
14 0.4716796875 0.5634765625 0.4794921875 0.5634765625 0.5205078125 0.5283203125 0.53515625 0.5063484375 0.5322265625 0.466796875 0.5087890625 0.4638671875 0.486328125 0.43896406250000003 0.4775390625 0.4404296875 0.4443359375 0.47265625 0.4296875 0.49755781250000003 0.439453125 0.5356453125 0.4716796875 0.5634765625
14 0.5673828125 0.484375 0.5498046875 0.4609375 0.537109375 0.47119218749999997 0.54296875 0.49169843750000003 0.5693359375 0.53125 0.5751953125 0.5341796875 0.6064453125 0.5078125 0.6318359375 0.484375 0.640625 0.46826093750000003 0.640625 0.45361406249999997 0.60546875 0.39208906250000003 0.5966796875 0.3935546875 0.580078125 0.41259843749999997 0.576171875 0.42431718749999997 0.578125 0.45654218750000003 0.5673828125 0.484375
14 0.3603515625 0.23828125 0.3486328125 0.2294921875 0.3466796875 0.2353515625 0.3271484375 0.208984375 0.3134765625 0.21484375 0.314453125 0.25732343750000003 0.3203125 0.28076093750000003 0.3369140625 0.296875 0.3720703125 0.3115234375 0.3837890625 0.296875 0.4267578125 0.28515625 0.4794921875 0.25 0.494140625 0.23095781249999997 0.49609375 0.20752031249999997 0.45703125 0.1372078125 0.451171875 0.1372078125 0.4453125 0.1694328125 0.4345703125 0.19140625 0.3896484375 0.2294921875 0.3603515625 0.23828125
16 0.3896484375 0.3173828125 0.4267578125 0.3203125 0.4306640625 0.326171875 0.435546875 0.30712968749999997 0.4326171875 0.296875 0.4072265625 0.2939453125 0.3642578125 0.314453125 0.32421875 0.29247968750000003 0.326171875 0.33349531250000003 0.3642578125 0.35546875 0.3740234375 0.35546875 0.37890625 0.34814531249999997 0.3896484375 0.3173828125
16 0.3525390625 0.5751953125 0.3662109375 0.58984375 0.3857421875 0.58984375 0.390625 0.5708015625 0.4111328125 0.54296875 0.43359375 0.5297859375 0.4248046875 0.501953125 0.3798828125 0.5166015625 0.37109375 0.5063484375 0.373046875 0.49755781250000003 0.3662109375 0.49609375 0.33203125 0.5268546875 0.328125 0.5532234375 0.3427734375 0.578125 0.3525390625 0.5751953125
14 0.18359375 0.5942390625 0.16015625 0.6235359375 0.1640625 0.6469734375 0.2060546875 0.689453125 0.22265625 0.6499015625 0.18359375 0.5942390625
14 0.283203125 0.49169843750000003 0.2509765625 0.5107421875 0.240234375 0.5473640625 0.2646484375 0.56640625 0.296875 0.5092765625 0.283203125 0.49169843750000003