6 0.5847453125000001 0.047959375 0.5329875000000001 0.0406578125 0.47286093749999997 0.07232968749999999 0.3922359375 0.113803125 0.3097640625 0.12936875 0.23338437500000003 0.13057968749999999 0.1913328125 0.213178125 0.25754062499999997 0.367953125 0.32635000000000003 0.49460625 0.4148515625 0.6546140625 0.54986875 0.6664921875 0.627028125 0.6166859375 0.7176203125 0.5819765625 0.7861671875 0.5222125 0.7651125000000001 0.42330468750000005 0.778478125 0.2900390625 0.776303125 0.1988984375 0.7074812500000001 0.20430156249999998 0.65274375 0.217771875 0.693471875 0.14379843750000001 0.631178125 0.153071875 0.6045499999999999 0.10305781249999998 0.5847453125000001 0.047959375
16 0.5170328125 0.633796875 0.532696875 0.6355671875 0.5381781250000001 0.64683125 0.545725 0.65080625 0.55384375 0.6485984375 0.5625296875 0.640215625 0.57380625 0.6088078125 0.5899421874999999 0.5852921875 0.6018375 0.5572578125 0.6130140625 0.5067453125 0.627859375 0.466925 0.6255890625 0.43600625 0.6050640625 0.42634531249999996 0.5741921875 0.45315781250000003 0.5574375 0.47329999999999994 0.544971875 0.5075125 0.5420734375 0.5288484375 0.51823125 0.575365625 0.511553125 0.62253125 0.5170328125 0.633796875
14 0.2953265625 0.326953125 0.365034375 0.24246875 0.38927812500000003 0.2723765625 0.39620781250000003 0.2729734375 0.402621875 0.23367343749999997 0.43023749999999994 0.216959375 0.4338046875 0.2085515625 0.43246406249999997 0.18269375000000002 0.42223437500000005 0.1270125 0.41556718750000005 0.11854843749999999 0.3957125 0.12181249999999999 0.3254421875 0.1568484375 0.30910625 0.142153125 0.2854234375 0.16169687500000002 0.277296875 0.21953125 0.2855078125 0.2920625 0.2953265625 0.326953125
14 0.36593749999999997 0.41442187500000005 0.3875515625 0.4021703125 0.4086453125 0.4056515625 0.4219828125 0.4225796875 0.4247734375 0.4377671875 0.42182343749999995 0.44955 0.4278734375 0.45463906249999997 0.43836875 0.446828125 0.4595140625 0.4598625 0.4735796875 0.443640625 0.4777171875 0.429053125 0.46645156249999997 0.4048328125 0.4464953125 0.38899218750000003 0.42886875 0.3579953125 0.42163125 0.3557109375 0.3937703125 0.32465781250000003 0.3838421875 0.32629375 0.37908437500000003 0.33750468749999996 0.371275 0.341396875 0.33776562499999996 0.38168281249999997 0.3356953125 0.38897499999999996 0.35317031249999997 0.3913140625 0.36593749999999997 0.41442187500000005
14 0.5021234375 0.4319890625 0.51721875 0.43993593750000004 0.524196875 0.45008593750000003 0.545190625 0.4344625 0.5517078125 0.41426875 0.561275 0.40139375 0.5735812499999999 0.394153125 0.5952953125 0.401009375 0.6363531250000001 0.36469999999999997 0.6464390625 0.33609374999999997 0.645459375 0.3214796875 0.6363125000000001 0.299515625 0.6164078125 0.2932296875 0.6085984375 0.2971234375 0.5831078125 0.316096875 0.5058 0.3870546875 0.49747343749999995 0.406678125 0.4984515625 0.4212953125 0.5021234375 0.4319890625
16 0.5956234375 0.2914375 0.59728125 0.26335000000000003 0.5996609375 0.25774375 0.5968703125 0.2425578125 0.58958125 0.23071718749999998 0.577275 0.2379578125 0.5209125 0.28374062499999997 0.513775 0.3005625 0.5120671875 0.3190953125 0.5222453125000001 0.365225 0.5273625 0.365253125 0.5627328125 0.33509375 0.5896765625 0.305453125 0.5956234375 0.2914375
14 0.6007921875 0.3010171875 0.6145984375 0.2926578125 0.6182171875 0.2938015625 0.6212156249999999 0.291571875 0.6320718750000001 0.29500000000000004 0.6326921875 0.298371875 0.6405515625 0.30403281249999997 0.6448390625 0.3181046875 0.6517671875 0.3187015625 0.657765625 0.3142390625 0.6637140625 0.30022187499999997 0.6666140625 0.27888437499999996 0.6655828125000001 0.254715625 0.6498171875 0.23384062499999997 0.63715 0.22984062500000002 0.63415 0.23207343749999998 0.6221046875 0.23144843750000002 0.6097984375000001 0.2386890625 0.60741875 0.244296875 0.60441875 0.246528125 0.5984703125 0.260546875 0.5991421875 0.27347343749999997 0.5961937500000001 0.285259375 0.5971734375 0.2998734375 0.6007921875 0.3010171875
7 0.6000296875 0.21335312499999998 0.5964609375000001 0.2217640625 0.595890625 0.2279421875 0.5986296875 0.233575 0.612796875 0.236459375 0.6202953124999999 0.230878125 0.638959375 0.2304125 0.6464578125 0.224834375 0.650028125 0.21642343749999998 0.6530234375 0.21419375000000002 0.6690609375000001 0.17157031250000002 0.6638890625 0.161990625 0.6487937500000001 0.1540453125 0.64310625 0.16019531250000002 0.6407265625 0.165803125 0.6269203125 0.1741609375 0.6185453125 0.1842296875 0.609596875 0.20047968749999998 0.6065984375 0.20270937500000002 0.6030296875000001 0.2111203125 0.6000296875 0.21335312499999998
16 0.6870609375 0.4458828125 0.693990625 0.4464796875 0.70815625 0.44936406250000005 0.7292 0.4432921875 0.7346296875 0.44500624999999994 0.7391265625 0.44165937499999997 0.7438859375 0.4304453125 0.7597703124999999 0.3591640625 0.7602890625 0.343434375 0.7518703125 0.288321875 0.74825 0.287178125 0.7338250000000001 0.2921609375 0.72275625 0.30615156250000003 0.697775 0.365021875 0.6948265625000001 0.3768046875 0.694928125 0.3959125 0.6861328125 0.44081875000000004 0.6870609375 0.4458828125
14 0.47935156250000005 0.56785625 0.47997187500000005 0.5712312500000001 0.4977578125 0.57525625 0.5124921875 0.5719609375 0.5211812499999999 0.5635796875 0.533696875 0.5389203124999999 0.531525 0.527109375 0.518809375 0.5135562499999999 0.4880484375 0.5038421875 0.4729015625 0.4863421875 0.463853125 0.483484375 0.45423749999999996 0.48680781250000005 0.4425515625 0.497421875 0.4354125 0.5142453125 0.43768124999999997 0.545159375 0.44192187499999996 0.549678125 0.45820625000000004 0.5548203125 0.4588265625 0.5581953125 0.47935156250000005 0.56785625
25 0.35139375 0.5115578125 0.3589421875 0.5155296875000001 0.37212968750000003 0.503796875 0.3775078125 0.49596093750000003 0.409878125 0.4680328125 0.4182546875 0.45796093750000005 0.42420156249999996 0.4439453125 0.4219828125 0.4225796875 0.41469531249999997 0.410740625 0.3941703125 0.40108125 0.38274375 0.40383125 0.3722453125 0.41164218750000003 0.3591609375 0.4424796875 0.340028125 0.468228125 0.33526875 0.47944375 0.3441046875 0.49971875 0.3501546875 0.5048078125 0.35139375 0.5115578125
13 0.5157765624999999 0.051642187500000006 0.4983015625 0.049303124999999996 0.4908046875 0.0548828125 0.47533906249999996 0.0913265625 0.4353625 0.16135625 0.432515625 0.19224687499999998 0.435925 0.2108078125 0.4410421875 0.21083593750000001 0.4792015625 0.1958625 0.5350453125 0.1658109375 0.5431140625 0.15405312499999999 0.5406328125 0.1405546875 0.543321875 0.136634375 0.5578484375 0.1507578125 0.5749640625 0.1418578125 0.5803421875 0.13401875000000002 0.58795 0.091915625 0.5863984375 0.08347656249999999 0.5785421875 0.077815625 0.5730140625 0.0569984375 0.562725 0.047390625 0.550109375 0.052945312499999994 0.5207375 0.0786390625 0.5157765624999999 0.051642187500000006
25 0.5777953124999999 0.222228125 0.578725 0.2272890625 0.585653125 0.2278890625 0.5964609375000001 0.2217640625 0.6059765625 0.1993375 0.6053578125 0.19596249999999998 0.6094968749999999 0.18137187500000002 0.6100140625 0.16564218749999998 0.6123937500000001 0.1600359375 0.6129156250000001 0.144303125 0.6152953125 0.1386953125 0.61524375 0.1291453125 0.6118859375000001 0.12013437499999999 0.60040625 0.11333437500000001 0.58898125 0.11608125 0.5844796875 0.11943125000000002 0.579153125 0.136821875 0.582353125 0.1728015625 0.5777953124999999 0.222228125
14 0.442071875 0.23500468749999998 0.46078906249999996 0.24409062499999998 0.47774374999999997 0.26216249999999997 0.49935625000000006 0.24991406249999998 0.5192609375 0.2562 0.5760375 0.23120781250000003 0.5813140625 0.2042640625 0.581321875 0.1486328125 0.577084375 0.144115625 0.5674671874999999 0.1474375 0.40143281249999996 0.236478125 0.3986375 0.27691875 0.404684375 0.2820078125 0.422009375 0.2556890625 0.442071875 0.23500468749999998
14 0.2231625 0.2310484375 0.22181406250000002 0.260825 0.25769375 0.2705625 0.2600734375 0.26495625 0.2582140625 0.254834375 0.2599734375 0.2458515625 0.270109375 0.22679999999999997 0.27181875 0.20826406249999999 0.27657656249999996 0.197053125 0.2765265625 0.1874984375 0.28123437500000004 0.1667328125 0.2825828125 0.13695625 0.26029843750000003 0.1362796875 0.2317578125 0.14793125000000001 0.22937968749999998 0.153534375 0.2289078125 0.1788203125 0.22482031249999998 0.20296093750000002 0.2261125 0.2192625 0.2231625 0.2310484375