6 0 0 0 0.23525625 0.015423437500000001 0.23926562499999998 0.186915625 0.24096718749999999 0.3177609375 0.2188859375 0.3890625 0.17935937500000002 0.3890625 0 0 0
16 0.1987171875 0 0.195809375 0.0014953125 0.175484375 0.032065625 0.16278125000000002 0.0422546875 0.14753750000000002 0.0456515625 0.11196874999999999 0.0354625 0.10180625000000001 0.038859375 0.08274843750000001 0.0881140625 0.0764 0.096603125 0.050992187499999994 0.10339687500000001 0.0370171875 0.12887500000000002 0.0420984375 0.1560484375 0.050992187499999994 0.167934375 0.06750468750000001 0.1696359375 0.094184375 0.1543484375 0.13229375000000002 0.1645375 0.21613593749999999 0.1 0.227565625 0.0813203125 0.227565625 0.047353125 0.214284375 0 0.1987171875 0
16 0.2555125 0.0915109375 0.23772812499999998 0.12208125 0.23010625 0.1730328125 0.2339203125 0.181521875 0.24154218749999998 0.18491875 0.2720296875 0.1917125 0.2796515625 0.1985046875 0.29997656250000004 0.20190156250000002 0.3101390625 0.2086953125 0.3164890625 0.207 0.3380859375 0.20190156250000002 0.3469765625 0.19341250000000001 0.3469765625 0.1832234375 0.33935468750000003 0.17642968750000002 0.3368140625 0.1594453125 0.33935468750000003 0.13566875 0.3368140625 0.1084953125 0.3177609375 0.0796203125 0.3063265625 0.0745265625 0.3037859375 0.067734375 0.3063265625 0.040559374999999995 0.2974359375 0.02866875 0.2821921875 0.021875 0.2618671875 0.025271875 0.25297187499999996 0.040559374999999995 0.2555125 0.0915109375
21 0.36984218750000003 0.190015625 0.3890625 0.18026875 0.3890625 0.052445312499999994 0.38889999999999997 0.052445312499999994 0.3711140625 0.0626359375 0.3418953125 0.1084953125 0.33935468750000003 0.16284218749999999 0.3584109375 0.18831562500000001 0.36984218750000003 0.190015625
16 0.0940890625 0 0.10434687499999999 0.02866875 0.1272125 0.0422546875 0.15896875 0.040559374999999995 0.175484375 0.02866875 0.186915625 0.0133859375 0.1923765625 0 0.0940890625 0
6 0.3890625 0 0.3890625 0.5390625 1 0.5390625 1 0 0.3890625 0
13 0.6605390625 0 0.6558109375 0.00530625 0.6431625000000001 0.0098484375 0.6165984375 0.05299374999999999 0.62798125 0.1188421875 0.6406328125 0.1188421875 0.6608703125 0.141553125 0.6760484375 0.141553125 0.6962906249999999 0.1642578125 0.7443578125 0.1688 0.7519484375000001 0.177884375 0.7936890625 0.1756140625 0.79875 0.1665296875 0.79875 0.13019843749999999 0.7860984375 0.07569843750000001 0.7860984375 0.0575359375 0.7936890625 0.025740625 0.7952828125 0 0.6605390625 0
13 0.42333125000000005 0 0.42179687499999996 0.007578125 0.41420625 0.0211984375 0.41420625 0.043909375 0.42179687499999996 0.07569843750000001 0.4344453125 0.1120296875 0.438240625 0.1188421875 0.44456562499999996 0.11657187499999999 0.4685984375 0.0734265625 0.48125 0.087053125 0.5520859375 0.10975781250000001 0.5584109374999999 0.080240625 0.5773843750000001 0.0370953125 0.5988875 0.034825 0.5988875 0 0.42333125000000005 0
17 0.9429546875 0.45265000000000005 0.9480124999999999 0.4344875 0.932834375 0.3481984375 0.932834375 0.30731875 0.9277734375 0.28915625 0.8974140625 0.243740625 0.887296875 0.1756140625 0.8607328125 0.141553125 0.8455515625000001 0.159715625 0.8341687500000001 0.189240625 0.8215187500000001 0.2709875 0.8189875000000001 0.36181874999999997 0.8354312500000001 0.4004203125 0.8632593749999999 0.41404687500000004 0.8835015625 0.43675781249999995 0.9113312499999999 0.450378125 0.9429546875 0.45265000000000005
17 0.7355015625 0.334571875 0.7468874999999999 0.3550046875 0.754475 0.3550046875 0.7696562499999999 0.36863125 0.791159375 0.3663609375 0.8025453125 0.3640890625 0.8164578125 0.352734375 0.8164578125 0.32548750000000004 0.8215187500000001 0.298240625 0.8215187500000001 0.25281875 0.8189875000000001 0.243740625 0.7924249999999999 0.18696875 0.784834375 0.1824265625 0.7519484375000001 0.1824265625 0.7418265625 0.1733421875 0.71146875 0.1733421875 0.7026125000000001 0.189240625 0.7000859375 0.207403125 0.7127328125 0.2573609375 0.7304406250000001 0.30731875 0.7355015625 0.334571875
6 0.3890625 1 0.3890625 0.5390625 0 0.5390625 0 1 0.3890625 1
6 1 0.5390625 0.3890625 0.5390625 0.3890625 1 1 1 1 0.5390625
12 0.8988531249999999 1 0.897134375 0.980340625 0.86683125 0.91230625 0.8150656250000001 0.84581875 0.7367843749999999 0.8210796874999999 0.6660781250000001 0.83035625 0.61305 0.86128125 0.585271875 0.8952984374999999 0.5650703125 0.8860203125 0.54234375 0.8860203125 0.5246671875 0.8952984374999999 0.5107796875 0.9184921875000001 0.5107796875 0.9463234375 0.5208796875 0.9679703125 0.53855625 0.986525 0.5361109374999999 1 0.8988531249999999 1
16 0.8365296875 0.8628281250000001 0.8466296874999999 0.8566421875 0.8491546874999999 0.8442734375000001 0.8491546874999999 0.79479375 0.828953125 0.7236671875 0.823903125 0.6432640625 0.8015125 0.5390625 0.6911453125 0.5390625 0.6900671875 0.5535828125 0.738046875 0.788609375 0.738046875 0.8133484375 0.7519359375 0.824171875 0.8125406249999999 0.8427265625 0.8365296875 0.8628281250000001
16 1 0.6465203125000001 0.9817281250000001 0.6293484375 0.8832453125 0.573684375 0.8125406249999999 0.56440625 0.8112765625 0.5845078125 0.828953125 0.67728125 0.9286984374999999 0.7654156249999999 0.9691015625 0.7870625 0.990565625 0.7855171875 1 0.7712453125 1 0.6465203125000001