6 0 0 0 0.24748437499999998 0.018165624999999998 0.2668375 0.04510625 0.2668375 0.074290625 0.28278125 0.16633437499999998 0.2867671875 0.16970156249999999 0.29673125 0.1629671875 0.3405765625 0.1764375 0.37246562499999997 0.183171875 0.41631093750000003 0.1809265625 0.46414218749999997 0.1921515625 0.49204375 0.2146015625 0.4481984375 0.205621875 0.420296875 0.207865625 0.3764515625 0.20113124999999998 0.30470312499999996 0.26286875 0.27480937499999997 0.2853171875 0.222990625 0.3594015625 0.1353 0.3930765625 0.143271875 0.420015625 0.19110312499999998 0.4402203125 0.1950890625 0.44134375 0.16519375 0.43236406250000003 0.13330625000000002 0.400934375 0.07750312499999999 0.4402203125 0.0037625 0.4439296875 0 0 0
13 0.44358906249999996 0.18911093750000002 0.43909843750000005 0.14925 0.41552656250000003 0.095440625 0.395321875 0.0755109375 0.38185156249999996 0.079496875 0.36838125 0.09942656250000001 0.3302171875 0.095440625 0.30215468749999996 0.14526406249999999 0.31001249999999997 0.15124375 0.3212375 0.1313140625 0.39083125 0.143271875 0.42450625000000003 0.199075 0.43236406250000003 0.20106875 0.44358906249999996 0.18911093750000002
13 0.17531406249999998 0.08746875 0.14837499999999998 0.09145468749999999 0.11245468750000001 0.079496875 0.102353125 0.093446875 0.1045984375 0.1293203125 0.1169453125 0.1472578125 0.2258265625 0.1612078125 0.188784375 0.1392859375 0.1809265625 0.125334375 0.1809265625 0.0974328125 0.17531406249999998 0.08746875
6 0.45 0 0.45 0.6296875 1 0.6296875 1 0 0.45 0
16 0.683875 0 0.676409375 0.0042984375 0.65956875 0.0833046875 0.6663046875 0.17743906250000002 0.6741640624999999 0.1959296875 0.68988125 0.18920625 0.6966171875 0.2093765625 0.7044765625 0.20769687499999998 0.74489375 0.17071562499999998 0.7606109375 0.1169234375 0.7561203125 0.0295140625 0.7411390625000001 0 0.683875 0
16 0.49341093750000004 0.3085546875 0.5293375 0.23459218750000002 0.5147421875 0.20601562499999998 0.5012703125 0.2093765625 0.4642203125 0.27157343749999996 0.46197499999999997 0.29510625 0.4675890625 0.3035109375 0.49341093750000004 0.3085546875
16 0.8324624999999999 0.3959640625 0.84818125 0.3825171875 0.8504265625 0.35898281249999997 0.8425671875 0.34385468750000003 0.8223593749999999 0.33713125 0.8100093749999999 0.352259375 0.8122546875 0.3825171875 0.8324624999999999 0.3959640625
20 0.7224390625 0.577509375 0.7359125 0.6077671875 0.7471390625 0.614490625 0.776328125 0.5136328125 0.7527515625000001 0.48505624999999997 0.7302984375 0.48169375 0.7112125 0.5472515625 0.7224390625 0.5573375 0.7224390625 0.577509375
13 0.4900421875 0.313596875 0.451871875 0.2967875 0.45 0.296975 0.45 0.49977031250000004 0.45748437500000005 0.500184375 0.4855515625 0.4783328125 0.503515625 0.48169375 0.5270921875 0.4699265625 0.5158640625 0.3959640625 0.4900421875 0.313596875
13 1 0.06990625 0.9189109375 0.03119375 0.89645625 0.03119375 0.8594078125 0.10011406249999999 0.8672671875000001 0.13541406250000002 0.8515484375 0.13541406250000002 0.8448125 0.11188125 0.8246046874999999 0.11188125 0.8021499999999999 0.12532812499999998 0.767346875 0.17071562499999998 0.7999046875 0.1959296875 0.8335859375 0.1791203125 0.8392 0.1942484375 0.8347093750000001 0.2110578125 0.8145 0.2312296875 0.8425671875 0.239634375 0.87849375 0.239634375 0.8919656249999999 0.21946249999999998 0.9121750000000001 0.236271875 0.9234015624999999 0.20601562499999998 0.9638187500000001 0.18248124999999998 0.9626953125 0.1976109375 0.9368734375000001 0.242996875 0.9301375000000001 0.24972031249999999 0.9278921875 0.239634375 0.9177875 0.241315625 0.9290140625 0.2614875 0.913296875 0.29510625 0.952590625 0.30015000000000003 0.9683093749999999 0.33040625 1 0.3333125 1 0.06990625
13 0.45 0 0.45 0.0018171875 0.46534375 0.03791875 0.503515625 0.0446421875 0.5113734375 0.056409375 0.5113734375 0.090028125 0.5192328125000001 0.1017953125 0.5315828125000001 0.10011406249999999 0.59894375 0.0597703125 0.576765625 0 0.45 0
13 0.6966171875 0.5489328125 0.7044765625 0.5338046875 0.6910046875 0.48001250000000006 0.6539546875 0.44471249999999996 0.606803125 0.44807499999999995 0.5933296875 0.4346265625 0.5686312499999999 0.431265625 0.5461765625 0.468246875 0.5068828125 0.4867375 0.5574046874999999 0.5253984375 0.5708765625 0.5220374999999999 0.620275 0.55565625 0.65956875 0.5640609375000001 0.6966171875 0.5489328125
16 0.45299375 0.5069078124999999 0.4552390625 0.5270796875 0.45 0.5388468750000001 0.45 0.5535140625 0.46534375 0.5791906250000001 0.518109375 0.5842328125 0.5282140625 0.5085890625 0.49228750000000004 0.49514218750000005 0.4675890625 0.49514218750000005 0.45299375 0.5069078124999999
16 0.45 0.11252500000000001 0.4675890625 0.1017953125 0.503515625 0.1186046875 0.51361875 0.10011406249999999 0.48330624999999994 0.0648140625 0.45 0.0698 0.45 0.11252500000000001
13 0.58659375 0.2665296875 0.55965 0.2698921875 0.5270921875 0.29846875 0.5270921875 0.3320875 0.5473 0.3455359375 0.5529140625 0.33713125 0.573121875 0.34385468750000003 0.5966984375 0.318640625 0.59894375 0.2917453125 0.58659375 0.2665296875
13 0.633746875 0.20265312500000002 0.5574046874999999 0.22618749999999999 0.5360734375 0.2614875 0.533828125 0.281659375 0.5405640625 0.281659375 0.573121875 0.26316875 0.6023109375 0.276615625 0.6494640625 0.23291093749999997 0.6483421875000001 0.21778124999999998 0.633746875 0.20265312500000002
16 0.8675375000000001 0 0.8616531249999999 0.016065625 0.8627765625 0.0446421875 0.8852296875000001 0.0446421875 0.89645625 0.027832812499999998 0.9144203125000001 0.027832812499999998 1 0.0639734375 1 0 0.8675375000000001 0
6 1 0.6296875 0.45 0.6296875 0.45 1 1 1 1 0.6296875
12 0.553696875 1 0.6157843749999999 0.9438124999999999 0.7055828125 0.8461578125000001 0.7875234375 0.7299796875 0.80099375 0.696303125 0.80099375 0.6727328124999999 0.7908921875 0.664315625 0.7751765625 0.677784375 0.47902812499999997 1 0.553696875 1
12 0.857065625 1 0.8571171874999999 0.999375 0.8369125000000001 0.9522328124999999 0.863853125 0.9320281250000001 0.8571171874999999 0.8815140625 0.8649765625000001 0.8730968750000001 0.8784453125 0.8899328125 0.8907921875 0.8747812500000001 0.8952828125 0.851209375 0.8840578125 0.746815625 0.858240625 0.721559375 0.8200749999999999 0.7047234375 0.7998703125 0.7047234375 0.71119375 0.8411062499999999 0.7134390625 0.989271875 0.7096250000000001 1 0.857065625 1