6 0.4404296875 0.28764531249999997 0.3759765625 0.33216875 0.2509765625 0.4330859375 0.2226546875 0.4761265625 0.239259375 0.5013546875 0.2792984375 0.5206453125 0.26953125 0.5354875 0.2792984375 0.5681375 0.3173828125 0.620078125 0.40527499999999994 0.6556968750000001 0.4189453125 0.712090625 0.43066250000000006 0.712090625 0.455078125 0.648275 0.46582187499999994 0.6438234375 0.521484375 0.7076374999999999 0.5322250000000001 0.7595828124999999 0.5517593749999999 0.7595828124999999 0.5791015625 0.798165625 0.6005859375 0.7833265625 0.6220703125 0.7892640625 0.6328140624999999 0.8055859375000001 0.623046875 0.8115234375 0.6259765625 0.857528125 0.6630859375 0.8486265625 0.7099609375 0.9020515625 0.7607406250000001 0.8872125000000001 0.8212906249999999 0.8159765625000001 0.8525390625 0.8545624999999999 0.8662093750000001 0.8367515624999999 0.9072250000000001 0.8456578125 0.953125 0.8293312500000001 0.9609375 0.7907484375 0.9472671874999999 0.7076374999999999 0.9189453125 0.6764718750000001 0.8994140625 0.682409375 0.896484375 0.648275 0.8798828125 0.626015625 0.8623062499999999 0.626015625 0.8525390625 0.664603125 0.8271484375 0.6171109375 0.8154296875 0.6171109375 0.7802749999999999 0.6408546875 0.6806625000000001 0.6349218750000001 0.5498062499999999 0.6735046875 0.5634765625 0.6349218750000001 0.6181625000000001 0.596334375 0.6708984375 0.5993031249999999 0.6806625000000001 0.6171109375 0.7392593749999999 0.5518109375 0.7705078125 0.563684375 0.765625 0.5354875 0.787109375 0.5117406250000001 0.7792984374999999 0.458315625 0.7001937500000001 0.33216875 0.6435546875 0.341075 0.5908218749999999 0.2609328125 0.5527328125000001 0.24757812499999998 0.5009765625 0.25203125000000004 0.4814453125 0.27874374999999996 0.4404296875 0.28764531249999997
21 0.2832015625 0.4434765625 0.3076171875 0.45979843750000005 0.3603515625 0.4360546875 0.3652328125 0.40192187500000004 0.3437515625 0.372240625 0.2900390625 0.40340625 0.2792984375 0.41972812499999995 0.2832015625 0.4434765625
21 0.6396484375 0.8070703124999999 0.7236328125 0.768484375 0.732421875 0.73731875 0.7226546875000001 0.713575 0.6259765625 0.7506765625 0.62890625 0.7937171875 0.6396484375 0.8070703124999999
3 0.4541015625 0.5102562500000001 0.4814453125 0.5013546875 0.49218593750000006 0.4761265625 0.48632968749999994 0.425665625 0.46972500000000006 0.415275 0.4384765625 0.42715 0.41796875 0.398953125 0.3984375 0.428634375 0.400390625 0.4701890625 0.4541015625 0.5102562500000001
3 0.321290625 0.4865125 0.4189453125 0.5577484375 0.439453125 0.5058078125 0.41796875 0.5028390625 0.396484375 0.43753906249999996 0.3681625 0.4360546875 0.314453125 0.4672203125 0.321290625 0.4865125
15 0.4755859375 0.5191609374999999 0.44921718750000006 0.5058078125 0.439453125 0.514709375 0.4765625 0.5325203125 0.4755859375 0.5191609374999999
16 0.323240625 0.623046875 0.40722500000000006 0.649759375 0.412109375 0.6334375 0.39453125 0.6185937499999999 0.380859375 0.5711062499999999 0.3154296875 0.5696218749999999 0.310546875 0.6007875 0.323240625 0.623046875
13 0.5527328125000001 0.7610671875 0.5830078125 0.798165625 0.5986328125 0.774421875 0.6201171875 0.7862953125 0.6259765625 0.744740625 0.7138671875 0.709121875 0.7265625 0.71654375 0.7373062499999999 0.7595828124999999 0.7509765625 0.7595828124999999 0.8261703125000001 0.7076374999999999 0.7705078125 0.6438234375 0.7207015625000001 0.6364015625 0.6494140625 0.6408546875 0.5810546875 0.6705359375 0.5527328125000001 0.7610671875
13 0.5273453124999999 0.446440625 0.5087906249999999 0.4894796875 0.494140625 0.43753906249999996 0.494140625 0.47315781250000005 0.46875156249999994 0.5622015625000001 0.5556625000000001 0.631953125 0.6279296875 0.602271875 0.5332015625000001 0.5384562500000001 0.537109375 0.4969015625 0.5576171875 0.45386249999999995 0.5732406250000001 0.4954171875 0.609375 0.5058078125 0.55859375 0.38411093749999997 0.5478515625 0.3826265625 0.5527328125000001 0.395984375 0.5400390625 0.40340625 0.546875 0.395984375 0.537109375 0.390046875 0.5390625 0.37520937499999996 0.5136703125000001 0.395984375 0.5117171875000001 0.41972812499999995 0.5273453124999999 0.446440625
16 0.49609375 0.277259375 0.49609375 0.3010046875 0.5263671875 0.3559140625 0.5693374999999999 0.3826265625 0.6220703125 0.39153125 0.6386703125000001 0.333653125 0.5927749999999999 0.26390156249999996 0.5527328125000001 0.24757812499999998 0.4970703125 0.2609328125 0.5078140624999999 0.274290625 0.49609375 0.277259375
16 0.6064453125 0.5814921875 0.6513671875 0.5903968749999999 0.666015625 0.5236140625 0.650390625 0.5176765624999999 0.5732406250000001 0.5191609374999999 0.55859375 0.5443890625 0.6064453125 0.5814921875