6 0 0 0 0.3890625 0.41875 0.3890625 0.41875 0.052859375 0.3810765625 0.0553125 0.273275 0.090625 0.22779531249999999 0.028828125 0.21873593750000003 0 0 0
16 0.3541234375 0.231878125 0.39118125 0.25205625 0.41875 0.2533203125 0.41875 0.052859375 0.3810765625 0.0553125 0.30359375 0.07801406250000001 0.2042109375 0.1347671875 0.20758125 0.15746875 0.29348593749999996 0.25457968750000004 0.3541234375 0.231878125
17 0 0.3890625 0.17844374999999998 0.3890625 0.1738921875 0.316378125 0 0.2790484375 0 0.3890625
13 0 0 0 0.06993906250000001 0.1621046875 0.2167453125 0.21431874999999997 0.21800625 0.23790312500000002 0.195303125 0.21431874999999997 0.1852140625 0.20084531249999998 0.1398109375 0.264853125 0.09693125 0.27159062500000003 0.0817984375 0.22779531249999999 0.028828125 0.219628125 0 0 0
3 0.052617187499999996 0.2407078125 0.069459375 0.286109375 0.1772625 0.3189 0.183 0.3890625 0.1946890625 0.3890625 0.20084531249999998 0.344125 0.2311640625 0.3062875 0.2210578125 0.23566250000000002 0.1957921875 0.21926562500000002 0.07114374999999999 0.231878125 0.052617187499999996 0.2407078125
15 0 0.229303125 0.0222984375 0.27349687500000003 0.03071875 0.2848484375 0.066090625 0.28863125 0 0.134234375 0 0.229303125
6 0.41875 0 0.41875 0.2939453125 0.4229984375 0.3061015625 0.49407500000000004 0.3890625 0.9140656249999999 0.3890625 1 0.23430625 1 0 0.41875 0
6 0.41875 1 0.41875 0.3890625 0 0.3890625 0 1 0.41875 1
6 1 0.3890625 0.5452296875 0.3890625 0.537975 0.4032625 0.527878125 0.410125 0.5215687499999999 0.408409375 0.5249171875 0.3890625 0.46292968749999996 0.3890625 0.455946875 0.391253125 0.4509 0.4392890625 0.44837499999999997 0.4495828125 0.43323124999999996 0.47017031249999997 0.43323124999999996 0.48389531249999995 0.443328125 0.5079125 0.45342343749999997 0.51820625 0.4786625 0.5662421875 0.4837109375 0.6005546875000001 0.4950671875 0.61599375 0.5215687499999999 0.628003125 0.513996875 0.676040625 0.516521875 0.6966265625 0.5127359375 0.7017734375 0.49254375 0.7017734375 0.4837109375 0.7103515625 0.4887578125 0.7240765625 0.4837109375 0.7583875 0.49128125 0.778975 0.4963296875 0.8270109375000001 0.5026390625 0.8390203125 0.5102109375 0.8424515625 0.5203078125 0.8252953125 0.53545 0.8115703125 0.573309375 0.8184328125 0.58088125 0.8287265625 0.588453125 0.8252953125 0.5909765625000001 0.8355890625000001 0.61116875 0.8390203125 0.6364078125 0.87333125 0.661646875 0.88705625 0.6818375 0.9076437500000001 0.7096015625 0.9248 0.7449359375 0.9762671875000001 0.7575546875 0.9591109375 0.7827953125 0.9522484375 0.81308125 0.9522484375 0.8307484374999999 0.9453859375 0.8383203124999999 0.9488171875000001 0.9317062500000001 0.9453859375 1 0.9577656250000001 1 0.3890625
21 0.6957187499999999 0.53193125 0.6957187499999999 0.542225 0.704553125 0.5439406250000001 0.7222203125 0.5302156250000001 0.7626031249999999 0.5610953125 0.7815328125 0.5868296875000001 0.78405625 0.662315625 0.792890625 0.674325 0.8042484375000001 0.6726093750000001 0.81308125 0.6674625 0.8193921874999999 0.655453125 0.8193921874999999 0.634865625 0.8320109375 0.5936921875000001 0.8749171875 0.51820625 0.907728125 0.401546875 0.908646875 0.3890625 0.845478125 0.3890625 0.835796875 0.39983124999999997 0.8080343750000001 0.4169875 0.777746875 0.4478671875 0.72726875 0.4787484375 0.703290625 0.51134375 0.6957187499999999 0.53193125
21 1 0.57325625 0.9342296875 0.506196875 0.9216109375 0.495903125 0.9064671875 0.495903125 0.879965625 0.514775 0.8471546875 0.5696734375 0.8269624999999999 0.617709375 0.8219156249999999 0.662315625 0.8332734374999999 0.6880484375 0.881228125 0.7086359375 0.9619921874999999 0.7772593750000001 1 0.781234375 1 0.57325625
21 0.5127359375 0.5542328125 0.5493328125 0.5559484375 0.5707859375 0.5508031250000001 0.5859296875 0.5370781250000001 0.5947625000000001 0.51820625 0.5897140624999999 0.50105 0.5897140624999999 0.4427203125 0.5947625000000001 0.422134375 0.5846671875 0.41184062499999996 0.5822734374999999 0.3890625 0.5438140625 0.3890625 0.5392359375 0.39811562500000003 0.501378125 0.4461515625 0.4811859375 0.4804640625 0.4786625 0.5216375 0.487496875 0.540509375 0.5127359375 0.5542328125
17 0.43575625 0.49075625 0.4761390625 0.5593796875 0.486234375 0.5833984375 0.486234375 0.6039859375 0.4950671875 0.6125640625 0.5076875000000001 0.619425 0.6023343750000001 0.624571875 0.60990625 0.617709375 0.6124296874999999 0.6039859375 0.6414546875 0.5713890625 0.6818375 0.5542328125 0.6906718749999999 0.542225 0.6957187499999999 0.51820625 0.719696875 0.48217968750000006 0.7752234375 0.44443593750000004 0.8004625000000001 0.41355624999999996 0.8156062500000001 0.410125 0.828225 0.39983124999999997 0.8361468750000001 0.3890625 0.580540625 0.3890625 0.5770953125 0.39468437500000003 0.5947625000000001 0.422134375 0.5897140624999999 0.4495828125 0.5897140624999999 0.49418749999999995 0.5947625000000001 0.51820625 0.5922390625 0.5285 0.5707859375 0.5508031250000001 0.537975 0.5576640625 0.5127359375 0.5542328125 0.484971875 0.5370781250000001 0.4786625 0.52506875 0.4786625 0.4873265625 0.49380625 0.4736015625 0.49128125 0.46330781249999997 0.4975921875 0.45129843750000004 0.5076875000000001 0.45129843750000004 0.5114734375000001 0.4461515625 0.50895 0.4392890625 0.5215687499999999 0.41184062499999996 0.52324375 0.3890625 0.4655296875 0.3890625 0.46478125 0.3895375 0.455946875 0.401546875 0.455946875 0.41870312500000006 0.44837499999999997 0.4495828125 0.43323124999999996 0.47017031249999997 0.43575625 0.49075625
17 1 0.3890625 0.921025 0.3890625 0.922871875 0.4392890625 0.9518968750000001 0.45816093750000003 0.9645171875 0.45816093750000003 0.9695640624999999 0.4650234375 0.9821843749999999 0.4650234375 0.9897562499999999 0.4718859375 0.9985890625 0.47017031249999997 1 0.466665625 1 0.3890625
16 1 0.8939625 0.98849375 0.8716156249999999 0.9720890624999999 0.8493140625000001 0.9518968750000001 0.8321578125 0.9203484375000001 0.7858375 0.9127765625 0.751525 0.9153 0.74809375 0.8837515625 0.7154984375 0.8484171875 0.7017734375 0.8269624999999999 0.7446625 0.8193921874999999 0.778975 0.8168671875 0.8167171874999999 0.8092953125 0.8235796875 0.8092953125 0.8441671875000001 0.8193921874999999 0.8510296875 0.8168671875 0.8613234375 0.8092953125 0.8647546875 0.8143437499999999 0.8853406250000001 0.8092953125 0.888771875 0.8042484375000001 0.9368078125 0.8017234375 0.9471015625 0.7966765625 0.9505328125 0.9392781250000001 0.9453859375 0.9619921874999999 0.9556796875 0.9897562499999999 0.9522484375 0.994803125 0.9591109375 1 0.9591109375 1 0.8939625
13 0.779009375 0.655453125 0.7815328125 0.5902609375 0.7626031249999999 0.5645265625 0.7222203125 0.533646875 0.6793140625 0.5610953125 0.646503125 0.5713890625 0.6149546875 0.6074171875000001 0.5998109375 0.662315625 0.5897140624999999 0.7343703125000001 0.6023343750000001 0.778975 0.6124296874999999 0.8373046875 0.630096875 0.8475984375 0.630096875 0.8647546875 0.6364078125 0.87333125 0.654075 0.8801937499999999 0.704553125 0.9248 0.732315625 0.9350921874999999 0.761340625 0.9333765625 0.763865625 0.9127906250000001 0.7588171874999999 0.892203125 0.7739609375 0.8716156249999999 0.7815328125 0.8407359375000001 0.7992 0.8098546875 0.8017234375 0.78926875 0.8143437499999999 0.78240625 0.8269624999999999 0.7343703125000001 0.8269624999999999 0.7206453125000001 0.8219156249999999 0.6931953125 0.8080343750000001 0.6777562500000001 0.7979375 0.6846171875 0.792890625 0.6811859375 0.779009375 0.655453125