6 0.5976546875000001 0.2211984375 0.5888671875 0.1989484375 0.5244140625 0.1387390625 0.484375 0.1766984375 0.4794921875 0.204184375 0.44824062500000006 0.1937125 0.439453125 0.1845484375 0.45117031250000006 0.179315625 0.44629062499999994 0.0706765625 0.412109375 0.111253125 0.40625156249999994 0.16884375000000001 0.392578125 0.1740796875 0.359375 0.270934375 0.3242171875 0.2656984375 0.30859375 0.32590625 0.26953125 0.38349687499999996 0.2636703125 0.4201453125 0.219725 0.4136 0.2119140625 0.439778125 0.1494140625 0.4869 0.146484375 0.5012953125 0.20703125 0.6583578125 0.185546875 0.721184375 0.196290625 0.743434375 0.4228515625 0.9292953125000001 0.544921875 0.9829578124999999 0.580078125 0.8389828125 0.6103515625 0.7957921875 0.6337906249999999 0.7879375 0.6992171875000001 0.687153125 0.705078125 0.6662125 0.6972671874999999 0.653125 0.73046875 0.5772078125 0.74609375 0.4201453125 0.7812515624999999 0.417528125 0.7832015625000001 0.3677921875 0.7294921875 0.22512500000000002 0.6025390625 0.2408296875 0.5917984374999999 0.23428749999999998 0.5976546875000001 0.2211984375
17 0.56640625 0.4463234375 0.5917984374999999 0.5405625 0.6132828124999999 0.561503125 0.6552749999999999 0.5026046875 0.7080078125 0.4659546875 0.7207015625000001 0.417528125 0.703125 0.3311421875 0.6757828124999999 0.2552296875 0.6650390625 0.2408296875 0.6455078125 0.2329796875 0.6201171875 0.2329796875 0.6044921875 0.24344843749999998 0.5732406250000001 0.2382125 0.50390625 0.304965625 0.5234375 0.349465625 0.525390625 0.3756453125 0.56640625 0.4463234375
14 0.344725 0.5785171874999999 0.291015625 0.7499796875 0.2792984375 0.8049515625 0.3095703125 0.83505625 0.37890625 0.8782500000000001 0.39453125 0.8154234375 0.412109375 0.797096875 0.47265468750000006 0.6662125 0.42870937500000006 0.62825625 0.344725 0.5785171874999999
17 0.1757828125 0.571975 0.189453125 0.6217125 0.2080078125 0.6570484375000001 0.228515625 0.6662125 0.2636703125 0.6478890625 0.275390625 0.608621875 0.3046859375 0.5484125 0.30859375 0.5222359375 0.2812515625 0.44370468750000003 0.2705078125 0.429309375 0.2548828125 0.4188375 0.221678125 0.4136 0.2138671875 0.44239531249999997 0.20019375 0.44501406250000003 0.1494140625 0.4869 0.146484375 0.5012953125 0.166015625 0.5588859375 0.1757828125 0.571975
17 0.2832015625 0.44370468750000003 0.296875 0.48820781249999995 0.310546875 0.5143859375 0.3330078125 0.541871875 0.340821875 0.5444890625000001 0.3505859375 0.5654312499999999 0.357421875 0.564121875 0.3935546875 0.541871875 0.40234531249999994 0.5300906249999999 0.4140625 0.46202812499999996 0.4140625 0.43585 0.3984375 0.38873281249999997 0.37109375 0.36517343750000003 0.353515625 0.3337609375 0.349609375 0.3075828125 0.342775 0.30365625 0.3115234375 0.324596875 0.2851546875 0.35731875 0.267578125 0.38873281249999997 0.2636703125 0.417528125 0.2832015625 0.44370468750000003
17 0.3847671875 0.5588859375 0.42870937500000006 0.617784375 0.44531406249999994 0.6217125 0.455078125 0.5902984375 0.458984375 0.5588859375 0.46484531249999994 0.5510312500000001 0.47070156250000006 0.50653125 0.498046875 0.43061875 0.5117171875000001 0.40705625 0.5136703125000001 0.3861140625 0.5068374999999999 0.37956875 0.46972500000000006 0.3821875 0.439453125 0.4122921875 0.435546875 0.4567953125 0.4140625 0.48559062500000005 0.40234531249999994 0.5405625 0.3847671875 0.5588859375
17 0.5869140625 0.7827015625 0.62109375 0.7997156249999999 0.6875 0.7080968750000001 0.705078125 0.6662125 0.6259765625 0.594225 0.5927749999999999 0.552340625 0.5830078125 0.549721875 0.5527328125000001 0.61909375 0.5312515624999999 0.642653125 0.5390625 0.674065625 0.50390625 0.7368921875 0.5087906249999999 0.743434375 0.5302749999999999 0.7460515625 0.5478515625 0.764378125 0.5634765625 0.7617609375 0.5869140625 0.7827015625
17 0.412109375 0.9148953125 0.4599609375 0.9528546875 0.5185546875 0.965940625 0.5380859375 0.9842671875000001 0.544921875 0.9829578124999999 0.560546875 0.9279859374999999 0.56640625 0.8677781250000001 0.607421875 0.797096875 0.5712906249999999 0.7722296875 0.5439453125 0.766996875 0.5087906249999999 0.7460515625 0.48925937499999994 0.7146390625000001 0.4599609375 0.7067875 0.431640625 0.7552156250000001 0.419921875 0.7944828125 0.40625156249999994 0.8180421875 0.42578281249999994 0.831128125 0.43359375 0.8677781250000001 0.412109375 0.9148953125
17 0.3779296875 0.37171875 0.3994140625 0.38742343749999997 0.42968593750000006 0.38873281249999997 0.44726718749999994 0.3756453125 0.46484531249999994 0.3337609375 0.46679843749999994 0.304965625 0.4609375 0.28926093750000004 0.458984375 0.23690625 0.4765625 0.2081109375 0.4404296875 0.19109375 0.4169921875 0.1727703125 0.3955078125 0.170153125 0.359375 0.268315625 0.3613296875 0.284025 0.369140625 0.28926093750000004 0.3671859375 0.34685 0.3779296875 0.37171875
17 0.478515625 0.192403125 0.48046875 0.2081109375 0.46875156249999994 0.223815625 0.462890625 0.2395203125 0.46972500000000006 0.26439218750000004 0.4853515625 0.26439218750000004 0.5185546875 0.280096875 0.5234375 0.2787875 0.5380859375 0.27224375 0.5517593749999999 0.2513015625 0.5771484375 0.2329796875 0.5947250000000001 0.235596875 0.5976546875000001 0.2316703125 0.5917984374999999 0.202875 0.5810546875 0.1937125 0.5693374999999999 0.19109375 0.560546875 0.17146250000000002 0.5419921875 0.14659375 0.5283218749999999 0.1387390625 0.5107406250000001 0.14397500000000002 0.484375 0.1766984375 0.478515625 0.192403125
13 0.724609375 0.41490937499999997 0.7333984375 0.4188375 0.7451171875 0.4109828125 0.7548828125 0.4240734375 0.7773453124999999 0.42276406250000004 0.7851546875000001 0.40967343749999996 0.7851546875000001 0.3677921875 0.7773453124999999 0.3442328125 0.765625 0.3311421875 0.734375 0.22643437500000002 0.7294921875 0.22250625 0.7060546875 0.22512500000000002 0.6689453125 0.235596875 0.66796875 0.2395203125 0.6777328125000001 0.24999375000000001 0.681640625 0.268315625 0.7011703125000001 0.3154375 0.708984375 0.3599375 0.724609375 0.41490937499999997
13 0.728515625 0.5798265625 0.7421859375000001 0.4908234375 0.744140625 0.4463234375 0.748046875 0.42538125000000004 0.7451171875 0.4083640625 0.7402328125000001 0.4122921875 0.7363296874999999 0.42276406250000004 0.728515625 0.4594125 0.712890625 0.493440625 0.70703125 0.5143859375 0.705078125 0.5850625 0.7119140625 0.59684375 0.7207015625000001 0.598153125 0.728515625 0.5798265625
13 0.46679843749999994 0.5457953125 0.4736328125 0.5575765625 0.484375 0.564121875 0.48925937499999994 0.5575765625 0.5166015625 0.552340625 0.5791015625 0.5471046875 0.5859375 0.5379437499999999 0.580078125 0.493440625 0.560546875 0.44108749999999997 0.5390625 0.39920468750000004 0.5244140625 0.3821875 0.517578125 0.38349687499999996 0.5117171875000001 0.40705625 0.498046875 0.43061875 0.494140625 0.448940625 0.47265468750000006 0.5012953125 0.46679843749999994 0.5457953125
12 0.49609375 0.66359375 0.5048828125 0.6596671875 0.5136703125000001 0.6478890625 0.517578125 0.6347984375 0.515625 0.6138578125 0.5097671874999999 0.6007671875 0.5009765625 0.594225 0.4794921875 0.594225 0.4736328125 0.59684375 0.46484531249999994 0.608621875 0.4609375 0.6217125 0.462890625 0.6452703125 0.4775390625 0.662284375 0.4833984375 0.664903125 0.49609375 0.66359375