6 0 0 0 1 1 1 1 0 0 0
12 0.6484375 0.6386453125 0.6083984375 0.5873140625 0.5478515625 0.5682140625 0.4931640625 0.5753765625 0.4521484375 0.5992515625 0.4306640625 0.6255140625 0.4150390625 0.6183515625 0.3974609375 0.6183515625 0.3837890625 0.6255140625 0.373046875 0.64341875 0.373046875 0.66490625 0.380859375 0.6816187499999999 0.39453125 0.69594375 0.38671875 0.7389171875 0.388671875 0.7818921875 0.3984375 0.820090625 0.416015625 0.8582906250000001 0.4404296875 0.8881343749999999 0.4638671875 0.892909375 0.5048828125 0.9263328124999999 0.55078125 0.9275265625 0.5751953125 0.9215578125 0.6064453125 0.9048453125 0.6435546875 0.866646875 0.6591796875 0.8738093750000001 0.6708984375 0.871421875 0.6845703125 0.8642593749999999 0.689453125 0.853515625 0.6875 0.822478125 0.671875 0.8009921875 0.677734375 0.7580171874999999 0.671875 0.69116875 0.6484375 0.6386453125
16 0.525390625 0.2662015625 0.529296875 0.299625 0.513671875 0.3354375 0.51171875 0.3617 0.548828125 0.5431468749999999 0.548828125 0.5622453125 0.5595703125 0.5706015625 0.6064453125 0.5849265625 0.625 0.6004453125 0.6328125 0.5956703125 0.634765625 0.5861203125000001 0.634765625 0.547921875 0.619140625 0.493009375 0.615234375 0.4309359375 0.595703125 0.3402125 0.576171875 0.2972390625 0.5625 0.2829140625 0.560546875 0.26142656249999996 0.5556640625 0.2554578125 0.5341796875 0.2578453125 0.525390625 0.2662015625
16 0.4072265625 0.23397031250000003 0.3779296875 0.2291953125 0.3564453125 0.23158281249999998 0.337890625 0.2494890625 0.33203125 0.2662015625 0.33203125 0.2853015625 0.3359375 0.3044 0.3486328125 0.31991875 0.3798828125 0.33424375 0.4208984375 0.33424375 0.4541015625 0.35095624999999997 0.5 0.3545375 0.509765625 0.34976250000000003 0.515625 0.3235 0.52734375 0.299625 0.5263671875 0.2912703125 0.5205078125 0.2936578125 0.509765625 0.2829140625 0.515625 0.2685890625 0.5107421875 0.2554578125 0.4814453125 0.24829531249999998 0.4658203125 0.23635781250000001 0.4287109375 0.2459078125 0.4072265625 0.23397031250000003
16 0.595703125 0.2829140625 0.58203125 0.2900765625 0.58203125 0.3020125 0.59375 0.3258875 0.599609375 0.356925 0.6103515625 0.36766875 0.6787109375 0.37721875 0.7509765625 0.37244375 0.7919921875 0.38199375 0.857421875 0.38079999999999997 0.876953125 0.366475 0.884765625 0.3426 0.88671875 0.2948515625 0.8759765625 0.2745578125 0.7880859375 0.2697828125 0.7333984375 0.2769453125 0.6962890625 0.26739531250000004 0.6357421875 0.2650078125 0.6064453125 0.2697828125 0.6025390625 0.2769453125 0.5947265625 0.2745578125 0.595703125 0.2829140625
16 0.5478515625 0.193384375 0.5283203125 0.210096875 0.517578125 0.2256140625 0.515625 0.2351640625 0.517578125 0.2542640625 0.5244140625 0.2626203125 0.5283203125 0.2626203125 0.5341796875 0.2578453125 0.5517578125 0.2530703125 0.560546875 0.26142656249999996 0.560546875 0.2709765625 0.5634765625 0.27933281249999997 0.5712890625 0.2841078125 0.578125 0.2829140625 0.5869140625 0.2697828125 0.6005859375 0.2697828125 0.60546875 0.2638140625 0.607421875 0.2590390625 0.607421875 0.23038906250000002 0.60546875 0.2232265625 0.6015625 0.21367656249999997 0.5888671875 0.198159375 0.5810546875 0.193384375 0.5751953125 0.190996875 0.5537109375 0.190996875 0.5478515625 0.193384375
16 0.779296875 0.4595859375 0.7373046875 0.4201921875 0.6611328125 0.37721875 0.6064453125 0.37005625000000003 0.60546875 0.3855734375 0.619140625 0.45719843750000005 0.6962890625 0.525240625 0.7275390625 0.541953125 0.744140625 0.540759375 0.77734375 0.490621875 0.779296875 0.4595859375
16 0.9072265625 0.532403125 0.8857421875 0.541953125 0.8173828125 0.5968640625 0.7822265625 0.6183515625 0.70703125 0.70071875 0.693359375 0.7317546875 0.6953125 0.7604046875 0.7275390625 0.8093484375 0.7431640625 0.8188968750000001 0.759765625 0.820090625 0.8291015625 0.7735359374999999 0.8505859375 0.7401109375 0.8837890625 0.7162375 0.94140625 0.65296875 0.958984375 0.6219328125 0.966796875 0.5765703125 0.984375 0.5550828125 0.984375 0.540759375 0.9736328125 0.525240625 0.9638671875 0.5228531249999999 0.9443359375 0.539565625 0.9072265625 0.532403125
20 0.0478515625 0.4464546875 0.0166015625 0.43212968749999997 0.0087890625 0.43212968749999997 0 0.44526093749999995 0.001953125 0.6004453125 0.03125 0.533596875 0.052734375 0.4667484375 0.052734375 0.45242343749999997 0.0478515625 0.4464546875
12 1 0.0752046875 0.9208984375 0.0549109375 0.9111328125 0.0572984375 0.896484375 0.1277296875 0.8984375 0.146828125 0.9150390625 0.159959375 0.9775390625 0.171896875 1 0.170703125 1 0.0752046875
12 0.9365234375 0.193384375 0.9130859375 0.20054687499999999 0.90234375 0.211290625 0.9111328125 0.2268078125 0.955078125 0.22800156249999998 0.9990234375 0.2220328125 1 0.180253125 0.9482421875 0.174284375 0.9365234375 0.193384375