6 0.1904640625 0.3886953125 0.300659375 0.3872578125 0.3016421875 0.41829687499999996 0.3341125 0.45061249999999997 0.4049515625 0.438725 0.4364375 0.401621875 0.48956718749999995 0.38015781249999997 0.5249890625 0.4553984375 0.5712328125 0.48236718749999996 0.5830375 0.37951875 0.54565 0.30714687500000004 0.54565 0.23333906249999997 0.530890625 0.207646875 0.4600515625 0.20182187499999998 0.4521796875 0.17493281249999998 0.44824374999999994 0.219059375 0.41085625 0.22344375 0.4049515625 0.1936828125 0.2357234375 0.1218703125 0.1835765625 0.2038984375 0.22883593750000003 0.2588734375 0.21014218750000002 0.2654984375 0.1914484375 0.29869218750000004 0.1835765625 0.3456078125 0.1904640625 0.3886953125
13 0.2898375 0.27020468750000004 0.3341125 0.23214375 0.363628125 0.23038750000000002 0.3774046875 0.2368515625 0.38330625 0.2282328125 0.38920937499999997 0.2343765625 0.400034375 0.22448125000000002 0.407903125 0.2011828125 0.4029859375 0.19360312500000001 0.28885312500000004 0.135834375 0.2357234375 0.1218703125 0.2189953125 0.140384375 0.1875125 0.20110625 0.1894796875 0.21299218749999999 0.23768906250000002 0.2518515625 0.2750796875 0.2710828125 0.2898375 0.27020468750000004
13 0.22883593750000003 0.388775 0.23768906250000002 0.3876578125 0.24260937500000002 0.3775234375 0.24260937500000002 0.36866875 0.240640625 0.362684375 0.22883593750000003 0.3474421875 0.22293124999999997 0.32063281250000003 0.21604375 0.31001875 0.2042375 0.3036390625 0.1914484375 0.31935625 0.1894796875 0.339940625 0.18554375 0.3515921875 0.18554375 0.3781625 0.1904640625 0.38574375 0.20030156250000003 0.3861421875 0.2022703125 0.389175 0.22883593750000003 0.388775
13 0.24162499999999998 0.3553421875 0.2475296875 0.35853437499999996 0.2544171875 0.3573375 0.2731109375 0.3448078125 0.277046875 0.3449671875 0.2849171875 0.3364328125 0.28885312500000004 0.33659218750000003 0.295740625 0.323584375 0.2918046875 0.3057125 0.281965625 0.2846453125 0.27114375 0.2709234375 0.261303125 0.26461875 0.25146562499999997 0.2701265625 0.23375625000000003 0.2723609375 0.22490000000000002 0.28823750000000004 0.22490000000000002 0.32366562499999996 0.22883593750000003 0.3326828125 0.22883593750000003 0.3415375 0.24162499999999998 0.3553421875
13 0.299675 0.28831562499999996 0.305578125 0.2974140625 0.307546875 0.3063515625 0.31541874999999997 0.3066703125 0.3223046875 0.29956875 0.3400171875 0.3032390625 0.3419828125 0.306271875 0.3675640625 0.3073078125 0.37346875 0.3045953125 0.3882265625 0.2860015625 0.3921625 0.2714015625 0.3921625 0.259590625 0.3774046875 0.24275625 0.35969531250000003 0.23318124999999998 0.34395 0.2325421875 0.3419828125 0.235415625 0.3223046875 0.240521875 0.316403125 0.2461890625 0.297709375 0.27642968749999997 0.299675 0.28831562499999996
13 0.47185625 0.24953906250000002 0.4679203125 0.2434734375 0.4669390625 0.250815625 0.472840625 0.25695625 0.474809375 0.2718 0.472840625 0.2835296875 0.45709999999999995 0.3124140625 0.45709999999999995 0.3301265625 0.464971875 0.3481578125 0.463003125 0.35103125 0.4797296875 0.37680625 0.49251875 0.38175 0.5249890625 0.4553984375 0.5446671875 0.46800781249999995 0.556471875 0.48324531249999997 0.5692640625000001 0.4822875 0.577134375 0.4708 0.5712328125 0.4380859375 0.5791015625 0.4177359375 0.5830375 0.39132500000000003 0.5791015625 0.3645953125 0.55745625 0.3253375 0.54565 0.3130515625 0.5436828125 0.298209375 0.53679375 0.28759999999999997 0.528925 0.28137500000000004 0.5053109375 0.2833703125 0.5043265625 0.27890156250000003 0.5141640625 0.2704421875 0.49940625 0.2536078125 0.49153437499999997 0.247384375 0.47185625 0.24953906250000002
13 0.40888749999999996 0.335553125 0.418728125 0.34185781249999997 0.42856562499999995 0.3540640625 0.4590671875 0.3538234375 0.4610359375 0.34504999999999997 0.45513125 0.32709375 0.4511953125 0.3210296875 0.44725937499999996 0.3061109375 0.444309375 0.3045140625 0.4364375 0.28943281249999997 0.42856562499999995 0.2891125 0.41479218749999996 0.2797 0.4049515625 0.2615859375 0.40101875 0.26142656249999996 0.3941296875 0.27148125 0.39019375 0.28608125 0.38232499999999997 0.30052500000000004 0.3872421875 0.311059375 0.39905 0.3174390625 0.40888749999999996 0.335553125
13 0.42463125 0.2860015625 0.43840625 0.2895125 0.45021093749999996 0.304753125 0.45513125 0.3034765625 0.4679203125 0.2936609375 0.474809375 0.283609375 0.474809375 0.2481828125 0.4679203125 0.23756875000000002 0.44824374999999994 0.2220078125 0.4403734375 0.2216890625 0.4305328125 0.2271953125 0.40888749999999996 0.2263171875 0.40101875 0.23190312500000002 0.3951140625 0.2316640625 0.3921625 0.2359734375 0.3921625 0.2536859375 0.3951140625 0.258234375 0.4029859375 0.258553125 0.416759375 0.2797796875 0.42463125 0.2860015625
13 0.34788593749999996 0.3507921875 0.3557578125 0.3511109375 0.3715 0.36060781249999996 0.379371875 0.3609265625 0.39117812500000004 0.3673109375 0.4039703125 0.366353125 0.4216796875 0.3523078125 0.40101875 0.320471875 0.3931453125 0.314246875 0.3872421875 0.3140078125 0.3852734375 0.3109796875 0.363628125 0.3101015625 0.3616625 0.30706875 0.3380484375 0.3061109375 0.33608125 0.30307968750000003 0.3203359375 0.302440625 0.3173875 0.30674999999999997 0.3232890625 0.3247015625 0.32525624999999997 0.34249375 0.3341125 0.3561390625 0.3419828125 0.3564578125 0.34788593749999996 0.3507921875
13 0.36264375000000004 0.43848281250000004 0.4029859375 0.4386453125 0.40888749999999996 0.43593281250000004 0.4197125 0.423084375 0.41774374999999997 0.40824531249999996 0.40692031249999994 0.3856609375 0.39117812500000004 0.3702640625 0.379371875 0.369784375 0.3675640625 0.3781609375 0.351821875 0.383428125 0.34591875 0.38909375 0.342965625 0.3963546875 0.342965625 0.4140671875 0.3488703125 0.4231640625 0.351821875 0.436571875 0.3557578125 0.43967968749999997 0.36264375000000004 0.43848281250000004
13 0.40888749999999996 0.43593281250000004 0.41774374999999997 0.42890937500000004 0.4197125 0.4171796875 0.409871875 0.390209375 0.39117812500000004 0.3702640625 0.3774046875 0.36970468749999996 0.34788593749999996 0.3862203125 0.3104984375 0.3876578125 0.307546875 0.39196718750000004 0.307546875 0.409678125 0.3114828125 0.43050625 0.3223046875 0.45013437500000003 0.33509687499999996 0.44917656250000004 0.34788593749999996 0.43936093749999994 0.40888749999999996 0.43593281250000004
13 0.47579374999999996 0.2467453125 0.49153437499999997 0.247384375 0.5112125 0.26589375 0.5161328125 0.26461718749999996 0.52006875 0.2529703125 0.5181 0.2351734375 0.5131812499999999 0.2275921875 0.50924375 0.22743281249999997 0.5062953125 0.2228890625 0.5023593749999999 0.213871875 0.5023593749999999 0.20796562500000002 0.4954703125 0.19735156250000002 0.4777609375 0.196634375 0.46988906249999995 0.2022203125 0.46201875000000003 0.20190156250000002 0.4511953125 0.21475 0.4511953125 0.2206546875 0.45611562499999997 0.22823125000000002 0.46595624999999996 0.2345359375 0.47579374999999996 0.2467453125