6 0 0 0 0.6296875 0.459375 0.6296875 0.459375 0 0 0
16 0.09839375 0.60533125 0.1084640625 0.6296875 0.1368953125 0.6296875 0.1726859375 0.60533125 0.1599171875 0.5862140625000001 0.113484375 0.5618828125 0.0902671875 0.53755 0.0751765625 0.5775234375 0.09839375 0.60533125
16 0.376990625 0.2994515625 0.41413593750000005 0.22298125 0.3990453125 0.19343593750000002 0.38511562499999996 0.1969125 0.346809375 0.2612171875 0.3444875 0.28554843750000003 0.350290625 0.29423750000000004 0.376990625 0.2994515625
16 0.000840625 0 0 0.0032718749999999996 0 0.0329109375 0.00320625 0.0457109375 0.0426734375 0.08742187500000001 0.0496390625 0.0457109375 0.0322265625 0.0092140625 0.012225 0 0.000840625 0
13 0.12982812500000002 0 0.1355390625 0.0213796875 0.128575 0.063090625 0.1529515625 0.07873125 0.1773296875 0.07699375 0.1982234375 0.063090625 0.186615625 0.0005234375 0.18638593750000002 0 0.12982812500000002 0
13 0.36886406250000003 0.474984375 0.3874375 0.47846093749999996 0.41181406249999997 0.46629531249999995 0.40020625 0.389825 0.3735078125 0.304665625 0.3340390625 0.2872859375 0.299215625 0.2907625 0.2701953125 0.33073437499999997 0.2701953125 0.3585421875 0.25858593750000003 0.389825 0.26322968750000003 0.43848750000000003 0.3085015625 0.49584062500000003 0.33984375 0.497578125 0.36886406250000003 0.474984375
13 0.3396203125 0 0.34796875 0.019642187499999998 0.3874375 0.02659375 0.3955625 0.038759375 0.3955625 0.07351875 0.4036890625 0.08568437500000001 0.4164578125 0.08394531250000001 0.459375 0.058243750000000004 0.459375 0 0.3396203125 0
16 0.3282359375 0.546240625 0.34796875 0.5792609375 0.402528125 0.5844750000000001 0.412975 0.5062671875 0.3758296875 0.4923640625 0.350290625 0.4923640625 0.3352 0.5045296875 0.337521875 0.525384375 0.3282359375 0.546240625
13 0.23243593749999997 0 0.2330484375 0.0005234375 0.21911874999999997 0.010951562500000001 0.20286718750000002 0.0561390625 0.2237625 0.07351875 0.2260828125 0.09785 0.25858593750000003 0.059614062499999995 0.28133906249999996 0 0.23243593749999997 0
16 0.39788437499999996 0.08394531250000001 0.3665421875 0.0474484375 0.32010937500000003 0.054400000000000004 0.29689375 0.02659375 0.2829640625 0.030068749999999998 0.27483749999999996 0.0491875 0.277159375 0.07699375 0.3038578125 0.1065390625 0.3189484375 0.10480156249999999 0.350290625 0.08568437500000001 0.3874375 0.10306249999999999 0.39788437499999996 0.08394531250000001
13 0.459375 0.3359375 0.459375 0.2577453125 0.445478125 0.259478125 0.41181406249999997 0.2890234375 0.41181406249999997 0.3237828125 0.43270937500000006 0.3376859375 0.4385140625 0.32899687499999997 0.459375 0.3359375
13 0.459375 0.2092921875 0.44315625000000003 0.21429218749999998 0.42110156249999997 0.2507890625 0.4187796875 0.27164375 0.42574375 0.27164375 0.459375 0.2525453125 0.459375 0.2092921875
6 0.9261203124999999 0 0.9261203124999999 0.0005171875000000001 0.9311562500000001 0.0028359375 0.9311562500000001 0.0097890625 0.9361921875 0.012107812499999999 0.9361921875 0.0144265625 0.9261203124999999 0.0190625 0.9261203124999999 0.021381249999999997 0.9210843750000001 0.0236984375 0.9210843750000001 0.028335937500000002 0.908496875 0.03413125 0.8631765625 0.03413125 0.8581406250000001 0.0364484375 0.827928125 0.0364484375 0.8228921874999999 0.0387671875 0.8128203125000001 0.0387671875 0.8077859374999999 0.0410859375 0.80275 0.0410859375 0.7851250000000001 0.0491984375 0.7851250000000001 0.0538359375 0.7901609374999999 0.056153125000000005 0.7901609374999999 0.060789062500000005 0.795196875 0.0631078125 0.795196875 0.0654265625 0.8052671874999999 0.0700625 0.8103031250000001 0.0770171875 0.81785625 0.0781765625 0.8254093749999999 0.08165312500000001 0.8254093749999999 0.083971875 0.8052671874999999 0.10019843749999999 0.8052671874999999 0.1048359375 0.795196875 0.11178906250000001 0.795196875 0.11642656250000001 0.7851250000000001 0.1210625 0.7851250000000001 0.12338125 0.7750546875000001 0.1280171875 0.7750546875000001 0.1303359375 0.7649828125 0.13497187500000002 0.7649828125 0.1372890625 0.7498765625 0.14424375 0.7498765625 0.14656249999999998 0.7297343749999999 0.158153125 0.7297343749999999 0.16047187499999999 0.7146281250000001 0.1720625 0.7146281250000001 0.1766984375 0.70455625 0.18133593750000002 0.70455625 0.185971875 0.6995218750000001 0.1882890625 0.6995218750000001 0.19988125 0.70455625 0.20219843750000002 0.70455625 0.21147187500000003 0.7272171875 0.22422187500000001 0.75239375 0.22885781249999998 0.7750546875000001 0.2392890625 0.7750546875000001 0.2439265625 0.7800906249999999 0.24624375 0.7800906249999999 0.25088125 0.7901609374999999 0.2555171875 0.7901609374999999 0.2578359375 0.7977140625 0.2613125 0.8052671874999999 0.262471875 0.8052671874999999 0.26942656249999997 0.8077859374999999 0.27058593750000004 0.8128203125000001 0.27058593750000004 0.8228921874999999 0.26594843749999997 0.8329625 0.26594843749999997 0.843034375 0.2613125 0.8581406250000001 0.2613125 0.8631765625 0.25899375 0.8782828125 0.25899375 0.8833187499999999 0.2566765625 0.8984249999999999 0.2566765625 0.9034609375 0.2543578125 0.9588515624999999 0.2543578125 0.9638875 0.2520390625 0.9789937500000001 0.2520390625 0.9941000000000001 0.247403125 1 0.247403125 1 0.0056500000000000005 0.99018125 0 0.9734937499999999 0 0.971440625 0.0028359375 0.9638875 0.0063125 0.9613687499999999 0.005153125 0.9613687499999999 0.0005171875000000001 0.9602468749999999 0 0.9261203124999999 0
12 0.4603328125 0.1685859375 0.459375 0.1690265625 0.459375 0.191425 0.4678859375 0.1882890625 0.4678859375 0.185971875 0.47292187500000005 0.183653125 0.47292187500000005 0.1720625 0.46536875 0.1685859375 0.4603328125 0.1685859375
12 1 0.013664062499999999 0.99661875 0.012107812499999999 0.99661875 0.007471875 0.989065625 0.00399375 0.9739578124999999 0.00399375 0.971440625 0.005153125 0.971440625 0.012107812499999999 0.9588515624999999 0.017903125 0.94878125 0.017903125 0.9437453124999999 0.020221875 0.938709375 0.020221875 0.908496875 0.0364484375 0.8531046874999999 0.0364484375 0.8480703125 0.0387671875 0.81785625 0.0387671875 0.7901609374999999 0.04688125 0.7901609374999999 0.0538359375 0.8002312500000001 0.05847187499999999 0.8002312500000001 0.0631078125 0.8103031250000001 0.06774375 0.8103031250000001 0.0700625 0.8228921874999999 0.0758578125 0.8379984374999999 0.0758578125 0.8405156249999999 0.0793359375 0.827928125 0.08513125 0.8203734375 0.0862890625 0.8203734375 0.0909265625 0.8052671874999999 0.10251718750000001 0.8052671874999999 0.107153125 0.8002312500000001 0.109471875 0.8002312500000001 0.11410781249999999 0.7901609374999999 0.11874375 0.7901609374999999 0.1210625 0.7800906249999999 0.1256984375 0.7800906249999999 0.1280171875 0.7649828125 0.13497187500000002 0.7599484375000001 0.1419265625 0.73980625 0.1511984375 0.73980625 0.1535171875 0.7347703125 0.1558359375 0.7347703125 0.158153125 0.7297343749999999 0.16047187499999999 0.7297343749999999 0.1627890625 0.7246984375000001 0.1651078125 0.7246984375000001 0.16742656250000001 0.6995218750000001 0.1882890625 0.6995218750000001 0.20219843750000002 0.70455625 0.20451718749999998 0.70455625 0.209153125 0.7322515625 0.22422187500000001 0.7372875 0.22422187500000001 0.747359375 0.22885781249999998 0.75239375 0.22885781249999998 0.7750546875000001 0.2392890625 0.7750546875000001 0.2416078125 0.7800906249999999 0.2439265625 0.7800906249999999 0.24856250000000002 0.795196875 0.2555171875 0.795196875 0.2578359375 0.80275 0.2613125 0.8480703125 0.2613125 0.8505874999999999 0.260153125 0.8531046874999999 0.25899375 0.8631765625 0.25899375 0.8682124999999999 0.2566765625 0.8782828125 0.2566765625 0.8833187499999999 0.2543578125 0.8984249999999999 0.2543578125 0.9034609375 0.2520390625 0.908496875 0.2543578125 0.9538156250000001 0.2543578125 0.9588515624999999 0.2520390625 0.9789937500000001 0.2520390625 0.9840296875 0.249721875 0.9991359375 0.247403125 1 0.24700625 1 0.013664062499999999
13 1 0.258596875 0.9991359375 0.25899375 0.9941000000000001 0.25899375 0.9840296875 0.26363125 0.9789937500000001 0.26363125 0.9664046875000001 0.26942656249999997 0.9664046875000001 0.2810171875 0.971440625 0.2833359375 0.971440625 0.285653125 0.9638875 0.28913125 0.9538156250000001 0.28913125 0.938709375 0.29376718749999997 0.9336734375000001 0.2914484375 0.9286390625 0.2914484375 0.9135312499999999 0.28449375 0.8933890625 0.28449375 0.8883546875 0.2868125 0.8833187499999999 0.2868125 0.8782828125 0.28449375 0.8707296875000001 0.2949265625 0.8405156249999999 0.3088359375 0.8405156249999999 0.31115312500000003 0.8254093749999999 0.3181078125 0.8254093749999999 0.32274375 0.8228921874999999 0.323903125 0.792678125 0.323903125 0.78764375 0.3215859375 0.7675015625 0.3215859375 0.762465625 0.3192671875 0.7574296875 0.3192671875 0.75239375 0.3215859375 0.7423234375 0.3215859375 0.7297343749999999 0.32738125 0.7297343749999999 0.3343359375 0.7372875 0.33781249999999996 0.7423234375 0.33781249999999996 0.747359375 0.34013125 0.777571875 0.34013125 0.7851250000000001 0.3436078125 0.7851250000000001 0.3459265625 0.80275 0.351721875 0.8103031250000001 0.34824375 0.8103031250000001 0.3436078125 0.8153390625 0.3412890625 0.8153390625 0.33897187500000003 0.8329625 0.3285390625 0.8379984374999999 0.3285390625 0.843034375 0.3308578125 0.8682124999999999 0.33549375000000003 0.8883546875 0.3447671875 0.9135312499999999 0.3447671875 0.9185671875000001 0.3424484375 0.923603125 0.3424484375 0.9286390625 0.3447671875 0.938709375 0.3447671875 0.9437453124999999 0.3470859375 0.9538156250000001 0.3470859375 0.9664046875000001 0.3412890625 0.9613687499999999 0.33897187500000003 0.9613687499999999 0.33201718750000003 0.9512984375 0.3250625 0.9538156250000001 0.3215859375 0.9588515624999999 0.3215859375 0.9638875 0.3192671875 0.9689234375 0.3192671875 0.9789937500000001 0.323903125 0.9991359375 0.323903125 1 0.32350625 1 0.258596875
6 0.3804796875 1 0.380021875 0.9635109375 0.28601875 0.8554281250000001 0.2265734375 0.8242484375 0.2321046875 0.7598140625 0.22991250000000002 0.6296875 0 0.6296875 0 1 0.3804796875 1
6 1 0.6296875 0.6405515625 0.6296875 0.614453125 0.6770343750000001 0.71531875 0.804378125 0.8414125 0.857965625 0.9954062499999999 0.8520109375 1 0.8501953125 1 0.6296875