6 0 0 0 0.2667453125 0.0878796875 0.5637078125 0.23087343749999997 0.66875 0.5913296875 0.66875 0.6 0.6655562500000001 0.6 0 0 0
6 1 0.1111109375 0.997815625 0.10941562499999999 0.958065625 0.0959078125 0.9381906250000001 0.07565 0.9208000000000001 0.068896875 0.9108609375000001 0.07227343750000001 0.8686265625 0.068896875 0.8313609375000001 0.082403125 0.8114859375 0.082403125 0.786640625 0.05876875 0.7717359375 0.05876875 0.75434375 0.07565 0.7394375 0.0992859375 0.72453125 0.10603906249999999 0.7208046875 0.12123124999999998 0.687265625 0.1533078125 0.672359375 0.18369531249999999 0.66490625 0.18031875 0.647515625 0.18369531249999999 0.6239140625 0.2259 0.606521875 0.23940625 0.6003109375 0.26135312499999996 0.6 0.2612828125 0.6 0.3899578125 0.6003109375 0.38965625 0.60900625 0.39809843749999996 0.6040375 0.41835625 0.6127328125 0.423421875 0.61894375 0.4386140625 0.61894375 0.46562656249999995 0.65496875 0.49432656250000007 0.6611796875 0.502765625 0.6636640625 0.529778125 0.6810546875 0.53990625 0.6909921875 0.607434375 0.6885078124999999 0.6141890625 0.6934765625 0.6648343750000001 0.6963578125 0.66875 0.7086890625 0.66875 0.7058984374999999 0.617565625 0.7009296875000001 0.6108109374999999 0.6972031249999999 0.517959375 0.7096250000000001 0.517959375 0.722046875 0.5280890625 0.786640625 0.5348437500000001 0.8214234375 0.5280890625 0.8562046875 0.5280890625 0.8810499999999999 0.517959375 0.89595625 0.517959375 0.9108609375000001 0.50783125 0.958065625 0.49095000000000005 0.9766984375 0.4757546875 0.9766984375 0.45549687499999997 1 0.42382968749999994 1 0.1111109375
13 1 0.11143906249999999 0.992846875 0.10603906249999999 0.95558125 0.09253125 0.9257687499999999 0.068896875 0.9058921874999999 0.07227343750000001 0.8636578125 0.068896875 0.8313609375000001 0.082403125 0.8114859375 0.082403125 0.7891250000000001 0.05876875 0.7742203125 0.0553921875 0.6810546875 0.16850156249999998 0.6611796875 0.22252343749999998 0.6611796875 0.232653125 0.651240625 0.2529125 0.652484375 0.2883640625 0.6599375000000001 0.2883640625 0.66490625 0.2951171875 0.6773265625 0.291740625 0.68975 0.274859375 0.707140625 0.2647296875 0.7108671875 0.2529125 0.727015625 0.230965625 0.736953125 0.23434218750000002 0.7655234375 0.2832984375 0.7717359375 0.291740625 0.7791890625 0.291740625 0.791609375 0.3153765625 0.7990625 0.318753125 0.8139703125000001 0.3390109375 0.8512359375 0.35926874999999997 0.8574468749999999 0.37446250000000003 0.8549625000000001 0.38796875000000003 0.8586890625000001 0.396409375 0.8860187500000001 0.4166671875 0.9034078125 0.42004374999999994 0.9108609375000001 0.43692656249999995 0.928253125 0.43692656249999995 0.948128125 0.4504328125 0.9791828125 0.45549687499999997 1 0.4254921875 1 0.11143906249999999
13 0.717078125 0.49432656250000007 0.7096250000000001 0.49432656250000007 0.70465625 0.484196875 0.7009296875000001 0.50614375 0.707140625 0.514584375 0.7208046875 0.5196484375 0.7257734375 0.50614375 0.717078125 0.49432656250000007
13 0.928253125 0.49432656250000007 0.9332218749999999 0.49770156249999997 0.9605499999999999 0.48757343750000004 0.9766984375 0.4723796875 0.9766984375 0.46224999999999994 0.972971875 0.45718437500000003 0.9431593749999999 0.4504328125 0.9307375 0.44030312499999996 0.9208000000000001 0.44030312499999996 0.9021671874999999 0.4757546875 0.8947125 0.4993890625 0.87980625 0.512896875 0.8996828125 0.512896875 0.9183140625 0.50783125 0.928253125 0.49432656250000007
13 0.7307421875 0.48588437500000003 0.749375 0.5280890625 0.7928531249999999 0.529778125 0.7928531249999999 0.5162718749999999 0.78043125 0.4960140625 0.7854 0.48588437500000003 0.7854 0.4723796875 0.7593125 0.43355 0.7332265625 0.46224999999999994 0.7307421875 0.48588437500000003
13 0.6636640625 0.48588437500000003 0.6760859375 0.4757546875 0.6760859375 0.45549687499999997 0.6711171874999999 0.43523750000000005 0.647515625 0.409915625 0.6350921875 0.4031625 0.6127328125 0.4031625 0.611490625 0.41835625 0.6214296874999999 0.441990625 0.61894375 0.45549687499999997 0.6239140625 0.46562656249999995 0.6375765624999999 0.484196875 0.65 0.48757343750000004 0.657453125 0.49770156249999997 0.6611796875 0.4960140625 0.6636640625 0.48588437500000003
6 0.6 1 0.6 0.988146875 0.56566875 0.9491859375 0.544446875 0.9507843749999999 0.6 0.9104374999999999 0.6 0.796346875 0.493271875 0.6744578125 0.44570156250000004 0.66875 0.4098796875 0.66875 0.3584671875 0.7255671875 0.24450625 0.66875 0.0856296875 0.66875 0.0189609375 0.738346875 0 0.7343031250000001 0 1 0.6 1
3 0.266375 1 0.3185265625 0.942796875 0.3322546875 0.9188390625 0.31977500000000003 0.8517546875 0.41838125000000004 0.811821875 0.43460937499999996 0.7878640625 0.429615625 0.7623046875 0.243759375 0.66875 0.0882890625 0.66875 0.0189609375 0.7415421875 0 0.7352125 0 1 0.266375 1
13 0.5209374999999999 1 0.5095 0.9188390625 0.4895296875 0.8293890625 0.4708046875 0.8022375 0.3934171875 0.8182124999999999 0.322271875 0.8549484375 0.32476875 0.8868937499999999 0.347234375 0.922034375 0.349265625 1 0.5209374999999999 1
13 0.44334375000000004 0.795846875 0.4658109375 0.792653125 0.47954375000000005 0.8070296875 0.4895296875 0.8261953125 0.51449375 0.9603640625000001 0.5219796875 0.9667546874999999 0.570659375 0.9204359375 0.6 0.9041421875 0.6 0.791259375 0.5881359374999999 0.7702921875000001 0.538209375 0.7191828124999999 0.518234375 0.7127921875000001 0.498265625 0.677653125 0.4443546875 0.66875 0.40876093750000003 0.66875 0.4009078125 0.6712625 0.38218593749999996 0.692025 0.3697015625 0.7239703125 0.4258703125 0.7479328125 0.4396 0.7718890625 0.44334375000000004 0.795846875
6 1 0.9048046875000001 0.990075 0.9003828125 0.965265625 0.8979015625000001 0.915646875 0.9251984375 0.9103312499999999 0.9165125 0.9245078124999999 0.8842531250000001 0.8979265625 0.8631593750000001 0.8872937500000001 0.860678125 0.8802046875 0.8631593750000001 0.8341312500000001 0.8581953125 0.7916000000000001 0.860678125 0.756159375 0.8780484375000001 0.7490703125 0.8780484375000001 0.7384375000000001 0.8681218749999999 0.7242609375 0.8631593750000001 0.7189453125 0.8644000000000001 0.7154 0.8743265625 0.7065406249999999 0.8805296874999999 0.68881875 0.8730859375 0.6498328124999999 0.8730859375 0.6002140625 0.9053453125 0.6 0.9053453125 0.6 0.9951171875 0.603759375 0.9971640624999999 0.6179359375 0.9971640624999999 0.6204671875 1 1 1 1 0.9048046875000001
13 0.7477343750000001 1 0.7685640625 0.978553125 0.7791953125 0.9413281250000001 0.7791953125 0.9165125 0.7543859375 0.8991421875000001 0.7455265625 0.88549375 0.740209375 0.8991421875000001 0.7437546875 0.9165125 0.73489375 0.917753125 0.7154 0.9016234375 0.7224890625 0.894178125 0.7207171875 0.8830125000000001 0.6923640625 0.8730859375 0.664009375 0.870603125 0.6462890625 0.8730859375 0.6002140625 0.9053453125 0.6 0.9054109374999999 0.6 0.9633625 0.61261875 0.9810343749999999 0.6161640625 0.9959234374999999 0.619075 1 0.7477343750000001 1
13 1 0.9055453124999999 0.9758984375 0.8954203125 0.9581765624999999 0.9003828125 0.9209625000000001 0.9214765625 0.8713453124999999 0.9760703124999999 0.8607125 0.9959234374999999 0.8607125 1 1 1 1 0.9055453124999999
13 0.8577109374999999 1 0.8678000000000001 0.9835156250000001 0.8678000000000001 0.9735890625 0.8926093749999999 0.9512546875 0.9245078124999999 0.894178125 0.9209625000000001 0.8768078125000001 0.8872937500000001 0.860678125 0.8234984375 0.8581953125 0.8004609374999999 0.8668812499999999 0.789828125 0.9041046875 0.7862843749999999 0.938846875 0.7756515625 0.9636625000000001 0.7756515625 0.978553125 0.7508421875 0.9959234374999999 0.7485140625 1 0.8577109374999999 1