6 0.0263765625 0 0.0136109375 0.019082812499999997 0.011476562499999999 0.060571875 0.018948437500000002 0.0813171875 0.02855625 0.0829125 0.0274890625 0.10684843749999999 0.0424328125 0.10365625 0.0488375 0.0813171875 0.0584453125 0.0829125 0.060581249999999996 0.09886875 0.0349609375 0.1371671875 0.0584453125 0.1531234375 0.06591875 0.19301718750000002 0.1128875 0.22174062499999997 0.152384375 0.2265265625 0.1139546875 0.23929375 0.10754999999999999 0.312696875 0.1299671875 0.33025000000000004 0.1502484375 0.3318453125 0.1502484375 0.354184375 0.1609234375 0.3669515625 0.16215625 0.3890625 0.4054828125 0.3890625 0.4171203125 0.363759375 0.4149859375 0.3222703125 0.40004062500000004 0.29993125 0.4181875 0.30790937500000004 0.42459218749999994 0.333440625 0.4390625 0.317453125 0.4390625 0.2457796875 0.423525 0.23610156249999997 0.4390625 0.20126249999999998 0.4390625 0.1588125 0.43313281249999996 0.1483375 0.39897343749999997 0.125996875 0.3722859375 0.121209375 0.378690625 0.1116359375 0.378690625 0.0318484375 0.3594765625 0.019082812499999997 0.37224218750000004 0 0.0263765625 0
21 0.36588125 0.2456765625 0.32851875 0.2281234375 0.321046875 0.2456765625 0.31250625 0.3350359375 0.35307187500000003 0.3446109375 0.3616109375 0.3254625 0.36588125 0.2456765625
21 0.2057578125 0.3797171875 0.2068265625 0.3621640625 0.1609234375 0.363759375 0.16318125 0.3890625 0.20084531249999998 0.3890625 0.2057578125 0.3797171875
21 0.35093593749999996 0.0892953125 0.37121875000000004 0.11961406249999999 0.378690625 0.11801874999999999 0.378690625 0.0286578125 0.373353125 0.0206796875 0.34773437500000004 0.023870312499999997 0.34026093749999997 0.04780625 0.368015625 0.070146875 0.35093593749999996 0.0892953125
3 0.32745156249999996 0.1244015625 0.335990625 0.0924859375 0.3584078125 0.0749328125 0.36054375 0.058976562499999996 0.28155 0.023870312499999997 0.23778281250000002 0.0414234375 0.2537953125 0.0940828125 0.32745156249999996 0.1244015625
3 0.3915 0.2265265625 0.4011078125 0.24088906250000003 0.41925468749999995 0.242484375 0.4390625 0.19941718749999998 0.4390625 0.15209375 0.3904328125 0.11961406249999999 0.37548906249999997 0.1228046875 0.36588125 0.14355 0.368015625 0.1658890625 0.3915 0.2009953125 0.3915 0.2265265625
16 0.2826171875 0.3158875 0.2826171875 0.3222703125 0.278346875 0.3350359375 0.278346875 0.3446109375 0.2719421875 0.363759375 0.2719421875 0.3701421875 0.2762125 0.3701421875 0.292225 0.35578125 0.30716875 0.35578125 0.310371875 0.35099375 0.310371875 0.3350359375 0.31250625 0.3318453125 0.3146421875 0.303121875 0.31677656249999997 0.29993125 0.3146421875 0.2839734375 0.3189109375 0.268015625 0.31784375 0.237696875 0.30716875 0.237696875 0.29969687500000003 0.25205937500000003 0.29969687500000003 0.264825 0.2826171875 0.3158875
6 0.4390625 0 0.4390625 0.3890625 0.9854515625 0.3890625 1 0.342078125 1 0.0496109375 0.9379703125000001 0.02674375 0.78879375 0 0.6797140625 0 0.634740625 0.017615625 0.6105734375 0 0.4390625 0
6 0.4390625 1 0.4390625 0.574359375 0.21356562499999998 0.5314328125000001 0 0.589034375 0 1 0.4390625 1
0 1 0.3890625 0.4390625 0.3890625 0.4390625 1 1 1 1 0.3890625
13 0.69173125 0.5727828125000001 0.70025625 0.5727828125000001 0.7030984375 0.5706515624999999 0.714465625 0.5706515624999999 0.7173078125 0.5685203125 0.722990625 0.5685203125 0.7258328125 0.5663890625 0.728675 0.5663890625 0.7315171874999999 0.5642578125 0.7343578125 0.5642578125 0.7386203124999999 0.5610593749999999 0.7386203124999999 0.552534375 0.7414625 0.5504015625 0.7414625 0.5418765624999999 0.745725 0.5386796875 0.7542515625 0.5386796875 0.7570921875 0.536546875 0.7798265625 0.536546875 0.7897734375 0.5290874999999999 0.7897734375 0.5226921875 0.792615625 0.5205609375 0.792615625 0.5141671875 0.7954578125 0.512034375 0.7954578125 0.509903125 0.7982984375 0.507771875 0.7982984375 0.5035093749999999 0.7954578125 0.501378125 0.7954578125 0.4992453125 0.76561875 0.476865625 0.759934375 0.476865625 0.7570921875 0.4747328125 0.7372 0.4747328125 0.7343578125 0.47260156249999996 0.70025625 0.47260156249999996 0.69173125 0.4662078125 0.6803640625 0.4662078125 0.6775218749999999 0.46407499999999996 0.6746796875000001 0.46407499999999996 0.6718390624999999 0.46194375 0.660471875 0.46194375 0.6576296875 0.45981249999999996 0.61784375 0.45981249999999996 0.615003125 0.46194375 0.60931875 0.46194375 0.6078984375 0.46300937500000006 0.6078984375 0.4715359375 0.60505625 0.4736671875 0.60505625 0.47579843750000006 0.5979515625 0.481128125 0.595109375 0.481128125 0.5936890625 0.48219375 0.5936890625 0.484325 0.5851640625 0.4907203125 0.5851640625 0.4928515625 0.582321875 0.4949828125 0.582321875 0.4971140625 0.5794796875 0.4992453125 0.5794796875 0.5035093749999999 0.5766375 0.5056406250000001 0.5766375 0.509903125 0.573796875 0.512034375 0.573796875 0.5184296875000001 0.5709546875 0.5205609375 0.5709546875 0.5376125 0.573796875 0.5397453125 0.573796875 0.5482703124999999 0.5766375 0.5504015625 0.5766375 0.5546656249999999 0.5794796875 0.5567968750000001 0.5794796875 0.558928125 0.582321875 0.5610593749999999 0.582321875 0.5631921875 0.5851640625 0.5653234375 0.5851640625 0.5695859375000001 0.5894265625 0.5727828125000001 0.59226875 0.5727828125000001 0.6022140625 0.58024375 0.6022140625 0.58450625 0.60505625 0.5866374999999999 0.60505625 0.5887703125 0.610740625 0.5930328125 0.610740625 0.5951640625 0.61784375 0.6004937499999999 0.6377375 0.6004937499999999 0.640578125 0.5983609375000001 0.6434203125 0.5983609375000001 0.6491046875 0.602625 0.6547875000000001 0.602625 0.656209375 0.601559375 0.656209375 0.5972953125 0.6590499999999999 0.5951640625 0.6590499999999999 0.5887703125 0.660471875 0.5877046874999999 0.6633125 0.5877046874999999 0.668996875 0.5834406249999999 0.6718390624999999 0.5834406249999999 0.673259375 0.5823750000000001 0.673259375 0.58024375 0.6761015625 0.5781125 0.6761015625 0.57598125 0.6775218749999999 0.5749140625 0.6888890625 0.5749140625 0.69173125 0.5727828125000001
13 1 0.3890625 0.4390625 0.3890625 0.4390625 1 1 1 1 0.3890625