6 0 0 0 0.51875 0.35 0.51875 0.35 0 0 0
20 0.2811359375 0.409521875 0.322640625 0.405859375 0.35 0.354559375 0.35 0.13830625000000002 0.24329375 0.37839375 0.2384109375 0.3930421875 0.2384109375 0.41135312500000004 0.24939843750000001 0.43149375 0.2555015625 0.42966249999999995 0.2811359375 0.409521875
14 0 0.51875 0.1930609375 0.51875 0.2091140625 0.5006906250000001 0.20667343749999997 0.42012343750000003 0.194465625 0.317584375 0.185921875 0.3047671875 0.16394843750000002 0.29378125 0.13953437500000002 0.29011875 0.127328125 0.2754703125 0.10535468750000002 0.268146875 0.05164375 0.268146875 0.0247890625 0.2791328125 0 0.27073593749999997 0 0.51875
14 0.25974375 0 0.2518390625 0.014014062499999999 0.1956875 0.050634374999999995 0.1798171875 0.0707765625 0.1578453125 0.1586671875 0.1578453125 0.17697812500000001 0.1676109375 0.19162656250000001 0.1676109375 0.206275 0.155403125 0.235571875 0.155403125 0.25754375 0.1505203125 0.2758546875 0.156625 0.285009375 0.17859687500000002 0.292334375 0.23963281250000001 0.3289546875 0.260384375 0.3307859375 0.2750328125 0.2978265625 0.2774734375 0.2721921875 0.311653125 0.13303281250000001 0.3140953125 0.1000734375 0.3238609375 0.0781 0.3096609375 0 0.25974375 0
7 0.311653125 0 0.311653125 0.001196875 0.318978125 0.0158453125 0.32141875 0.048803125 0.338509375 0.12570781250000002 0.3446125 0.1348640625 0.35 0.133709375 0.35 0 0.311653125 0
13 0 0 0 0.2613421875 0.043098437499999996 0.26486875 0.0662921875 0.259375 0.080940625 0.2410640625 0.09803125 0.259375 0.11756249999999999 0.259375 0.123665625 0.2502203125 0.135871875 0.1806390625 0.155403125 0.14035625000000002 0.1700515625 0.085425 0.21643906249999997 0.0158453125 0.21643906249999997 0 0 0
14 0.155403125 0.231909375 0.1676109375 0.206275 0.16516875 0.19162656250000001 0.156625 0.178809375 0.14441718750000002 0.178809375 0.135871875 0.19162656250000001 0.123665625 0.2502203125 0.1114578125 0.26486875 0.127328125 0.2703609375 0.13465156250000002 0.2813484375 0.1456375 0.2795171875 0.1529625 0.26486875 0.155403125 0.231909375
6 0.35 0 0.35 0.51875 1 0.51875 1 0 0.923978125 0 0.707925 0.29759375 0.57513125 0.328078125 0.4605765625 0.018546874999999997 0.4482375 0 0.35 0
22 0.6853875 0.41061875 0.698275 0.392046875 0.638134375 0.2991875 0.5366578125 0.3634421875 0.59088125 0.4766515625 0.6309750000000001 0.38172968749999997 0.6853875 0.41061875
13 0.9363265625 0 0.9269703125 0.014050000000000002 0.9025203125000001 0.08096718750000001 0.8829593750000001 0.1161875 0.8682890625 0.169015625 0.876846875 0.1743 0.9037421875 0.16021093749999998 0.9184125 0.16021093749999998 0.9379734375 0.170778125 0.957534375 0.191909375 1 0.219434375 1 0 0.9363265625 0
13 1 0.31071875000000004 0.9086328124999999 0.2553046875 0.85973125 0.241215625 0.8352796874999999 0.22360625 0.796159375 0.227128125 0.7643718749999999 0.2517828125 0.7166953125 0.31693906250000003 0.699578125 0.36624687499999997 0.6946890625 0.401465625 0.7032453125 0.4032265625 0.7570375 0.36448593749999997 0.7839343750000001 0.36448593749999997 0.830390625 0.3785734375 0.8744015624999999 0.42083750000000003 0.9184125 0.4490125 0.9257484375 0.47718906250000004 0.9795390625 0.5053640625 0.9966953125 0.51875 1 0.51875 1 0.31071875000000004
6 0.35 1 0.35 0.5652984375 0.2765375 0.5601140625000001 0.24464375 0.51875 0.10398906249999999 0.51875 0.07934843750000001 0.529240625 0 0.53913125 0 1 0.35 1
6 1 0.8614453125000001 0.9045234375 0.87301875 0.8556968749999999 0.829071875 0.753159375 0.7973312499999999 0.729965625 0.8473796874999999 0.6847984375 0.880340625 0.6164421875 0.85104375 0.557846875 0.7753609375 0.49437031249999996 0.7753609375 0.46262968750000005 0.7411828125000001 0.4333359375 0.7387406249999999 0.35 0.763740625 0.35 1 1 1 1 0.8614453125000001
22 0.9509140625000001 0.89010625 0.94725 0.8717984375000001 0.8093125000000001 0.89010625 0.783678125 0.9450390625 0.8105343749999999 0.9694515625 0.9509140625000001 0.89010625
22 1 0.8579812499999999 0.8263984375 0.882784375 0.795884375 0.9035343749999999 0.783678125 0.94748125 0.8058515625 1 1 1 1 0.8579812499999999
22 0.6402593750000001 1 0.60423125 0.9706734375 0.48460625 0.921846875 0.35 0.91533125 0.35 0.9936390625 0.358709375 1 0.6402593750000001 1