6 0 0 0 0.2890625 0.5890625 0.2890625 0.5890625 0 0 0
6 0.5890625 0 0.5890625 0.2890625 1 0.2890625 1 0 0.5890625 0
16 0.8110796875 0 0.78710625 0.07441875 0.7722562500000001 0.14591875 0.770134375 0.1873140625 0.7807421875 0.21741875 0.789228125 0.228709375 0.7977140625 0.28139375 0.8014609374999999 0.2890625 0.975834375 0.2890625 0.9843999999999999 0.2738671875 1 0.23555156249999998 1 0 0.8110796875 0
16 0.6895203125 0.127103125 0.7011890625 0.12522187499999998 0.7064921875 0.11205000000000001 0.7064921875 0.08570781250000001 0.6990671875000001 0.0687734375 0.658759375 0.08758906250000001 0.648153125 0.10264218750000001 0.6396671875 0.09887968750000001 0.6184515625 0.10640625 0.6067843749999999 0.1195765625 0.6354234375 0.12898437499999998 0.64603125 0.12898437499999998 0.6523953125 0.12145781250000001 0.66088125 0.12898437499999998 0.6895203125 0.127103125
16 0.704846875 0 0.70543125 0.0010359375 0.7266453125 0.023615625 0.755284375 0.021734375 0.750384375 0 0.704846875 0
12 0.6354234375 0.1741421875 0.6205734374999999 0.1741421875 0.6046625 0.198603125 0.6025421875 0.262578125 0.6079703125 0.2890625 0.6581953125 0.2890625 0.6619421875 0.28139375 0.6640625 0.2399984375 0.6725484374999999 0.2211828125 0.6746703125 0.2023671875 0.658759375 0.18543281250000002 0.6354234375 0.1741421875
6 0.5890625 1 0.5890625 0.9910062500000001 0.5233484374999999 0.960134375 0.5890625 0.9845937499999999 0.5890625 0.2890625 0 0.2890625 0 1 0.5890625 1
16 0 0.599215625 0.123284375 0.65915625 0.13181875 0.679128125 0.189428125 0.6905390625 0.21610000000000001 0.7090828124999999 0.23636875000000002 0.7590046874999999 0.274771875 0.784684375 0.338784375 0.7789765625 0.3643859375 0.8303312500000001 0.38038906250000004 0.8317515625 0.410259375 0.8003750000000001 0.42733125000000005 0.7490218750000001 0.3782546875 0.7062296875 0.365453125 0.6434656249999999 0.33665 0.5963921875 0.1062125 0.39954375 0.042178125 0.2890625 0 0.2890625 0 0.599215625
13 0 0.8006359375000001 0.018734375 0.818915625 0.12435156249999998 0.8203421875 0.185159375 0.78183125 0.22463281249999997 0.77755 0.2288984375 0.7547296875 0.2086296875 0.704803125 0.18089375000000002 0.6905390625 0.12755 0.687684375 0.0486046875 0.6220671875 0 0.6016078125 0 0.8006359375000001
3 0.38038906250000004 0.674846875 0.409196875 0.7219203125 0.46893593750000007 0.7561515625 0.47533906249999996 0.77326875 0.49240625 0.7647125 0.5393484374999999 0.8246234375 0.5890625 0.8387234375 0.5890625 0.765278125 0.5489484375 0.6948140625 0.5489484375 0.652021875 0.5681546875000001 0.6092296875 0.5638859375 0.5607296875000001 0.5884234375 0.5536 0.5890625 0.5528109375 0.5890625 0.2890625 0.42990781250000004 0.2890625 0.4316 0.3410609375 0.4443984375 0.3667359375 0.43372968749999996 0.4237921875 0.373990625 0.5607296875000001 0.38038906250000004 0.674846875
3 0.39639375 0.49654375 0.425196875 0.43805625 0.4316 0.409528125 0.427440625 0.2890625 0.1382578125 0.2890625 0.125415625 0.299690625 0.1062125 0.299690625 0.0982640625 0.2890625 0.09445624999999999 0.2890625 0.0912765625 0.299690625 0.0752765625 0.3011171875 0.088078125 0.3667359375 0.11688125 0.4052515625 0.303578125 0.546465625 0.39639375 0.49654375
3 0.5890625 1 0.5890625 0.9869078124999999 0.55641875 0.9701171875 0.5489484375 0.97154375 0.5553515625000001 0.9801062500000001 0.550015625 0.9872359375 0.5425500000000001 0.97154375 0.535078125 0.96726875 0.53188125 0.97154375 0.5468140625 0.9886625 0.544684375 0.9943703125000001 0.54889375 1 0.5890625 1
3 0.359034375 1 0.3505203125 0.9658421875000001 0.289709375 0.890240625 0.2406328125 0.8617125 0.25663749999999996 0.8431671875 0.234234375 0.8360328125 0.20649531250000003 0.7875328125000001 0.176625 0.7903875 0.1488859375 0.810359375 0.094478125 0.8888140625000001 0.0976796875 0.9073593750000001 0.1158140625 0.8973703125 0.1158140625 0.9258984375000001 0.12435156249999998 0.9487234375 0.16595625 0.9957968749999999 0.1832484375 1 0.359034375 1
15 0.4204296875 1 0.3483859375 0.7946671875 0.338784375 0.78183125 0.3259828125 0.78183125 0.3227796875 0.7946671875 0.33344843750000003 0.8289031250000001 0.3889234375 0.9743984375 0.3961046875 1 0.4204296875 1
6 1 0.2890625 0.5890625 0.2890625 0.5890625 0.88815625 0.9884171875 0.8616140624999999 1 0.64125625 1 0.2890625