6 0 0 0 0.66875 0.5890625 0.66875 0.5890625 0.49614062499999995 0.5745250000000001 0.4483734375 0.5364640625 0.42677812499999995 0.495946875 0.338740625 0.460340625 0.32711250000000003 0.4591125 0.292228125 0.4222796875 0.2523625 0.44683593750000006 0.24239531250000002 0.43578593750000005 0.11781250000000001 0.25161875 0.13442343750000002 0.24056875 0.053028125 0.20987343749999998 0.0247890625 0.126384375 0.0115 0.10676875 0 0 0
13 0.418596875 0.5829234375000001 0.3547515625 0.5563453125 0.2540734375 0.5463796875 0.1827796875 0.66875 0.46511718750000003 0.66875 0.418596875 0.5829234375000001
13 0 0 0 0.1470734375 0.010973437499999999 0.157678125 0.0453515625 0.21415625 0.061312500000000006 0.21249531250000003 0.082184375 0.1477125 0.128840625 0.1643234375 0.14111875000000002 0.157678125 0.161990625 0.1925625 0.159534375 0.2224625 0.18531875 0.25070156250000003 0.19636875 0.2490390625 0.230746875 0.21581718749999998 0.250390625 0.1261171875 0.2430234375 0.053028125 0.2270625 0.03475625 0.1902296875 0.0148234375 0.1337515625 0.0148234375 0.1076265625 0 0 0
16 0 0.5881359374999999 0.033073437500000004 0.6360796875 0.0465796875 0.63441875 0.0686796875 0.6111625 0.07972968750000001 0.5796015625 0.0981453125 0.5712953125 0.095690625 0.52810625 0.062540625 0.4865796875 0.0428953125 0.4699671875 0.0207953125 0.4633234375 0 0.440546875 0 0.5881359374999999
16 0.11042343750000001 0.5945515625 0.1362078125 0.622790625 0.184090625 0.637740625 0.197596875 0.629434375 0.2381125 0.5712953125 0.2577578125 0.5015296874999999 0.2675796875 0.488240625 0.272490625 0.4616625 0.2675796875 0.4184734375 0.2565296875 0.39355625 0.23688437499999998 0.3802671875 0.20987343749999998 0.3802671875 0.18286249999999998 0.39355625 0.117790625 0.48491718749999996 0.10551250000000001 0.5214624999999999 0.10305781249999998 0.5712953125 0.11042343750000001 0.5945515625
16 0.228290625 0.368640625 0.2319734375 0.3802671875 0.2467078125 0.38359062499999996 0.2602125 0.398540625 0.270034375 0.428440625 0.27494687500000003 0.46830625000000003 0.28476875 0.46830625000000003 0.305640625 0.4633234375 0.3142359375 0.45169531249999995 0.3142359375 0.43176249999999994 0.32896875 0.411828125 0.3314234375 0.3918953125 0.3461578125 0.3619953125 0.3486125 0.3354171875 0.3461578125 0.3121625 0.3252859375 0.28392343750000004 0.305640625 0.2938890625 0.2786296875 0.277278125 0.2663515625 0.2806015625 0.2553015625 0.2955515625 0.228290625 0.368640625
16 0.4222796875 0.2357515625 0.441925 0.225784375 0.441925 0.1227953125 0.4235078125 0.11448906249999999 0.3670296875 0.11781250000000001 0.3473859375 0.12777812500000002 0.25161875 0.13442343750000002 0.2430234375 0.1560171875 0.2430234375 0.17595 0.2332015625 0.195884375 0.2332015625 0.21913906249999998 0.23688437499999998 0.2241234375 0.371940625 0.20418906250000002 0.4014078125 0.23741249999999997 0.4222796875 0.2357515625
3 0.12024531249999999 0.3553515625 0.137434375 0.375284375 0.1448015625 0.3885734375 0.1472578125 0.4018625 0.1558515625 0.413490625 0.161990625 0.411828125 0.192684375 0.3769453125 0.197596875 0.3769453125 0.20864687499999998 0.3553515625 0.20864687499999998 0.3121625 0.21846875 0.2756171875 0.2160125 0.2523625 0.21232968749999998 0.247378125 0.2025078125 0.247378125 0.1877734375 0.2673125 0.11901874999999999 0.270634375 0.1006015625 0.28890625000000003 0.1006015625 0.3055171875 0.10796874999999999 0.315484375 0.12024531249999999 0.3553515625
3 0 0.32730468749999997 0.0060625 0.3237890625 0.025706250000000003 0.2972125 0.04780625 0.28392343750000004 0.05885625 0.2689734375 0.061312500000000006 0.2490390625 0.053945312499999995 0.22910624999999998 0.0171125 0.1792734375 0.00851875 0.161 0 0.1552390625 0 0.32730468749999997
3 0.429646875 0.577940625 0.44560781250000003 0.5729562500000001 0.464025 0.5413953125 0.44683593750000006 0.5015296874999999 0.43701249999999997 0.488240625 0.43455781250000003 0.46498437499999995 0.4235078125 0.4467125 0.40631874999999995 0.4367453125 0.3891296875 0.4367453125 0.319146875 0.5314296875 0.319146875 0.5380734375 0.3326515625 0.5497015625 0.39158593750000004 0.5596687499999999 0.40386249999999996 0.5696343749999999 0.429646875 0.577940625
6 0.671825 0 0.6628203125 0.0018625 0.6038015624999999 0.0018625 0.5890625 0.0049109374999999995 0.5890625 0.47544531250000005 0.6077359375 0.48281875 0.6667546875 0.4852609375 0.7179031250000001 0.473053125 0.7336421875 0.4632875 0.7847906250000001 0.460846875 0.8241359375 0.4754953125 0.8595484375 0.4681703125 0.8870890625 0.4681703125 0.88905625 0.484040625 0.9028281249999999 0.4877015625 0.9165984375 0.48648125000000003 0.9165984375 0.474275 0.9087296874999999 0.464509375 0.9185656249999999 0.4559640625 0.9421734374999999 0.4584046875 0.9500421875 0.453521875 0.9972578125 0.4461984375 1 0.445115625 1 0.06604062499999999 0.9736499999999999 0.05313125 0.9539765625 0.050690625 0.9421734374999999 0.06045625 0.9303703125 0.06045625 0.9126640625 0.0421453125 0.8792203125 0.02139375 0.8202015625 0.0067453125000000004 0.7839671874999999 0 0.671825 0
3 0.7670859375 0.4400953125 0.7749546875 0.4205640625 0.7670859375 0.39370781250000003 0.7749546875 0.366853125 0.761184375 0.35098281249999996 0.69823125 0.34609999999999996 0.6667546875 0.35098281249999996 0.6588859375 0.35586562499999996 0.65495 0.353425 0.643146875 0.35586562499999996 0.63134375 0.3485421875 0.623475 0.35586562499999996 0.5890625 0.3697921875 0.5890625 0.47425468750000005 0.6077359375 0.48281875 0.6352781249999999 0.4877015625 0.65691875 0.48648125000000003 0.69823125 0.480378125 0.7297078124999999 0.4681703125 0.7670859375 0.4400953125
3 1 0.317884375 0.9972578125 0.3192453125 0.9539765625 0.3485421875 0.9303703125 0.3583078125 0.9126640625 0.3717359375 0.9047953124999999 0.38394218750000003 0.9047953124999999 0.39615 0.910696875 0.39981093749999996 0.9303703125 0.39981093749999996 0.944140625 0.405915625 0.9402062499999999 0.42300468750000003 0.926434375 0.4291078125 0.910696875 0.421784375 0.9008609375000001 0.4303296875 0.9008609375000001 0.4400953125 0.926434375 0.4584046875 0.9402062499999999 0.4596265625 0.9539765625 0.453521875 1 0.4463828125 1 0.317884375
13 0.6671390625 0 0.6588859375 0.0018625 0.5959328125 0.0018625 0.5890625 0.0034609374999999996 0.5890625 0.32168593749999996 0.5959328125 0.32168593749999996 0.6116703125 0.32656874999999996 0.651015625 0.32656874999999996 0.7179031250000001 0.34609999999999996 0.8005296875000001 0.343659375 0.8634828125 0.353425 0.8870890625 0.36074843749999996 0.9047953124999999 0.35952812500000003 0.9343046875000001 0.35586562499999996 0.961846875 0.343659375 0.9677484375000001 0.33511406250000003 1 0.3164359375 1 0.18015625 0.9874203125 0.1690984375 0.9874203125 0.164215625 1 0.15641093749999999 1 0.0646 0.993321875 0.06045625 0.961846875 0.048248437500000005 0.9382390624999999 0.06289687499999999 0.9244671875 0.05679375 0.9008609375000001 0.0323796875 0.8595484375 0.01406875 0.7839671874999999 0 0.6671390625 0
12 0.843809375 0.3876046875 0.8261046875 0.38882500000000003 0.8300390625 0.4010328125 0.8398749999999999 0.402253125 0.851678125 0.41201875 0.926434375 0.4291078125 0.9323375 0.42788750000000003 0.9402062499999999 0.42300468750000003 0.9421734374999999 0.402253125 0.9028281249999999 0.39981093749999996 0.843809375 0.3876046875
12 0.7710203124999999 0.4107984375 0.788725 0.421784375 0.8143 0.42300468750000003 0.8300390625 0.41323906250000003 0.8261046875 0.38882500000000003 0.8123328125 0.3778390625 0.7847906250000001 0.3680734375 0.7710203124999999 0.37661875 0.7710203124999999 0.4107984375
13 0.7749546875 0.4352125 0.7906921875 0.44741875000000003 0.7906921875 0.464509375 0.8083984375 0.4681703125 0.8202015625 0.4754953125 0.8379078124999999 0.474275 0.84774375 0.4706125 0.9028281249999999 0.4657296875 0.9126640625 0.4498609375 0.894959375 0.44375625 0.8910234375 0.4461984375 0.8811875 0.4303296875 0.8634828125 0.424225 0.8320062500000001 0.40469375 0.8261046875 0.41568125 0.8162671874999999 0.421784375 0.7965953125 0.421784375 0.78085625 0.4169015625 0.7749546875 0.4205640625 0.7749546875 0.4352125
16 0.948075 0.2838453125 0.9343046875000001 0.2753 0.9087296874999999 0.28628593750000003 0.8910234375 0.304596875 0.8575796875 0.3131421875 0.8595484375 0.31680312499999996 0.9244671875 0.318025 0.944140625 0.3131421875 0.944140625 0.30581718750000003 0.9520093749999999 0.29849375 0.948075 0.2838453125
16 0.7788890625 0.34976250000000003 0.7788890625 0.35952812500000003 0.7926609375 0.37051406249999996 0.8241359375 0.38027968749999996 0.8536453125 0.37905937500000003 0.8674171875000001 0.3778390625 0.88905625 0.36441093750000003 0.8752859374999999 0.3583078125 0.7926609375 0.343659375 0.7788890625 0.34976250000000003
6 0.5890625 1 0.5890625 0.66875 0 0.66875 0 1 0.5890625 1
12 0.37324999999999997 0.87934375 0.3573578125 0.9076375000000001 0.3708046875 0.9489921875 0.4025921875 0.93593125 0.412371875 0.96205 0.42582031249999996 0.9598734375 0.3928109375 0.883696875 0.37324999999999997 0.87934375
6 1 0.66875 0.5890625 0.66875 0.5890625 1 1 1 1 0.66875
13 0.6737453125 0.8812953125 0.700671875 0.8418468750000001 0.6859828125 0.798015625 0.6810875000000001 0.73665625 0.68843125 0.6752890625 0.688065625 0.66875 0.610675 0.66875 0.6125515625 0.7191203125000001 0.6076546875 0.7498015625 0.5929703125 0.7629515625 0.5929703125 0.8023999999999999 0.62111875 0.8703421875 0.6737453125 0.8812953125
13 1 0.712265625 0.9760406250000001 0.69939375 0.963815625 0.66875 0.9358531250000001 0.66875 0.9197421875 0.6818640625 0.9123984374999999 0.6730968749999999 0.9087296874999999 0.7410328125000001 0.8866968749999999 0.7673359375000001 0.8573265625 0.84623125 0.9026093749999999 0.9799171875000001 0.9207671875000001 1 1 1 1 0.712265625
17 0.618671875 0.8659578124999999 0.5905218750000001 0.8067828125000001 0.5892984375 0.7563765625000001 0.5890625 0.7562828125000001 0.5890625 0.8652078124999999 0.6039828125 0.8834875 0.6284609375 0.9054062500000001 0.637028125 0.9032140625 0.644371875 0.8900625 0.6358046875000001 0.8878703124999999 0.618671875 0.8659578124999999