6 0.216640625 0.7348375 0.2532609375 0.713503125 0.26699375000000003 0.7988421875 0.2978953125 0.8537015625000001 0.34939375 0.8232250000000001 0.4192046875 0.879609375 0.451246875 0.9756171874999999 0.5359359375 0.9405671874999999 0.6583890625000001 0.9405671874999999 0.6709765625 0.8491328125000001 0.6480890625 0.8003656250000001 0.768253125 0.8217000000000001 0.8014421875 0.7394093749999999 0.8128875000000001 0.5900640625 0.81631875 0.463578125 0.818609375 0.363 0.7808421875 0.2852796875 0.7384984375 0.2487046875 0.6892875 0.20298750000000002 0.6583890625000001 0.1847 0.6080328125000001 0.113075 0.51648125 0.0673578125 0.460403125 0.090215625 0.41119218750000003 0.1831765625 0.3642703125 0.1831765625 0.3299375 0.19536718749999998 0.28645 0.20298750000000002 0.24982812499999998 0.24108593749999999 0.21434999999999998 0.305090625 0.216640625 0.3096609375 0.22007343750000002 0.3066140625 0.24525156250000002 0.39652656249999996 0.206340625 0.42395625 0.209775 0.6296859375 0.216640625 0.7348375
14 0.580078125 0.5331578125 0.58203125 0.455134375 0.5722671874999999 0.439528125 0.58203125 0.41092031249999994 0.568359375 0.3693078125 0.5703125 0.3485 0.5498046875 0.3393984375 0.537109375 0.34590156250000004 0.5332015625000001 0.3667078125 0.5332015625000001 0.4785421875 0.5185546875 0.5864734375 0.5205078125 0.5994765625 0.5537093750000001 0.596878125 0.580078125 0.5331578125
16 0.7187484375000001 0.49154375000000006 0.724609375 0.5123515624999999 0.748046875 0.5487609375 0.7529296875 0.5708671875 0.7783203125 0.560465625 0.7812484375000001 0.5461609375 0.8125 0.5097515625 0.810546875 0.40311874999999997 0.81640625 0.37451093750000003 0.80859375 0.33549687499999997 0.7919921875 0.3055875 0.7802749999999999 0.30038593750000003 0.7607406250000001 0.3237921875 0.7099609375 0.355003125 0.6982406250000001 0.3758078125 0.701171875 0.395315625 0.7207015625000001 0.41092031249999994 0.7187484375000001 0.49154375000000006
21 0.3896484375 0.3888140625 0.4296875 0.3667078125 0.431640625 0.356303125 0.41015625 0.3068890625 0.3466796875 0.2171609375 0.3173828125 0.20155625000000002 0.301759375 0.2041578125 0.2812484375 0.2262640625 0.2724609375 0.250971875 0.28515625 0.29388281250000003 0.3544921875 0.373209375 0.3896484375 0.3888140625
16 0.44921718750000006 0.7178140625 0.455078125 0.73081875 0.46777499999999994 0.7399203125 0.5146484375 0.7321187499999999 0.521484375 0.7126109375 0.50390625 0.6397906250000001 0.5097671874999999 0.6059796875 0.50390625 0.579971875 0.4638671875 0.5266546875 0.4345703125 0.5344578125 0.42578281249999994 0.5643671875 0.4150390625 0.5708671875 0.453125 0.590375 0.45703125 0.686603125 0.44921718750000006 0.7178140625
17 0.2792984375 0.47594062499999995 0.3242171875 0.5773703125 0.342775 0.5942765624999999 0.373046875 0.559165625 0.3437484375 0.40051875 0.306640625 0.3433 0.2685546875 0.25877500000000003 0.2509765625 0.261375 0.2353515625 0.2847828125 0.25 0.3537015625 0.267578125 0.3901140625 0.2792984375 0.47594062499999995
17 0.5957015625000001 0.889465625 0.5957015625000001 0.8166453125 0.607421875 0.7152125 0.6005859375 0.6879046875 0.5634765625 0.6723 0.541015625 0.699609375 0.5390625 0.7932359375 0.5302749999999999 0.8465546875 0.5292984374999999 0.8634578125000001 0.5537093750000001 0.8855640625 0.5957015625000001 0.889465625
17 0.6562484375000001 0.9154734375 0.6484375 0.8686609375 0.65234375 0.827046875 0.6337906249999999 0.7945359375 0.6240234375 0.7945359375 0.6015625 0.8296484375000001 0.59765625 0.889465625 0.5712906249999999 0.89596875 0.5595703125 0.9193749999999999 0.5615234375 0.932378125 0.5869140625 0.932378125 0.6562484375000001 0.9154734375
17 0.4853515625 0.9635875 0.5458984375 0.9141734375 0.5527328125000001 0.889465625 0.525390625 0.8634578125000001 0.537109375 0.7568265625 0.5166015625 0.7529250000000001 0.5029296875 0.7321187499999999 0.4619140625 0.7529250000000001 0.451171875 0.7880359375 0.44824062500000006 0.781534375 0.4375 0.8036406250000001 0.4326171875 0.864759375 0.43359375 0.931078125 0.46972500000000006 0.9635875 0.4853515625 0.9635875
14 0.380859375 0.7334203125000001 0.396484375 0.77503125 0.4111328125 0.781534375 0.44629062499999994 0.77373125 0.44921718750000006 0.73081875 0.41796875 0.6345875000000001 0.4013671875 0.5448593749999999 0.359375 0.5851734375000001 0.3544921875 0.6150828125000001 0.35546875 0.6527953125 0.37890625 0.702209375 0.380859375 0.7334203125000001
17 0.5703125 0.291284375 0.5742171875000001 0.2470703125 0.56640625 0.24186718749999997 0.56640625 0.1898515625 0.5595703125 0.1807515625 0.5087906249999999 0.1729484375 0.49023281250000006 0.192453125 0.4638671875 0.250971875 0.46874843750000006 0.2860828125 0.5322250000000001 0.3524015625 0.5703125 0.291284375
21 0.6025390625 0.3055875 0.6416015625 0.2847828125 0.6962906249999999 0.2639765625 0.7177749999999999 0.266575 0.7187484375000001 0.2470703125 0.7060546875 0.21976093749999998 0.6806640625 0.21195781249999998 0.5869140625 0.23796562500000001 0.576171875 0.2496703125 0.5732406250000001 0.27177656250000004 0.5742171875000001 0.3094890625 0.5888671875 0.3237921875 0.6025390625 0.3055875
17 0.6630859375 0.537059375 0.6865234375 0.5344578125 0.701171875 0.5123515624999999 0.6972671874999999 0.41352031250000004 0.7041015625 0.3992171875 0.7373046875 0.41742187499999994 0.7822250000000001 0.3992171875 0.8095703125 0.4356265625 0.81640625 0.3849125 0.8125 0.34590156250000004 0.7900390625 0.3055875 0.7744140625 0.3055875 0.7353515625 0.27437812500000003 0.7080078125 0.266575 0.6025390625 0.3081890625 0.5722671874999999 0.34590156250000004 0.5712906249999999 0.3602046875 0.5742171875000001 0.392715625 0.625 0.52795625 0.6630859375 0.537059375
17 0.7412093750000001 0.7919359375 0.7666015625 0.77373125 0.7822250000000001 0.7425203125000001 0.796875 0.7334203125000001 0.8007828124999999 0.7074125 0.7890625 0.65019375 0.806640625 0.6085796875 0.806640625 0.5539640625 0.796875 0.5617671875 0.8046875 0.5331578125 0.7509765625 0.542259375 0.7265625 0.522753125 0.71484375 0.4811421875 0.7158203125 0.40701875000000004 0.7041015625 0.40701875000000004 0.6992171875000001 0.423925 0.7109375 0.56696875 0.7236328125 0.589075 0.7382828124999999 0.5877749999999999 0.728515625 0.6007765625 0.7431640625 0.6228859375 0.7490234375 0.6150828125000001 0.7597671874999999 0.6293859375 0.77734375 0.69180625 0.7841796875 0.7035109375 0.794921875 0.6970078125 0.796875 0.7178140625 0.7783203125 0.7399203125 0.7509765625 0.7399203125 0.736328125 0.7204140625 0.736328125 0.702209375 0.7119140625 0.6697 0.6923828125 0.6618968749999999 0.6953125 0.759428125 0.6884765625 0.7763312499999999 0.6943359375 0.7945359375 0.7119140625 0.8023390625 0.7412093750000001 0.7919359375
17 0.376953125 0.4941453125 0.3818359375 0.542259375 0.4033203125 0.537059375 0.4189453125 0.56566875 0.4345703125 0.5318578125 0.4599609375 0.5240546875 0.4736328125 0.5318578125 0.49120937500000006 0.5630671875 0.5234375 0.5643671875 0.52734375 0.5123515624999999 0.49120937500000006 0.4694375 0.3876953125 0.394015625 0.3720703125 0.4122203125 0.390625 0.46033437499999996 0.390625 0.4785421875 0.376953125 0.4941453125
17 0.48828281249999994 0.3224921875 0.4736328125 0.295184375 0.4345703125 0.2795796875 0.4150390625 0.297784375 0.4365234375 0.38101093750000004 0.505859375 0.41092031249999994 0.48828281249999994 0.3224921875
17 0.46484375 0.28348125 0.46972500000000006 0.21976093749999998 0.364259375 0.22236250000000002 0.3632828125 0.24186718749999997 0.3955078125 0.28218125 0.46484375 0.28348125
14 0.2763671875 0.5838734375 0.2841796875 0.596878125 0.3203125 0.5773703125 0.2978515625 0.5266546875 0.2841796875 0.5318578125 0.2451171875 0.5032484375 0.2138671875 0.5474609375 0.2158203125 0.560465625 0.2451171875 0.5786703125 0.2763671875 0.5838734375
16 0.4013671875 0.784134375 0.3818359375 0.7477234375 0.3525390625 0.7997390625 0.42870937500000006 0.867359375 0.4453125 0.7776328125 0.4013671875 0.784134375
17 0.2958984375 0.83615 0.3271484375 0.8231453125 0.380859375 0.7568265625 0.3505859375 0.6228859375 0.3349609375 0.6228859375 0.3095703125 0.596878125 0.2939453125 0.596878125 0.2451171875 0.6462921875000001 0.2617171875 0.6788031250000001 0.267578125 0.7802328125 0.2958984375 0.83615
12 0.6220703125 0.65669375 0.6796875 0.642390625 0.6757828124999999 0.5513625 0.6533203125 0.537059375 0.6240234375 0.5344578125 0.6064453125 0.5006484375 0.583984375 0.5253546874999999 0.5654296875 0.5864734375 0.5703125 0.6085796875 0.6083984375 0.6697 0.6220703125 0.65669375