6 0 0 0 0.608190625 0.489146875 0.603215625 0.522475 0.50608125 0.46446249999999994 0 0 0
6 0.65 0 0.65 0.76875 1 0.76875 1 0 0.65 0
6 0.5644875 1 0.5651453125 0.9931890624999999 0.5493890625 0.9763125 0.5325828125000001 0.9350578125 0.515775 0.9275578124999999 0.5031703125 0.8900515625000001 0.4800625 0.8863031250000001 0.472709375 0.9256828125000001 0.4611546875 0.9425578124999999 0.44435 0.9425578124999999 0.39603125 0.9013031249999999 0.3781734375 0.906928125 0.38665625000000003 0.76875 0.1298140625 0.76875 0.135534375 0.8638 0.09561875 0.8112937499999999 0.084065625 0.8169171875 0.0788125 0.8450453124999999 0.017890625 0.8262937499999999 0 0.849421875 0 1 0.5644875 1
3 0.1714609375 1 0.170196875 0.9819375000000001 0.15023906250000002 0.9163062500000001 0.12502968750000001 0.9163062500000001 0.09456875000000001 0.9631859374999999 0.0984359375 1 0.1714609375 1
3 0.05735 1 0.05885625 0.996940625 0.068309375 0.9575609375 0.08931718749999999 0.9613125 0.10087187500000001 0.9406828125000001 0.09666875 0.899428125 0.084065625 0.8656734374999999 0.0431 0.8262937499999999 0.0031843749999999997 0.8375453125 0 0.8457015625000001 0 0.9893812499999999 0.005946875 1 0.05735 1
14 0.3520265625 1 0.36346875 0.9931890624999999 0.38027500000000003 0.8881765625 0.386646875 0.76875 0.13168125 0.76875 0.1386859375 0.884425 0.1722984375 0.9781890625 0.1741296875 1 0.2462125 1 0.2489765625 0.9950671874999999 0.27418593750000003 0.998815625 0.28679062499999997 0.9875640625000001 0.29204375 0.996940625 0.2911859375 1 0.3034125 1 0.3098984375 0.991315625 0.3390875 1 0.3520265625 1
6 1 0.76875 0.65 0.76875 0.65 0.9054828125000001 0.7183203125000001 0.9101437499999999 0.9056828124999999 0.9116890625 1 0.9016968750000001 1 0.76875
3 0.930490625 0.8761093750000001 0.9236906250000001 0.8729671874999999 0.91915625 0.8729671874999999 0.9168890624999999 0.8719203125 0.9168890624999999 0.8698265624999999 0.91915625 0.8687796875 0.9236906250000001 0.8708734375 0.9327578125 0.8708734375 0.9372906249999999 0.8729671874999999 0.941825 0.8729671874999999 0.9463593749999999 0.8750625 0.948625 0.874015625 0.948625 0.8719203125 0.95769375 0.86773125 0.95769375 0.8635421875 0.953159375 0.8614484375 0.953159375 0.8593546875 0.9440921875000001 0.855165625 0.9440921875000001 0.8363156249999999 0.9282234375 0.8289843749999999 0.9236906250000001 0.8289843749999999 0.91915625 0.8268906250000001 0.9146218749999999 0.8289843749999999 0.8964874999999999 0.8289843749999999 0.891953125 0.8268906250000001 0.869284375 0.8268906250000001 0.8647515625000001 0.8289843749999999 0.85115 0.8289843749999999 0.8466156249999999 0.8310796874999999 0.8420828124999999 0.8310796874999999 0.8262140625000001 0.838409375 0.8262140625000001 0.8425984375000001 0.8194140624999999 0.845740625 0.8148796875000001 0.845740625 0.8058125 0.8415515625 0.7967453124999999 0.845740625 0.7922109374999999 0.8436453125 0.7876765625 0.8436453125 0.7854109375 0.8446921875 0.7854109375 0.84888125 0.7922109374999999 0.8520234375 0.7967453124999999 0.847834375 0.801278125 0.847834375 0.8035453125 0.84888125 0.7899437500000001 0.855165625 0.7899437500000001 0.8656375000000001 0.794478125 0.86773125 0.794478125 0.8719203125 0.7990109375000001 0.874015625 0.7990109375000001 0.8782046875 0.8035453125 0.8802984374999999 0.8035453125 0.8823921875 0.8080796875 0.8844875 0.8080796875 0.8865812500000001 0.8126125 0.8886765625 0.8126125 0.892865625 0.8194140624999999 0.8960062499999999 0.8375484375 0.8960062499999999 0.839815625 0.894959375 0.8420828124999999 0.8939125000000001 0.85115 0.8939125000000001 0.855684375 0.8918171875 0.8602171875 0.8918171875 0.869284375 0.8876296874999999 0.8964874999999999 0.8876296874999999 0.901021875 0.8897234375 0.9100890625 0.8897234375 0.9168890624999999 0.8865812500000001 0.9168890624999999 0.8844875 0.9236906250000001 0.8813453125 0.9282234375 0.8813453125 0.930490625 0.8802984374999999 0.930490625 0.8761093750000001
15 1 0.8851812499999999 0.9962296875 0.8834406250000001 0.991696875 0.8834406250000001 0.9871624999999999 0.8813453125 0.9826296875 0.8813453125 0.9780953125 0.8792515625 0.9735609375 0.8792515625 0.969028125 0.87715625 0.9644937499999999 0.87715625 0.9599593750000001 0.8750625 0.9554265624999999 0.8750625 0.9508921875 0.8729671874999999 0.9463593749999999 0.8729671874999999 0.941825 0.8708734375 0.9372906249999999 0.8708734375 0.9327578125 0.8687796875 0.9282234375 0.8687796875 0.9236906250000001 0.866684375 0.9146218749999999 0.866684375 0.907821875 0.8698265624999999 0.91915625 0.8750625 0.9236906250000001 0.8750625 0.9282234375 0.87715625 0.9327578125 0.87715625 0.9372906249999999 0.8792515625 0.941825 0.8792515625 0.9463593749999999 0.8813453125 0.9508921875 0.8813453125 0.9554265624999999 0.8834406250000001 0.9599593750000001 0.8834406250000001 0.9644937499999999 0.885534375 0.969028125 0.885534375 0.9735609375 0.8876296874999999 0.9780953125 0.8876296874999999 0.9871624999999999 0.8918171875 0.9962296875 0.8918171875 1 0.893559375 1 0.8851812499999999
17 0.7922109374999999 0.8143234375 0.794478125 0.8132765624999999 0.801278125 0.810134375 0.8148796875000001 0.810134375 0.817146875 0.8090875000000001 0.817146875 0.8048984375 0.8148796875000001 0.8038515625 0.8058125 0.8038515625 0.801278125 0.8059453124999999 0.7967453124999999 0.8059453124999999 0.7922109374999999 0.808040625 0.7876765625 0.808040625 0.7808765625 0.81118125 0.7808765625 0.8132765624999999 0.78314375 0.8143234375 0.7922109374999999 0.8143234375
17 0.901021875 0.8289843749999999 0.9055546874999999 0.8268906250000001 0.9100890625 0.8268906250000001 0.91235625 0.8258421874999999 0.91235625 0.8216546875 0.907821875 0.8195593750000001 0.907821875 0.817465625 0.8987546875 0.8132765624999999 0.8987546875 0.81118125 0.8942203125000001 0.8090875000000001 0.8942203125000001 0.8069921875 0.8896875 0.8048984375 0.8896875 0.8028046874999999 0.878353125 0.7975671875 0.8670187500000001 0.8028046874999999 0.8670187500000001 0.8090875000000001 0.862484375 0.81118125 0.862484375 0.8132765624999999 0.85795 0.8153703125 0.85795 0.817465625 0.8488828125 0.8216546875 0.8488828125 0.8237484374999999 0.8420828124999999 0.8268906250000001 0.8375484375 0.8247953125 0.8239468750000001 0.8247953125 0.8194140624999999 0.8227015625 0.801278125 0.8227015625 0.7967453124999999 0.82060625 0.7740765625 0.82060625 0.7672749999999999 0.8237484374999999 0.7672749999999999 0.8321265625 0.771809375 0.8342203125 0.771809375 0.838409375 0.7763421875 0.8405046875 0.7763421875 0.8425984375000001 0.7808765625 0.8446921875 0.7808765625 0.8467874999999999 0.7854109375 0.84888125 0.7854109375 0.8509765625 0.7922109374999999 0.8541171875 0.8103453125 0.8541171875 0.8126125 0.8530703125000001 0.8216812499999999 0.8509765625 0.8216812499999999 0.8467874999999999 0.8262140625000001 0.8446921875 0.8262140625000001 0.8425984375000001 0.8307484374999999 0.8405046875 0.8307484374999999 0.838409375 0.8352812500000001 0.8363156249999999 0.8352812500000001 0.8342203125 0.8466156249999999 0.8289843749999999 0.8647515625000001 0.8289843749999999 0.869284375 0.8268906250000001 0.891953125 0.8268906250000001 0.8964874999999999 0.8289843749999999 0.901021875 0.8289843749999999
17 0.8103453125 0.9211406249999999 0.8148796875000001 0.9211406249999999 0.817146875 0.9200921875000001 0.817146875 0.9179984375 0.8148796875000001 0.9169515625000001 0.8103453125 0.9169515625000001 0.8080796875 0.9179984375 0.8080796875 0.9200921875000001 0.8103453125 0.9211406249999999