6 0 0 0 0.4796875 0.384940625 0.4796875 0.3965671875 0.42539375 0.408034375 0.19883125 0.37404375 0 0 0
13 0 0 0 0.229353125 0.046309375 0.285528125 0.062115624999999994 0.3380859375 0.0791390625 0.35983125 0.0900828125 0.35801875 0.1119703125 0.249284375 0.1253484375 0.21847656249999997 0.1338578125 0.22028906250000002 0.138721875 0.1985390625 0.12656406250000002 0.0426875 0.101025 0.03725 0.086434375 0.0444953125 0.0254234375 0 0 0
6 0.49408906249999995 0 0.46312031249999996 0.0525125 0.4473515625 0.111040625 0.4296875 0.1205125 0.4296875 0.4796875 0.8722796875000001 0.4796875 0.8233656249999999 0.3625125 0.571071875 0.1544 0.5734984375 0.1370546875 0.6195906250000001 0.10670781250000001 0.6620453125 0.0438390625 0.65523125 0 0.49408906249999995 0
13 0.4940421875 0 0.46554687499999997 0.0481765625 0.45220312500000004 0.10670781250000001 0.4296875 0.1195109375 0.4296875 0.4796875 0.8725234374999999 0.4796875 0.8658203125 0.4557296875 0.8282187499999999 0.37118281249999996 0.5674328125 0.14789531250000001 0.5734984375 0.132721875 0.6123125 0.115378125 0.65961875 0.0525125 0.6526234375 0 0.4940421875 0
6 0.39745625 1 0.4137625 0.952440625 0.4186078125 0.8601109375 0.40649375 0.85021875 0.39438125 0.8205406249999999 0.377421875 0.7974578125 0.3749984375 0.7842687500000001 0.3653078125 0.7743765625 0.377421875 0.7414015625 0.42103124999999997 0.6688562499999999 0.4296875 0.648659375 0.4296875 0.584075 0.4283 0.579825 0.40043749999999995 0.5386062500000001 0.3737875 0.5155234375 0.342290625 0.5122265625 0.32775468750000003 0.52211875 0.274453125 0.591365625 0.2623390625 0.6012578125 0.2514375 0.5633375 0.2187296875 0.49573906250000005 0.18965625 0.485846875 0.16300625 0.49573906250000005 0.13635625 0.49244062499999997 0.0927453125 0.5188203125 0.08063125 0.5452015625 0.0697296875 0.54685 0.06488437500000001 0.6259890625 0.06730625 0.6391796875 0.063671875 0.6441250000000001 0.0600390625 0.6095015625 0.047925 0.579825 0.0249078125 0.5550937499999999 0.011582812500000001 0.550146875 0.0067375 0.484196875 0.0029140625 0.4796875 0 0.4796875 0 1 0.39745625 1
3 0.2696078125 0.591365625 0.255071875 0.6144484375 0.221153125 0.6507203125000001 0.213884375 0.6507203125000001 0.2114609375 0.6573156250000001 0.196925 0.6540171875 0.1836 0.6655593750000001 0.186021875 0.705128125 0.1957140625 0.73480625 0.21025 0.7611859375 0.23568906250000002 0.7958093749999999 0.2696078125 0.828784375 0.2865671875 0.841975 0.31200625 0.8436234375 0.3180640625 0.841975 0.3507703125 0.7908640625000001 0.423453125 0.6655593750000001 0.4296875 0.65141875 0.4296875 0.5852171875 0.42103124999999997 0.5633375 0.4028609375 0.5386062500000001 0.36894218749999996 0.5122265625 0.33986875 0.5122265625 0.3301765625 0.5188203125 0.2696078125 0.591365625
21 0 0.833571875 0.0261203125 0.7875656249999999 0.057615625000000004 0.6754515624999999 0.0600390625 0.6424765625 0.0551921875 0.5963125 0.0418671875 0.57158125 0.017640625 0.5517953125 0.0091609375 0.5567421875 0.014006250000000001 0.632584375 0.0018921875000000002 0.6589640625000001 0 0.6610703124999999 0 0.833571875
21 0.396675 1 0.3992265625 0.9854156250000001 0.39680312500000003 0.9722250000000001 0.4089171875 0.9557375 0.40649375 0.9293578124999999 0.3955921875 0.91451875 0.3846890625 0.9095734375 0.377421875 0.8963828125 0.3749984375 0.8765984375 0.3677296875 0.870003125 0.3677296875 0.8601109375 0.356828125 0.8452718750000001 0.3035265625 0.8485687499999999 0.29868125 0.8551640624999999 0.25749374999999997 0.8716515625 0.24295781249999998 0.8848421875 0.2259984375 0.8881390625 0.2247875 0.8963828125 0.2114609375 0.9112218750000001 0.20419375 0.8980312500000001 0.1848109375 0.8848421875 0.170275 0.86505625 0.1557375 0.8551640624999999 0.1508921875 0.8452718750000001 0.0830546875 0.776025 0.07094062500000001 0.7661328125 0.056404687499999995 0.7661328125 0.030965625000000004 0.7842687500000001 0 0.8361390625 0 0.956746875 0.0321765625 0.9705765625 0.066765625 1 0.396675 1
17 0.1339328125 0.49244062499999997 0.1169734375 0.49903593749999997 0.09516875 0.5155234375 0.0891109375 0.5237671875000001 0.08184375 0.550146875 0.06488437500000001 0.566634375 0.06488437500000001 0.5897171875 0.0721515625 0.6062046875 0.0697296875 0.6457734375 0.0721515625 0.7117234375 0.1000140625 0.729859375 0.112128125 0.729859375 0.1169734375 0.7364546875 0.1290875 0.7364546875 0.13635625 0.74305 0.14483593749999998 0.7414015625 0.179965625 0.6540171875 0.20177031250000002 0.640828125 0.223575 0.6441250000000001 0.2284203125 0.640828125 0.2502265625 0.6177453125000001 0.26112812500000004 0.5963125 0.253859375 0.566634375 0.227209375 0.513875 0.2247875 0.500684375 0.21630781250000003 0.49244062499999997 0.1993484375 0.485846875 0.1775421875 0.485846875 0.1654296875 0.49573906250000005 0.1339328125 0.49244062499999997
6 1 0.4796875 0.4296875 0.4796875 0.4296875 1 1 1 1 0.4796875
14 0.9592609375000001 1 0.9508234375000001 0.9806734374999999 0.9313687500000001 0.9720125 0.9094828125 0.9286843749999999 0.8243625 0.9373453125 0.809771875 0.9893390625 0.7903171875 0.9936734375 0.7861203125 1 0.9592609375000001 1
14 1 0.7633140625 0.9702828125 0.729375 0.94353125 0.725040625 0.8851625000000001 0.6773796875 0.8657078125 0.6817140625 0.8426046875000001 0.7315406249999999 0.837740625 0.7575359374999999 0.8474656250000001 0.8225296875 0.88273125 0.8853515625 0.9021859375 0.9113515624999999 0.9094828125 0.9113515624999999 0.9313687500000001 0.9590125 0.954471875 0.9655125 0.9629859375 0.9633453125000001 0.99825 0.896184375 0.99825 0.8485234374999999 1 0.8450156249999999 1 0.7633140625
14 0.527665625 0.9720125 0.5702234374999999 0.9698453125000001 0.58116875 0.9590125 0.6176468749999999 0.954678125 0.6358890625 0.9308453125 0.6358890625 0.8745234375000001 0.6310234375 0.8658578125 0.6334562499999999 0.7012078125000001 0.6103500000000001 0.5300640624999999 0.5763046875 0.5300640624999999 0.5617109375 0.547396875 0.513071875 0.5603921875 0.4863203125 0.577725 0.472946875 0.614553125 0.472946875 0.7012078125000001 0.51185625 0.896184375 0.5142890625 0.9481781249999999 0.527665625 0.9720125
14 0.4571375 0.55173125 0.4296875 0.5479671875000001 0.4296875 0.84555 0.46686562499999995 0.8376906249999999 0.4778109375 0.8268625000000001 0.4778109375 0.74886875 0.47051406250000005 0.7012078125000001 0.472946875 0.571225 0.4571375 0.55173125
14 0.5044328124999999 1 0.49483437500000005 0.9871734375000001 0.497265625 0.9481781249999999 0.47902812499999997 0.9070171874999999 0.4522765625 0.8853515625 0.4296875 0.8853515625 0.4296875 1 0.45396093750000005 1 0.45956875 0.98500625 0.4741625 0.98500625 0.4774 1 0.5044328124999999 1