6 0.199540625 0 0.1637171875 0.008975 0.1303875 0.057948437500000005 0.11889687499999999 0.1084078125 0.1257890625 0.158865625 0.16256718750000002 0.2508765625 0.134984375 0.27758906250000004 0.1338359375 0.299853125 0.11085 0.2790734375 0.0625828125 0.2820421875 0.060282812500000005 0.26423593749999996 0.059134374999999996 0.2894640625 0.0258046875 0.302821875 0 0.3415484375 0 0.36875 0.4796875 0.36875 0.4796875 0 0.199540625 0
12 0.1799140625 0 0.1614171875 0.01194375 0.134984375 0.049046875000000004 0.11889687499999999 0.10247187499999999 0.1211953125 0.1410578125 0.1510734375 0.23010156249999997 0.1637171875 0.2464234375 0.2027890625 0.270171875 0.247609375 0.2686875 0.2855359375 0.24939218749999997 0.31196875 0.218228125 0.33035625 0.1737078125 0.3349546875 0.11434531249999999 0.23267031249999998 0.0030390625 0.22718124999999997 0 0.1799140625 0
6 0.8112265624999999 0 0.74476875 0.045878125 0.7815453125 0.1496265625 0.720634375 0.15481406250000002 0.6792625 0.230896875 0.660875 0.22743750000000001 0.61490625 0.3138921875 0.5574421875 0.3588515625 0.5524 0.36875 1 0.36875 1 0.10260156250000001 0.9646421875 0 0.8112265624999999 0
18 0.8170515625 0 0.74476875 0.05625 0.8780828125 0.34329062499999996 0.8795328124999999 0.36875 1 0.36875 1 0.103240625 0.9646265625 0 0.8170515625 0
6 0.4796875 1 0.4796875 0.4282609375 0.451903125 0.4282609375 0.4013359375 0.469234375 0.3576640625 0.432359375 0.3346796875 0.456940625 0.3300828125 0.432359375 0.309396875 0.4446515625 0.27261875 0.41187031249999995 0.26112812500000004 0.41187031249999995 0.249634375 0.44875 0.2174546875 0.46103750000000004 0.20826250000000002 0.5020109374999999 0.189875 0.456940625 0.033576562500000004 0.45284218750000005 0.0174875 0.432359375 0 0.436425 0 1 0.4796875 1
13 0.2588296875 0.723265625 0.2772171875 0.7437546875 0.29100625 0.7437546875 0.309396875 0.7642390625 0.3530671875 0.7683375 0.3599640625 0.7765328125 0.3978875 0.774484375 0.40248437499999995 0.7662875 0.40248437499999995 0.7335109375 0.39099062500000004 0.6843421875 0.39099062500000004 0.66795625 0.3978875 0.639271875 0.40018593750000003 0.6023968749999999 0.3944390625 0.5880546875 0.3760515625 0.57166875 0.33238124999999996 0.559375 0.309396875 0.5634734375 0.29100625 0.6003484375 0.27261875 0.6208375 0.26112812500000004 0.624934375 0.23699374999999998 0.663859375 0.2473359375 0.723265625 0.2588296875 0.723265625
13 0.05311249999999999 0.6556625 0.060009375 0.6843421875 0.0715 0.7171203125 0.07494843749999999 0.723265625 0.0806953125 0.7212171875 0.10253125 0.68229375 0.114025 0.6945875 0.17838125 0.7150703125 0.184128125 0.6884406249999999 0.201365625 0.649515625 0.22090312499999998 0.6474671875 0.22090312499999998 0.6105921875 0.201365625 0.5675703125 0.1760828125 0.542984375 0.141603125 0.5388859375 0.1094265625 0.5634734375 0.08414374999999999 0.5511796875 0.06920156250000001 0.577815625 0.060009375 0.6228859375 0.05311249999999999 0.6351734375 0.05311249999999999 0.6556625
17 0.4796875 1 0.4796875 0.7703515624999999 0.45879843749999993 0.7437546875 0.44500624999999994 0.760140625 0.4346640625 0.7867765624999999 0.42317031250000003 0.8605265624999999 0.420871875 0.9424734375 0.4358109375 0.9772984375 0.46109375 0.9895921875000001 0.4704359375 1 0.4796875 1
14 0 0.6413968750000001 0.023231250000000002 0.6433703125 0.047365625 0.6331249999999999 0.057710937500000004 0.6146906249999999 0.060009375 0.5614234375 0.048515625 0.528646875 0.048515625 0.5204515625 0.0393234375 0.4999625 0.0324265625 0.454890625 0.0174875 0.432359375 0.0013968750000000001 0.432359375 0 0.4341984375 0 0.6413968750000001
17 0.345021875 0.9178906250000001 0.355365625 0.9363265625 0.362259375 0.9363265625 0.3760515625 0.9486203124999999 0.3955890625 0.9465703124999999 0.4059328125 0.9445218750000001 0.4185734375 0.9342765625 0.4185734375 0.9096953125 0.42317031250000003 0.8851140624999999 0.42317031250000003 0.8441359374999999 0.420871875 0.8359453125 0.3967375 0.784728125 0.3898421875 0.7806296875000001 0.3599640625 0.7806296875000001 0.35076874999999996 0.772434375 0.3231859375 0.772434375 0.315140625 0.7867765624999999 0.31284375 0.8031625 0.3243359375 0.848234375 0.34042343750000004 0.8933046875 0.345021875 0.9178906250000001
6 1 0.8158609374999999 0.9867421875 0.8089078125 0.8145140625 0.6706562500000001 0.4796875 0.5040796875 0.4796875 1 1 1 1 0.8158609374999999