6 0 0.8667 0.0458984375 0.8614671875000001 0.0615234375 0.8510046875 0.0810546875 0.8649546875 0.0908203125 0.8614671875000001 0.09375 0.9120390625000001 0.083984375 0.9329656249999999 0.0986328125 0.9591234375000001 0.1298828125 0.924246875 0.1435546875 0.924246875 0.142578125 0.9364531250000001 0.1572265625 0.9626109375 0.1826171875 0.9661 0.1904296875 0.9521484375 0.2001953125 0.9626109375 0.205078125 0.9713312500000001 0.2041015625 0.9974890625 0.654296875 0.9992328125000001 0.9990234375 0.9974890625 1 0.7795062500000001 0.9501953125 0.7777624999999999 0.9345703125 0.7184703125 0.9228515625 0.7080078125 0.9091796875 0.725446875 0.8984375 0.6992890625 0.9208984375 0.69405625 0.921875 0.6818500000000001 0.8955078125 0.68359375 0.8779296875 0.6661546875 0.875 0.6469734375 0.861328125 0.629534375 0.8515625 0.59116875 0.8408203125 0.5719859375 0.8154296875 0.5545484375 0.7939453125 0.5161828125000001 0.7666015625 0.5161828125000001 0.7607421875 0.5022328125 0.7451171875 0.5092078124999999 0.6982421875 0.48130625 0.6748046875 0.48479374999999997 0.669921875 0.4690984375 0.669921875 0.4132953125 0.6337890625 0.3592359375 0.5986328125 0.3801625 0.5771484375 0.40108750000000004 0.5595703125 0.43596562499999997 0.5537109375 0.43596562499999997 0.5458984375 0.4220140625 0.51953125 0.4167828125 0.517578125 0.3609796875 0.5126953125 0.345284375 0.4873046875 0.3592359375 0.4345703125 0.3173828125 0.4130859375 0.3173828125 0.3837890625 0.331334375 0.3623046875 0.331334375 0.3447265625 0.348771875 0.3173828125 0.348771875 0.2919921875 0.3243578125 0.2763671875 0.3208703125 0.2353515625 0.334821875 0.232421875 0.350515625 0.220703125 0.36446718749999996 0.220703125 0.37841874999999997 0.2265625 0.38539375 0.2099609375 0.42550156250000004 0.2041015625 0.42899062499999996 0.1787109375 0.3976 0.1455078125 0.40108750000000004 0.1220703125 0.4220140625 0.1162109375 0.43596562499999997 0.0830078125 0.41155156249999997 0.0673828125 0.42550156250000004 0.0439453125 0.4708421875 0.0341796875 0.47781874999999996 0.0244140625 0.5057203125 0 0.5074640625 0 0.8667
7 0.783203125 0.643484375 0.814453125 0.7306781250000001 0.826171875 0.737653125 0.8447265625 0.721959375 0.845703125 0.7097515624999999 0.8095703125 0.6103515625 0.7880859375 0.6138390625000001 0.783203125 0.643484375
17 0.8212890625 0.931221875 0.80859375 0.8806499999999999 0.7939453125 0.8614671875000001 0.7763671875 0.86844375 0.7646484375 0.9068078125 0.7568359375 0.9068078125 0.7451171875 0.8858812500000001 0.7119140625 0.88936875 0.7021484375 0.86844375 0.6953125 0.8736750000000001 0.69921875 0.8841374999999999 0.697265625 0.9120390625000001 0.70703125 0.9399421875 0.7392578125 0.9974890625 0.783203125 0.9992328125000001 0.8603515625 0.9974890625 0.861328125 0.9573796874999999 0.8583984375 0.9486609375 0.8388671875 0.9486609375 0.8212890625 0.931221875
13 0.7529296875 0.739396875 0.7431640625 0.7289343749999999 0.7294921875 0.732421875 0.697265625 0.7829937499999999 0.693359375 0.8248468750000001 0.705078125 0.8736750000000001 0.7138671875 0.88936875 0.7431640625 0.87890625 0.7578125 0.9050640624999999 0.767578125 0.8980890625000001 0.771484375 0.8771625000000001 0.78515625 0.8527484375000001 0.7890625 0.8248468750000001 0.7529296875 0.739396875
13 0.908203125 0.77601875 0.8974609375 0.7498609375 0.890625 0.7585796874999999 0.8857421875 0.7847375000000001 0.8740234375 0.7777624999999999 0.86328125 0.7934578125 0.869140625 0.8039203125000001 0.87109375 0.8597234374999999 0.892578125 0.9259906250000001 0.8974609375 0.927734375 0.9033203125 0.9102953125000001 0.927734375 0.8876250000000001 0.912109375 0.8318218749999999 0.908203125 0.77601875
13 0.859375 0.8422859375 0.7978515625 0.833565625 0.794921875 0.8597234374999999 0.814453125 0.8876250000000001 0.8203125 0.9259906250000001 0.83984375 0.9469171875000001 0.8505859375 0.9451734374999999 0.85546875 0.9329656249999999 0.849609375 0.9120390625000001 0.861328125 0.8841374999999999 0.859375 0.8422859375
13 0.6484375 0.4237578125 0.658203125 0.39585625 0.6318359375 0.3557484375 0.5791015625 0.3976 0.544921875 0.4621234375 0.5458984375 0.49874375000000004 0.5869140625 0.48828125 0.603515625 0.5004890625 0.6474609375 0.48828125 0.6689453125 0.5022328125 0.681640625 0.490025 0.658203125 0.45166093749999997 0.6484375 0.4237578125
13 0.744140625 0.5109515625000001 0.7353515625 0.49874375000000004 0.6982421875 0.48130625 0.6669921875 0.5057203125 0.6376953125 0.48828125 0.609375 0.5074640625 0.6142578125 0.5405968750000001 0.6357421875 0.526646875 0.6591796875 0.5719859375 0.68359375 0.5876812499999999 0.7138671875 0.5684984375 0.7236328125 0.544084375 0.7392578125 0.547571875 0.744140625 0.5388531249999999 0.744140625 0.5109515625000001
13 0.607421875 0.5074640625 0.5869140625 0.48828125 0.5478515625 0.49874375000000004 0.5322265625 0.5126953125 0.5234375 0.5388531249999999 0.5302734375 0.5684984375 0.55859375 0.59116875 0.5625 0.6051203125 0.55859375 0.6330218750000001 0.568359375 0.6469734375 0.58203125 0.6469734375 0.587890625 0.6051203125 0.599609375 0.59465625 0.609375 0.542340625 0.607421875 0.5074640625
13 0.47265625 0.8422859375 0.458984375 0.8213593749999999 0.453125 0.78648125 0.4423828125 0.7603234375000001 0.4345703125 0.7498609375 0.4228515625 0.7498609375 0.3857421875 0.7672984375 0.3623046875 0.788225 0.3193359375 0.840540625 0.296875 0.8911140625 0.28515625 0.9050640624999999 0.283203125 0.9608671875000001 0.3212890625 0.9765625 0.328125 0.9957453125000001 0.4208984375 0.9974890625 0.4501953125 0.938196875 0.466796875 0.9190156249999999 0.47265625 0.8946015624999999 0.47265625 0.8422859375
13 0.4931640625 0.7080078125 0.4599609375 0.6975453125 0.4404296875 0.7114953125000001 0.431640625 0.7446296875 0.44921875 0.76904375 0.458984375 0.817871875 0.46875 0.8318218749999999 0.4755859375 0.833565625 0.48828125 0.8074078124999999 0.5 0.7550921875000001 0.5 0.7341656249999999 0.4931640625 0.7080078125
13 0.400390625 0.6958015625 0.40625 0.7027765625 0.40625 0.7167265625 0.400390625 0.7550921875000001 0.4267578125 0.7498609375 0.4453125 0.6853374999999999 0.4365234375 0.67661875 0.4033203125 0.68359375 0.400390625 0.6958015625
13 0.607421875 0.7062640625000001 0.5908203125 0.6870812500000001 0.5771484375 0.68359375 0.5693359375 0.6661546875 0.5595703125 0.6696421875 0.5322265625 0.6556921874999999 0.51953125 0.6783625 0.51171875 0.720215625 0.5 0.7341656249999999 0.5 0.7585796874999999 0.5048828125 0.774275 0.5166015625 0.7707875 0.5302734375 0.7917125 0.5380859375 0.788225 0.54296875 0.8004328125000001 0.548828125 0.8004328125000001 0.5537109375 0.7777624999999999 0.5888671875 0.7638109375 0.6015625 0.737653125 0.607421875 0.7062640625000001
13 0.578125 0.8318218749999999 0.5673828125 0.7986890625 0.4921875 0.8422859375 0.486328125 0.8701874999999999 0.515625 0.9225031250000001 0.5224609375 0.924246875 0.53125 0.9120390625000001 0.5556640625 0.8510046875 0.57421875 0.8632109375000001 0.578125 0.8318218749999999
13 0.5107421875 0.938196875 0.513671875 0.9259906250000001 0.4892578125 0.88239375 0.4794921875 0.88239375 0.470703125 0.915528125 0.4296875 0.9817937499999999 0.4306640625 0.9974890625 0.439453125 0.9992328125000001 0.5068359375 0.9974890625 0.509765625 0.9922578124999999 0.49609375 0.9608671875000001 0.498046875 0.9469171875000001 0.5107421875 0.938196875
13 0.2734375 0.8946015624999999 0.2607421875 0.8858812500000001 0.2216796875 0.9137828125 0.22265625 0.9399421875 0.19921875 0.9957453125000001 0.2158203125 0.9974890625 0.2314453125 0.98005 0.2802734375 0.98005 0.28125 0.9190156249999999 0.2734375 0.8946015624999999
13 0.2578125 0.8876250000000001 0.2392578125 0.8510046875 0.2158203125 0.8370531250000001 0.185546875 0.8806499999999999 0.185546875 0.9364531250000001 0.201171875 0.96435625 0.2060546875 0.9661 0.22265625 0.9399421875 0.220703125 0.9190156249999999 0.2255859375 0.9102953125000001 0.2578125 0.8876250000000001
13 0.1435546875 0.7533484374999999 0.1318359375 0.732421875 0.1171875 0.7516046875 0.109375 0.77253125 0.109375 0.7934578125 0.1142578125 0.7986890625 0.1220703125 0.78125 0.140625 0.8387968750000001 0.1640625 0.8248468750000001 0.1640625 0.8143828125000001 0.181640625 0.78648125 0.1806640625 0.7533484374999999 0.1435546875 0.7533484374999999
13 0.2001953125 0.7952015625 0.1826171875 0.788225 0.166015625 0.8108953124999999 0.166015625 0.8248468750000001 0.1708984375 0.840540625 0.19140625 0.8632109375000001 0.1962890625 0.8649546875 0.208984375 0.8422859375 0.208984375 0.8318218749999999 0.201171875 0.8283343750000001 0.2001953125 0.7952015625
13 0.1181640625 0.6382531250000001 0.087890625 0.6818500000000001 0.0966796875 0.7010328125 0.1142578125 0.7045203124999999 0.12890625 0.720215625 0.1513671875 0.7184703125 0.166015625 0.7027765625 0.154296875 0.6574359375000001 0.1376953125 0.6312781249999999 0.1181640625 0.6382531250000001
13 0.2412109375 0.67661875 0.1982421875 0.69056875 0.1875 0.7097515624999999 0.1875 0.723703125 0.203125 0.7446296875 0.2236328125 0.7463734375 0.2490234375 0.725446875 0.255859375 0.7027765625 0.25390625 0.6818500000000001 0.2412109375 0.67661875
13 0.2431640625 0.5650109375000001 0.236328125 0.58070625 0.236328125 0.6051203125 0.2265625 0.6504609375 0.23046875 0.6783625 0.2548828125 0.67313125 0.275390625 0.6330218750000001 0.27734375 0.6051203125 0.2587890625 0.5650109375000001 0.2431640625 0.5650109375000001
13 0.31640625 0.6190703125 0.3203125 0.6504609375 0.328125 0.6365093749999999 0.328125 0.6190703125 0.3076171875 0.5894250000000001 0.3046875 0.6051203125 0.31640625 0.6190703125
13 0.2880859375 0.5929125 0.279296875 0.6086078125000001 0.275390625 0.6330218750000001 0.26171875 0.6574359375000001 0.26171875 0.6853374999999999 0.26953125 0.7027765625 0.2861328125 0.7010328125 0.314453125 0.6609234374999999 0.314453125 0.6365093749999999 0.2958984375 0.5929125 0.2880859375 0.5929125
13 0.435546875 0.6120953124999999 0.4248046875 0.5998890625 0.4013671875 0.5964 0.3857421875 0.6068640624999999 0.3779296875 0.5998890625 0.3564453125 0.6173265625 0.3486328125 0.634765625 0.32421875 0.6574359375000001 0.322265625 0.6992890625 0.337890625 0.723703125 0.3935546875 0.7114953125000001 0.4052734375 0.6801062499999999 0.4296875 0.6609234374999999 0.435546875 0.639996875 0.435546875 0.6120953124999999
13 0.4677734375 0.40457656249999996 0.4501953125 0.390625 0.4169921875 0.40457656249999996 0.40234375 0.4202703125 0.40234375 0.448171875 0.4111328125 0.4708421875 0.4326171875 0.46735468750000003 0.45703125 0.5074640625 0.4638671875 0.5092078124999999 0.4853515625 0.48828125 0.5068359375 0.48828125 0.509765625 0.4795625 0.4677734375 0.40457656249999996
13 0.3623046875 0.331334375 0.3583984375 0.345284375 0.3505859375 0.345284375 0.3330078125 0.3662109375 0.32421875 0.39236875000000004 0.3388671875 0.43596562499999997 0.369140625 0.4551484375 0.390625 0.444684375 0.390625 0.4098078125 0.38671875 0.350515625 0.3720703125 0.331334375 0.3623046875 0.331334375
13 0.4208984375 0.3173828125 0.38671875 0.347028125 0.388671875 0.38539375 0.3974609375 0.3976 0.4052734375 0.390625 0.4140625 0.40283281249999997 0.4423828125 0.3871375 0.453125 0.36795468750000004 0.435546875 0.35400468749999997 0.4345703125 0.3208703125 0.4208984375 0.3173828125
13 0.478515625 0.37841874999999997 0.482421875 0.38539375 0.5166015625 0.3801625 0.51953125 0.3714421875 0.515625 0.347028125 0.4892578125 0.3627234375 0.478515625 0.37841874999999997
13 0.1748046875 0.3976 0.1513671875 0.3976 0.1279296875 0.4150390625 0.12109375 0.430734375 0.125 0.4621234375 0.162109375 0.497 0.1689453125 0.49874375000000004 0.19140625 0.4690984375 0.201171875 0.434221875 0.19921875 0.4237578125 0.1748046875 0.3976
13 0.0771484375 0.41155156249999997 0.052734375 0.45166093749999997 0.044921875 0.4865375 0.08984375 0.5039765625 0.0986328125 0.5022328125 0.11328125 0.4795625 0.119140625 0.45166093749999997 0.0927734375 0.41155156249999997 0.0771484375 0.41155156249999997
13 0.0771484375 0.5126953125 0.05859375 0.531878125 0.064453125 0.58070625 0.078125 0.6051203125 0.0927734375 0.6033765625 0.09765625 0.59116875 0.103515625 0.528390625 0.1005859375 0.5057203125 0.0771484375 0.5126953125
13 0.0673828125 0.7045203124999999 0.0458984375 0.7010328125 0.0009765625 0.7289343749999999 0 0.8039203125000001 0.013671875 0.8213593749999999 0.033203125 0.8074078124999999 0.0458984375 0.7533484374999999 0.0830078125 0.742884375 0.087890625 0.727190625 0.0673828125 0.7045203124999999
17 0.58203125 0.8841374999999999 0.5732421875 0.8649546875 0.5517578125 0.8614671875000001 0.537109375 0.9015765625000001 0.50390625 0.9504046875000001 0.501953125 0.9678437499999999 0.515625 0.9957453125000001 0.578125 0.9957453125000001 0.572265625 0.9713312500000001 0.58203125 0.9469171875000001 0.583984375 0.9225031250000001 0.58203125 0.8841374999999999
13 0.2294921875 0.45340468749999996 0.20703125 0.48305 0.21484375 0.5179265625 0.2431640625 0.5126953125 0.2578125 0.4865375 0.2578125 0.47607499999999997 0.2431640625 0.4568921875 0.2294921875 0.45340468749999996
13 0.2548828125 0.46735468750000003 0.263671875 0.437709375 0.2490234375 0.4220140625 0.2021484375 0.42899062499999996 0.1953125 0.5039765625 0.19921875 0.5179265625 0.2109375 0.5179265625 0.20703125 0.48305 0.2119140625 0.47432968750000004 0.2294921875 0.45340468749999996 0.2548828125 0.46735468750000003
13 0.31640625 0.350515625 0.2880859375 0.3208703125 0.2724609375 0.3208703125 0.2431640625 0.3557484375 0.2314453125 0.348771875 0.224609375 0.3574921875 0.224609375 0.3714421875 0.240234375 0.39236875000000004 0.2490234375 0.3941125 0.2626953125 0.3662109375 0.2919921875 0.3871375 0.3134765625 0.3662109375 0.31640625 0.350515625
13 0.1435546875 0.5336218749999999 0.138671875 0.542340625 0.138671875 0.5632671874999999 0.150390625 0.6190703125 0.1650390625 0.6173265625 0.173828125 0.6016328125 0.17578125 0.5667546875 0.1689453125 0.547571875 0.1435546875 0.5336218749999999
13 0.2080078125 0.5964 0.201171875 0.6120953124999999 0.201171875 0.643484375 0.20703125 0.6539484375 0.2255859375 0.6487171875 0.228515625 0.639996875 0.232421875 0.6086078125000001 0.2216796875 0.5894250000000001 0.2080078125 0.5964
13 0.5146484375 0.42550156250000004 0.501953125 0.4551484375 0.5029296875 0.46735468750000003 0.5283203125 0.48479374999999997 0.53125 0.5039765625 0.54296875 0.5004890625 0.544921875 0.4586359375 0.5546875 0.437709375 0.5439453125 0.4220140625 0.5146484375 0.42550156250000004
13 0.724609375 0.7062640625000001 0.7197265625 0.7010328125 0.6943359375 0.7184703125 0.669921875 0.77601875 0.654296875 0.7934578125 0.64453125 0.8318218749999999 0.6572265625 0.833565625 0.6904296875 0.78125 0.7197265625 0.7498609375 0.7265625 0.720215625 0.724609375 0.7062640625000001
13 0.9580078125 0.8649546875 0.9326171875 0.8719312499999999 0.919921875 0.9015765625000001 0.916015625 0.9364531250000001 0.919921875 0.9469171875000001 0.9365234375 0.9451734374999999 0.9462890625 0.931221875 0.9755859375 0.938196875 0.978515625 0.9120390625000001 0.9580078125 0.8649546875
13 0.1640625 0.720215625 0.1640625 0.737653125 0.169921875 0.7481171875 0.193359375 0.7446296875 0.1806640625 0.69056875 0.16796875 0.6958015625 0.169921875 0.7132390625 0.1640625 0.720215625