6 0 0 0 0.56875 0.509375 0.56875 0.509375 0 0 0
3 0.2731 0.3787921875 0.25150937500000003 0.3846703125 0.20832812500000003 0.41993437499999997 0.1888953125 0.4140578125 0.1716234375 0.4258125 0.1651453125 0.449321875 0.117646875 0.48164843749999997 0.101453125 0.509565625 0.101453125 0.524259375 0.11440781250000001 0.5595234375 0.1188140625 0.56875 0.38785156249999997 0.56875 0.3821328125 0.5565859375 0.341109375 0.509565625 0.3389515625 0.4919328125 0.3108828125 0.42728124999999995 0.2838953125 0.3846703125 0.2731 0.3787921875
3 0 0.41551875000000005 0.022646875 0.4081796875 0.043159375 0.38613906249999996 0.0517953125 0.36556875 0.0539546875 0.33911875 0.0496359375 0.3097328125 0.031284374999999996 0.28181406249999996 0.0140109375 0.270059375 0 0.26832500000000004 0 0.41551875000000005
3 0 0.23479531250000002 0.007534375 0.23479531250000002 0.0161703125 0.240671875 0.03668125 0.23920312500000002 0.042079687500000004 0.23479531250000002 0.04855625 0.2377328125 0.055034375 0.23479531250000002 0.062590625 0.21569218750000002 0.06475 0.1245921875 0.057192187500000005 0.1113671875 0.046396875 0.1025515625 0.0183296875 0.0996125 0.0086140625 0.10989843749999999 0 0.1450703125 0 0.23479531250000002
16 0.057192187500000005 0.284753125 0.0658296875 0.284753125 0.0787828125 0.29356875 0.082021875 0.3126703125 0.09605625 0.32589531250000003 0.1392375 0.3405890625 0.20185 0.372915625 0.23315625 0.3714453125 0.2504296875 0.350875 0.25474687500000004 0.33911875 0.25474687500000004 0.3038546875 0.2525875 0.2950390625 0.2407140625 0.278875 0.227759375 0.270059375 0.11116875 0.2230390625 0.10253281249999999 0.2230390625 0.0787828125 0.2377328125 0.059351562499999996 0.23185625 0.0474765625 0.24801875 0.0453171875 0.2656515625 0.0474765625 0.2744671875 0.057192187500000005 0.284753125
16 0.1629875 0.2054078125 0.1716234375 0.21128437500000002 0.2029296875 0.21569218750000002 0.22236093750000002 0.195121875 0.230996875 0.15985625 0.2439515625 0.136346875 0.2525875 0.0952046875 0.25906562499999997 0.0805109375 0.25690625 0.057001562500000005 0.2320765625 0.0202671875 0.20616875 0.0290828125 0.192134375 0.0481859375 0.1748625 0.09226562499999999 0.17054375 0.11577656249999999 0.1575890625 0.136346875 0.1511125 0.15691875 0.1629875 0.2054078125
16 0.2202015625 0.2303859375 0.2202015625 0.2450796875 0.230996875 0.2627125 0.230996875 0.26859062499999997 0.24935000000000002 0.2876921875 0.25690625 0.28622187499999996 0.2795765625 0.28181406249999996 0.2914515625 0.26859062499999997 0.297928125 0.2509578125 0.3000875 0.21569218750000002 0.3108828125 0.18630625 0.3108828125 0.1481015625 0.30440625 0.13047031250000002 0.2882125 0.1172453125 0.270940625 0.11430625000000001 0.2579859375 0.12018437500000001 0.2461109375 0.1334078125 0.23747500000000002 0.15691875 0.235315625 0.1921828125 0.2202015625 0.2303859375
16 0.254434375 0 0.2461109375 0.015859375000000002 0.2439515625 0.0334921875 0.25906562499999997 0.057001562500000005 0.261225 0.0716953125 0.270940625 0.0790421875 0.2763375 0.077571875 0.3033265625 0.0731640625 0.3270765625 0.0408390625 0.36269999999999997 0.00998125 0.3613671875 0 0.254434375 0
16 0.0003875 0 0 0.000175 0 0.0305953125 0.005375 0.0408390625 0.03668125 0.03936875 0.044239062499999995 0.032021875 0.0679875 0.0379 0.10253281249999999 0.0379 0.16946406249999998 0.0055734375 0.188403125 0 0.0003875 0
16 0.144634375 0.15691875 0.1511125 0.15104062499999998 0.168384375 0.11871406250000001 0.172703125 0.1010828125 0.166225 0.06287812499999999 0.15866875 0.052593749999999995 0.1500328125 0.052593749999999995 0.1435546875 0.0437765625 0.1306015625 0.0379 0.1154875 0.0437765625 0.101453125 0.06875624999999999 0.0971359375 0.13047031250000002 0.11116875 0.149571875 0.12412343749999999 0.15544843749999998 0.144634375 0.15691875
12 0 0.497815625 0.015090625 0.50075 0.019409375 0.494871875 0.017249999999999998 0.4889953125 0.0021359375 0.4684234375 0.005375 0.4669546875 0.0204890625 0.48752500000000004 0.026965625 0.48752500000000004 0.0323640625 0.480178125 0.0323640625 0.4713625 0.00969375 0.449321875 0 0.42953125 0 0.497815625
12 0.3108828125 0.074634375 0.30440625 0.09814375 0.306565625 0.10402031249999999 0.30440625 0.12753125 0.3475875 0.2362640625 0.36269999999999997 0.3097328125 0.376734375 0.32589531250000003 0.3875296875 0.331771875 0.41451874999999994 0.33030312500000003 0.424234375 0.328834375 0.427471875 0.3185484375 0.43287031249999997 0.31120156250000003 0.44150625000000004 0.3082625 0.4469046875 0.2950390625 0.4469046875 0.2627125 0.4382671875 0.224509375 0.42531406250000003 0.11871406250000001 0.41451874999999994 0.08932812500000001 0.39616562499999997 0.0643484375 0.37889375 0.052593749999999995 0.3594625 0.046715625 0.333553125 0.052593749999999995 0.3108828125 0.074634375
6 0.509375 0 0.509375 0.56875 1 0.56875 1 0 0.509375 0
6 0.509375 1 0.509375 0.56875 0 0.56875 0 1 0.509375 1
16 0 0.796621875 0.0250015625 0.81410625 0.0456171875 0.865175 0.084678125 0.8914453124999999 0.149784375 0.88560625 0.175821875 0.938140625 0.1921 0.93959375 0.22248125000000002 0.907496875 0.23984375 0.8549625000000001 0.1899296875 0.8111859375 0.1769078125 0.7469796875 0.14761249999999998 0.6988234375 0 0.571996875 0 0.796621875
3 0.3060328125 0.8710140624999999 0.353775 0.9323015625 0.46119843749999995 0.9629453124999999 0.509375 0.9486671875000001 0.509375 0.9032406249999999 0.4492625 0.9147890625 0.418878125 0.897278125 0.363540625 0.7995078125 0.363540625 0.7557328125 0.383075 0.71195625 0.3787328125 0.662340625 0.403690625 0.6550484375 0.4319 0.6200249999999999 0.4818140625 0.6200249999999999 0.47855781249999996 0.5835421875 0.495559375 0.56875 0.2261859375 0.56875 0.1855921875 0.662340625 0.1921 0.7790828125 0.22139999999999999 0.8272375000000001 0.2821609375 0.8622546874999999 0.2886734375 0.8797671875 0.3060328125 0.8710140624999999
15 0.19385625 1 0.1595484375 0.9016578125000001 0.149784375 0.8885249999999999 0.1367625 0.8885249999999999 0.13350625 0.9016578125000001 0.14435625000000002 0.9366796875000001 0.1683609375 1 0.19385625 1
6 1 0.6550734375 0.9996203124999999 0.6555984375 0.9899078125 0.6481296875 0.9942249999999999 0.6421546874999999 0.9942249999999999 0.6361796875 0.9855921875 0.6272171875 0.9877499999999999 0.6033171875 0.9845140625000001 0.604809375 0.9812765625000001 0.6003296875 0.9888296875 0.598834375 0.9920671875 0.5943546875 0.9899078125 0.5853906249999999 0.9920671875 0.582403125 0.9899078125 0.576428125 0.9942249999999999 0.570453125 0.9942249999999999 0.56875 0.509375 0.56875 0.509375 0.8505390625 0.5420921875 0.8916171875 0.5701484375 0.8975921874999999 0.5895718750000001 0.9185046874999999 0.5938890625 0.9185046874999999 0.6089953125 0.9304546874999999 0.63489375 0.93941875 0.645684375 0.93941875 0.6446046875 0.9439 0.65 0.95136875 0.6543171875 0.9483812500000001 0.6694234375 0.96929375 0.6758984375 0.97228125 0.7082703125 0.97228125 0.716903125 0.98423125 0.73416875 0.99618125 0.7481953125 0.9946890625 0.749275 0.99020625 0.7428 0.99020625 0.73416875 0.98124375 0.72121875 0.9782562499999999 0.7158234375 0.9678000000000001 0.7298515625 0.95734375 0.732009375 0.95136875 0.7579078124999999 0.9782562499999999 0.7686984375 0.9782562499999999 0.77733125 0.98423125 0.7902796875 0.98423125 0.7924375 0.98721875 0.8118609375 0.98423125 0.8161781250000001 0.9782562499999999 0.82696875 0.97526875 0.852865625 0.95435625 0.8614984375000001 0.95136875 0.87660625 0.9334421875000001 0.8852390625 0.9304546874999999 0.902503125 0.9065546875000001 0.915453125 0.9065546875000001 0.9176109374999999 0.9035671875 0.952140625 0.9065546875000001 0.9855921875 0.8692109374999999 0.9920671875 0.842321875 1 0.8313406249999999 1 0.6550734375