6 0.2464265625 0.40086562499999995 0.2484015625 0.403825 0.2641984375 0.403825 0.272096875 0.4097453125 0.28888125 0.408265625 0.2948046875 0.40530625000000003 0.2948046875 0.39050625 0.28888125 0.3609078125 0.29085625 0.3283484375 0.28197031250000004 0.3150296875 0.27012187499999996 0.3150296875 0.25234999999999996 0.3387078125 0.2464265625 0.3387078125 0.24050312499999998 0.3505484375 0.22371875000000002 0.3668265625 0.21976874999999998 0.3845859375 0.2158203125 0.387546875 0.2168078125 0.403825 0.2464265625 0.40086562499999995
6 0.2464265625 0.436384375 0.23852812499999998 0.4452640625 0.22273125 0.4452640625 0.2138453125 0.4349046875 0.21088281250000002 0.4097453125 0.1852140625 0.4097453125 0.18225156250000002 0.40530625000000003 0.1842265625 0.39346562500000004 0.1980484375 0.3668265625 0.20693437499999998 0.359428125 0.22766718749999998 0.322428125 0.235565625 0.301709375 0.2306296875 0.294309375 0.22273125 0.29727031249999997 0.2177953125 0.30466875 0.21285781250000002 0.323909375 0.1980484375 0.30466875 0.1950859375 0.288390625 0.173365625 0.29727031249999997 0.15954375 0.31206875 0.1536203125 0.31206875 0.1476953125 0.3002296875 0.1358484375 0.31206875 0.11807656250000001 0.31206875 0.10030468749999999 0.288390625 0.09240625 0.288390625 0.0845078125 0.2795109375 0.0588375 0.2795109375 0.0400796875 0.29578906250000003 0.03218125 0.31946875 0.03218125 0.3461078125 0.028231250000000003 0.3638671875 0.02625625 0.51778125 0.026718750000000003 0.51875 0.126490625 0.51875 0.1249875 0.5029828125 0.1338734375 0.4896625 0.145721875 0.4896625 0.1476953125 0.49262187500000004 0.1674421875 0.49262187500000004 0.1792890625 0.5044625 0.19113750000000002 0.51038125 0.1960625 0.51875 0.28690625000000003 0.51875 0.28690625000000003 0.51778125 0.29085625 0.5118609375000001 0.29085625 0.45266406249999996 0.28394375 0.44230468749999996 0.2661734375 0.433425 0.2464265625 0.436384375
6 0.0716734375 0 0.0716734375 0.017559375 0.077596875 0.032359375 0.075621875 0.0382796875 0.077596875 0.0767578125 0.09043124999999999 0.1019171875 0.11807656250000001 0.1019171875 0.1200515625 0.10487656249999999 0.26518593749999997 0.10339687500000001 0.3135640625 0.1019171875 0.3185 0.0974765625 0.3185 0.0797171875 0.3263984375 0.0441984375 0.3263984375 0 0.0716734375 0
13 0.258275 0.44230468749999996 0.24445156250000002 0.44230468749999996 0.23852812499999998 0.45118437499999997 0.22766718749999998 0.45858437500000004 0.22766718749999998 0.46746406250000005 0.22273125 0.48078281250000005 0.204959375 0.49262187500000004 0.1950859375 0.49262187500000004 0.1852140625 0.47486249999999997 0.17040312500000002 0.49114218750000005 0.173365625 0.4985421875 0.19840156250000002 0.51875 0.28690625000000003 0.51875 0.28690625000000003 0.51778125 0.29085625 0.5029828125 0.29085625 0.45266406249999996 0.2780203125 0.43934375000000003 0.27012187499999996 0.436384375 0.258275 0.44230468749999996
13 0.0884578125 0.43934375000000003 0.10227968750000001 0.44230468749999996 0.11807656250000001 0.46894375000000005 0.1338734375 0.48374218750000003 0.141771875 0.4896625 0.16053125 0.49114218750000005 0.177315625 0.48374218750000003 0.18225156250000002 0.47338281249999997 0.18225156250000002 0.45266406249999996 0.176328125 0.423065625 0.1674421875 0.4067859375 0.16053125 0.40234531249999994 0.1644796875 0.39050625 0.1536203125 0.380146875 0.12202500000000001 0.380146875 0.11017812499999999 0.365346875 0.09043124999999999 0.365346875 0.077596875 0.39050625 0.0835203125 0.4319453125 0.0884578125 0.43934375000000003
13 0.1249875 0.51875 0.19560468749999999 0.51875 0.18916249999999998 0.51038125 0.1694171875 0.4955828125 0.1536203125 0.4896625 0.1358484375 0.4896625 0.1249875 0.5029828125 0.1249875 0.51875
13 0.02625625 0.46746406250000005 0.02625625 0.5000218750000001 0.0341546875 0.5118609375000001 0.0341546875 0.51875 0.065103125 0.51875 0.0696984375 0.5118609375000001 0.0696984375 0.4970625 0.059824999999999996 0.47042343750000004 0.052914062500000004 0.46302343749999997 0.03119375 0.4600640625 0.02625625 0.46746406250000005
13 0.078584375 0.46598281249999995 0.0647625 0.46302343749999997 0.0568640625 0.45414374999999996 0.045015625 0.4482234375 0.03119375 0.45414374999999996 0.0331671875 0.4600640625 0.046990625 0.4600640625 0.0568640625 0.46598281249999995 0.0696984375 0.4970625 0.06772343750000001 0.51778125 0.0606171875 0.51875 0.07974218749999999 0.51875 0.08648281249999999 0.4985421875 0.1230125 0.47338281249999997 0.11017812499999999 0.45414374999999996 0.09635625 0.46302343749999997 0.080559375 0.46302343749999997 0.078584375 0.46598281249999995
13 0.0351421875 0.344628125 0.046990625 0.32686875 0.0647625 0.3150296875 0.0726609375 0.3150296875 0.0845078125 0.3209484375 0.09240625 0.3327890625 0.1042546875 0.34166875 0.111165625 0.352028125 0.112153125 0.359428125 0.11906406249999998 0.357946875 0.1299234375 0.34166875 0.1338734375 0.344628125 0.1476953125 0.34166875 0.16053125 0.31946875 0.1496703125 0.3031890625 0.143746875 0.3031890625 0.139796875 0.31206875 0.11807656250000001 0.3150296875 0.108203125 0.29727031249999997 0.0845078125 0.2795109375 0.052914062500000004 0.2824703125 0.0341546875 0.31058906249999996 0.03218125 0.3401875 0.0351421875 0.344628125
13 0.03020625 0.357946875 0.03020625 0.408265625 0.03218125 0.408265625 0.0361296875 0.39050625 0.043040625 0.380146875 0.054889062499999995 0.3712671875 0.0647625 0.365346875 0.078584375 0.3712671875 0.09043124999999999 0.3623875 0.10227968750000001 0.365346875 0.113140625 0.357946875 0.108203125 0.344628125 0.09240625 0.3327890625 0.0825328125 0.31798906250000003 0.060812500000000005 0.3150296875 0.041065625 0.3327890625 0.03020625 0.357946875
13 0.0627875 0.4600640625 0.0716734375 0.45858437500000004 0.0716734375 0.45266406249999996 0.0835203125 0.423065625 0.077596875 0.3993859375 0.075621875 0.372746875 0.0687109375 0.365346875 0.0627875 0.365346875 0.0588375 0.3712671875 0.043040625 0.380146875 0.0361296875 0.39050625 0.03020625 0.4141859375 0.028231250000000003 0.44674375 0.03119375 0.45118437499999997 0.046990625 0.4482234375 0.0627875 0.4600640625
13 0.16151875 0.38310625 0.1674421875 0.39790625 0.1783015625 0.39642656249999997 0.1960734375 0.372746875 0.21187031250000002 0.337228125 0.209896875 0.322428125 0.1931125 0.294309375 0.171390625 0.29727031249999997 0.15756874999999998 0.309109375 0.15658125 0.3135484375 0.16053125 0.31946875 0.16053125 0.3253890625 0.144734375 0.3461078125 0.144734375 0.3549875 0.15065781250000002 0.357946875 0.14868281249999998 0.3697875 0.16151875 0.38310625
13 0.272096875 0.4097453125 0.2948046875 0.408265625 0.2967796875 0.39642656249999997 0.2928296875 0.3845859375 0.2928296875 0.3697875 0.28690625000000003 0.357946875 0.2948046875 0.3431484375 0.2918421875 0.3357484375 0.28789375 0.3357484375 0.27604531250000003 0.3535078125 0.2622234375 0.3505484375 0.2553125 0.357946875 0.2553125 0.3638671875 0.2632109375 0.3697875 0.2661734375 0.4067859375 0.272096875 0.4097453125
13 0.237540625 0.29874999999999996 0.2345796875 0.294309375 0.2306296875 0.29135 0.22273125 0.294309375 0.21187031250000002 0.316509375 0.21187031250000002 0.337228125 0.20792187499999998 0.3461078125 0.20792187499999998 0.3549875 0.209896875 0.3549875 0.22174375 0.337228125 0.235565625 0.3076296875 0.237540625 0.29874999999999996
13 0.22174375 0.372746875 0.2177953125 0.39346562500000004 0.2177953125 0.3993859375 0.22273125 0.403825 0.22667968749999998 0.40086562499999995 0.2592609375 0.40234531249999994 0.26518593749999997 0.39642656249999997 0.26518593749999997 0.38162656250000004 0.2632109375 0.372746875 0.2553125 0.3638671875 0.2553125 0.357946875 0.2622234375 0.3505484375 0.274071875 0.3535078125 0.29085625 0.3313078125 0.28789375 0.3209484375 0.274071875 0.31206875 0.27012187499999996 0.31206875 0.25630000000000003 0.3327890625 0.2345796875 0.3535078125 0.22174375 0.372746875
12 0.2168078125 0.48374218750000003 0.22569374999999997 0.47042343750000004 0.22569374999999997 0.46154375 0.2010109375 0.4097453125 0.1950859375 0.41566562500000004 0.19113750000000002 0.41566562500000004 0.1871875 0.4097453125 0.1862015625 0.4201046875 0.1783015625 0.4319453125 0.1802765625 0.443784375 0.192125 0.4881828125 0.1950859375 0.49262187500000004 0.203971875 0.49114218750000005 0.2168078125 0.48374218750000003
12 0.071753125 0 0.077596875 0.014599999999999998 0.075621875 0.0234796875 0.09043124999999999 0.022 0.09438125 0.030879687500000003 0.1032671875 0.0382796875 0.09635625 0.039759375 0.09141875000000001 0.047159374999999996 0.0983296875 0.048639062500000003 0.1032671875 0.0560390625 0.10129218749999999 0.0797171875 0.0993171875 0.0797171875 0.09635625 0.06639843749999999 0.09339375 0.0767578125 0.1032671875 0.0915578125 0.10227968750000001 0.09895625 0.108203125 0.0930375 0.112153125 0.09895625 0.1151140625 0.0974765625 0.1210390625 0.07379843750000001 0.1299234375 0.0634390625 0.141771875 0.06047812500000001 0.14868281249999998 0.047159374999999996 0.144734375 0.0205203125 0.1467078125 0.0027609375 0.14548125 0 0.071753125 0
12 0.1170890625 0.1004375 0.1200515625 0.10487656249999999 0.17040312500000002 0.10339687500000001 0.1644796875 0.0915578125 0.1625046875 0.0708375 0.1536203125 0.06047812500000001 0.1299234375 0.0634390625 0.11906406249999998 0.0797171875 0.1170890625 0.1004375
12 0.1931125 0.06639843749999999 0.21088281250000002 0.0782375 0.2158203125 0.0767578125 0.2177953125 0.067878125 0.2296421875 0.050118750000000004 0.2296421875 0.0294 0.22470625000000002 0.022 0.188175 0.0560390625 0.1931125 0.06639843749999999
6 0.5421828125 0.45381406249999995 0.46875 0.447475 0.46875 0.51875 0.847903125 0.51875 0.8497515625000001 0.48594375 0.8297546875 0.3455828125 0.7697625 0.2119828125 0.668828125 0.3658765625 0.5421828125 0.45381406249999995
6 0.2581171875 1 0.2771203125 0.966575 0.3721375 0.966575 0.4196453125 0.9578296875 0.467153125 0.9818796875 0.46875 0.9849015624999999 0.46875 0.8685796874999999 0.45923437500000003 0.8681906250000001 0.456265625 0.8452343750000001 0.4404296875 0.8124390625 0.4404296875 0.7643390625 0.4305328125 0.7424765625 0.4196453125 0.7326374999999999 0.409746875 0.7370109375 0.395890625 0.7238921875 0.3582796875 0.7151468750000001 0.335515625 0.7228 0.349371875 0.7381031250000001 0.344421875 0.750128125 0.334525 0.7326374999999999 0.31670937499999996 0.739196875 0.284046875 0.7009359374999999 0.2969140625 0.6954687500000001 0.305821875 0.6812578125 0.295925 0.6419046875000001 0.3038421875 0.6353453124999999 0.2969140625 0.632065625 0.29493593749999997 0.6386265625 0.28107812499999996 0.6298796875 0.27118125000000004 0.610203125 0.25732499999999997 0.6036453125000001 0.1939796875 0.6014578125 0.17022500000000002 0.6123890624999999 0.168246875 0.599271875 0.16230781249999998 0.608015625 0.160328125 0.597084375 0.122715625 0.5948984375 0.10687968750000001 0.6123890624999999 0.1049015625 0.6036453125000001 0.0969828125 0.60583125 0.072240625 0.5872468750000001 0.08510625000000001 0.5817812499999999 0.09797343750000001 0.5938046875 0.10787031250000001 0.563196875 0.092034375 0.5391468749999999 0.10094218749999999 0.5446125 0.11380937499999999 0.5304015625 0.1108390625 0.5249359375 0.1295109375 0.51875 0.1091375 0.51875 0.0138421875 0.5577296875 0 0.5681921875 0 0.95790625 0.0514546875 0.966575 0.0653109375 0.9556453125000001 0.067290625 0.9643890624999999 0.0791671875 0.9687625000000001 0.122715625 0.966575 0.1425125 0.986253125 0.20783593749999998 0.97750625 0.2343734375 1 0.2581171875 1
22 0 0.9559078124999999 0.0504640625 0.961109375 0.0603609375 0.9479921875 0.06827968749999999 0.8955203125000001 0.1049015625 0.8572578125 0.1345953125 0.8397671875 0.14449218749999998 0.8157187499999999 0.195959375 0.7894828125 0.2246625 0.7381031250000001 0.2246625 0.7140531250000001 0.20288750000000003 0.6900046875 0.1890296875 0.6353453124999999 0.1722046875 0.6123890624999999 0.146471875 0.608015625 0.08510625000000001 0.6211359375 0.0752078125 0.6167625 0.005925 0.6473703125 0 0.647734375 0 0.9559078124999999
6 1 0.51875 0.7410234375 0.51875 0.77690625 0.595771875 0.831378125 0.6344093749999999 0.9146906250000001 0.6621484375 0.990528125 0.6651203125 1 0.6635109375 1 0.51875
22 1 0.51875 0.7368703125 0.51875 0.7726328125 0.5898265625 0.8292421875 0.632428125 0.893328125 0.658184375 1 0.6630859375 1 0.51875