6 0.3284046875 0 0.3303125 0.0062703125 0.4027765625 0.166071875 0.4249828125 0.1921921875 0.459375 0.1932953125 0.459375 0 0.3284046875 0
13 0.330134375 0 0.346675 0.04929375 0.3934265625 0.144559375 0.40745156250000003 0.1629984375 0.4121265625 0.0984640625 0.43082656249999995 0.04929375 0.43082656249999995 0.0062703125 0.42745937500000003 0 0.330134375 0
6 0.5541453125 0 0.459375 0.0402984375 0.459375 0.23734687499999998 0.514175 0.41875 1 0.41875 1 0 0.5541453125 0
0 0.459375 1 0.459375 0.41875 0 0.41875 0 1 0.459375 1
17 0.24669531249999999 1 0.247565625 0.998840625 0.247565625 0.9926140625000001 0.2499 0.9895015624999999 0.2499 0.9863875 0.246396875 0.98171875 0.2440625 0.98171875 0.24056093750000002 0.9863875 0.24056093750000002 0.9895015624999999 0.238225 0.9926140625000001 0.238225 0.9957265625 0.235890625 0.998840625 0.235890625 1 0.24669531249999999 1
1 0.21020781249999998 0.8587484375000001 0.21020781249999998 0.8618625 0.21254218749999998 0.8649749999999999 0.21254218749999998 0.8712015624999999 0.21487656249999998 0.8743140625000001 0.21487656249999998 0.877428125 0.21604375 0.8789843749999999 0.2230484375 0.8789843749999999 0.22421562499999997 0.877428125 0.2265515625 0.8743140625000001 0.22421562499999997 0.8712015624999999 0.22421562499999997 0.8649749999999999 0.21954687499999997 0.8587484375000001 0.21954687499999997 0.8556359375 0.21721249999999998 0.8525218750000001 0.21721249999999998 0.8462953125 0.211375 0.8385125 0.20903906249999998 0.8385125 0.2055375 0.8431828124999999 0.2055375 0.8494093749999999 0.207871875 0.8525218750000001 0.207871875 0.8556359375 0.21020781249999998 0.8587484375000001
6 0.6020875 0.9125 0.6079296875 0.8953125 0.7107328125000001 0.9046875 0.778490625 0.8765625 0.7925093750000001 0.8546875 0.8415734374999999 0.8453125 0.847415625 0.81875 0.83806875 0.784375 0.8497515625000001 0.746875 0.8836296875 0.7453125 0.9221812500000001 0.709375 0.929190625 0.6375 0.9105000000000001 0.6 0.9268546875 0.5375 0.9548921874999999 0.496875 0.9619015624999999 0.45625 0.9782562499999999 0.428125 0.979378125 0.41875 0.459375 0.41875 0.459375 0.8295421875000001 0.472415625 0.8328125 0.4770875 0.8640625 0.5308265624999999 0.8796875 0.5845640624999999 0.9140625 0.6020875 0.9125
13 0.6079296875 0.6171875 0.6324625 0.6125 0.6488171875 0.559375 0.694378125 0.4921875 0.734096875 0.4671875 0.7574625 0.4671875 0.7971812500000001 0.4984375 0.8170421875 0.45625 0.8162046875 0.41875 0.459375 0.41875 0.459375 0.5348734375 0.5051249999999999 0.5296875 0.5378359374999999 0.5453125 0.5740515625 0.59375 0.5927421875000001 0.64375 0.6079296875 0.6171875
14 0.5857328125000001 0.64375 0.5717140625 0.59375 0.5448453125 0.5546875 0.5074625 0.5328125 0.472415625 0.5328125 0.459375 0.5386265625 0.459375 0.8283984375 0.48993906249999997 0.83125 0.5238171875 0.8171875 0.5576953125 0.778125 0.5763874999999999 0.7375 0.5857328125000001 0.69375 0.5857328125000001 0.64375
9 0.734096875 0.7765625 0.7469484375000001 0.775 0.8076953124999999 0.678125 0.8240515625 0.596875 0.8217140625000001 0.553125 0.8053593749999999 0.5125 0.7855000000000001 0.4890625 0.74110625 0.4671875 0.6967140625 0.4921875 0.6745187500000001 0.51875 0.64414375 0.575 0.637134375 0.63125 0.64414375 0.690625 0.666340625 0.7234375 0.7060609375 0.7453125 0.734096875 0.7765625
17 0.679190625 0.75 0.679190625 0.7375 0.64648125 0.7 0.6347984375 0.634375 0.617275 0.6203125 0.5880687499999999 0.6625 0.5857328125000001 0.70625 0.5600328125 0.778125 0.5296578125 0.815625 0.540171875 0.8296875 0.5880687499999999 0.83125 0.67335 0.7734375 0.679190625 0.75
13 0.6745187500000001 0.90625 0.7107328125000001 0.9046875 0.778490625 0.8765625 0.791340625 0.825 0.7013874999999999 0.7484375 0.595078125 0.828125 0.6429765625 0.8984375 0.6745187500000001 0.90625