6 1 0.5955781250000001 0.9921875 0.626784375 0.9902328125000001 0.702209375 0.99609375 0.7152125 0.9853515625 0.7399203125 0.974609375 0.7256171874999999 0.982421875 0.6241859375 0.9296875 0.626784375 0.953125 0.5747687499999999 0.9667984374999999 0.56696875 0.95703125 0.56696875 0.9521484375 0.5448593749999999 0.9375 0.5409609375 0.9296875 0.51495 0.9306640625 0.50585 0.9345703125 0.5188515625 0.9375 0.5123515624999999 0.9277328125000001 0.49934687499999997 0.93359375 0.4733390625 0.921875 0.4681375 0.921875 0.36410624999999996 0.9140625 0.3667078125 0.9091796875 0.4044171875 0.9042984374999999 0.36410624999999996 0.8740234375 0.3367984375 0.8623046875 0.3393984375 0.857421875 0.3042875 0.8095703125 0.253571875 0.7412093750000001 0.253571875 0.6669921875 0.2769796875 0.6416015625 0.230165625 0.5673828125 0.193753125 0.5576171875 0.21195781249999998 0.5185546875 0.2353671875 0.4970703125 0.27177656250000004 0.4541015625 0.27177656250000004 0.44629062499999994 0.32899531249999997 0.4375 0.24446875 0.421875 0.2028578125 0.3876953125 0.14954218749999998 0.3291015625 0.10532656250000001 0.2744140625 0.087121875 0.217775 0.0845203125 0.1513671875 0.107928125 0.06640625 0.192453125 0.0722671875 0.2184609375 0.064453125 0.267875 0.0722671875 0.2782796875 0.0009765625 0.3992171875 0 0.582571875 0.0146484375 0.5838734375 0.0078125 0.5773703125 0.0126953125 0.57346875 0.032225 0.5864734375 0.0966796875 0.5916765625 0.10546875 0.6059796875 0.0908203125 0.602078125 0.0244140625 0.6332875 0 0.6345875000000001 0.0009765625 0.9817953125000001 0.0068359375 0.9609875000000001 0.0332015625 0.9570874999999999 0.0068359375 0.9453828124999999 0.06640625 0.9440828124999999 0.0478515625 0.9297796875 0.1201171875 0.9505859375 0.157225 0.9505859375 0.2021484375 0.927178125 0.2041015625 0.94018125 0.2080078125 0.932378125 0.2373046875 0.9661890625 0.7626953125 0.9687906249999999 0.7783203125 0.9583859374999999 0.8095703125 0.9739921875 0.8251953125 0.9661890625 0.9443359375 0.9687906249999999 0.9638671875 0.9557874999999999 1 0.9622875000000001 1 0.5955781250000001
13 0.2373046875 0.9557874999999999 0.4111328125 0.9635875 0.4384765625 0.9557874999999999 0.458984375 0.9362796875000001 0.482421875 0.8868656250000001 0.5332015625000001 0.754225 0.5390625 0.6137828125 0.53515625 0.520153125 0.521484375 0.4655359375 0.4833984375 0.41742187499999994 0.4521484375 0.40181875 0.3935546875 0.3992171875 0.3603515625 0.4200234375 0.314453125 0.4733390625 0.23046875 0.6189843749999999 0.1943359375 0.7451218749999999 0.1972671875 0.8400515625 0.234375 0.931078125 0.2373046875 0.9557874999999999
13 0.6435546875 0.7061109375 0.6708984375 0.7035109375 0.7021484375 0.7165125 0.6972671874999999 0.7256171874999999 0.7041015625 0.7321187499999999 0.7314453125 0.7399203125 0.8662093750000001 0.7555265624999999 0.8759765625 0.7529250000000001 0.888671875 0.7282171875000001 0.8847671874999999 0.6657984375 0.875 0.6371890625 0.91015625 0.6241859375 0.892578125 0.5851734375000001 0.919921875 0.49154375000000006 0.8544921875 0.42262500000000003 0.7666015625 0.3966171875 0.6748046875 0.40181875 0.6201171875 0.4122203125 0.5966796875 0.42782656250000006 0.548828125 0.48894374999999995 0.5400390625 0.542259375 0.548828125 0.626784375 0.5927749999999999 0.680103125 0.6435546875 0.7061109375
13 0.1435546875 0.6514953125 0.2021484375 0.6462921875000001 0.28515625 0.51495 0.2744140625 0.4876421875 0.1611328125 0.40961875000000003 0.1318359375 0.3758078125 0.1347671875 0.41092031249999994 0.126953125 0.439528125 0.0986328125 0.40701875000000004 0.087890625 0.423925 0.0849609375 0.453834375 0.0937484375 0.56696875 0.125 0.6371890625 0.1435546875 0.6514953125
13 0.5419921875 0.47724062500000003 0.5654296875 0.46163437500000004 0.6064453125 0.40961875000000003 0.6787093750000001 0.394015625 0.6992171875000001 0.35890468750000004 0.6992171875000001 0.332896875 0.6640625 0.2860828125 0.6582015625000001 0.25227187500000003 0.6435546875 0.2327671875 0.5712906249999999 0.19115312499999998 0.5615234375 0.21195781249999998 0.515625 0.2392671875 0.4560546875 0.38621249999999996 0.4560546875 0.3966171875 0.49120937500000006 0.41742187499999994 0.5419921875 0.47724062500000003
14 0.6328125 0.7074125 0.6005859375 0.6879046875 0.5537093750000001 0.6827015624999999 0.54296875 0.69440625 0.5400390625 0.7191140625 0.5419921875 0.7659281250000001 0.6103515625 0.784134375 0.6328125 0.7074125
3 0.9208984375 0.8127437499999999 0.9707015625000001 0.743821875 0.982421875 0.6215859375 0.8798828125 0.641090625 0.888671875 0.6788031250000001 0.8828125 0.759428125 0.9208984375 0.8127437499999999
16 0.8369140625 0.9635875 0.9423828125 0.9687906249999999 0.9658203125 0.9505859375 0.9921875 0.9050703125 0.9697250000000001 0.8725625000000001 0.9248046875 0.8621578124999999 0.8740234375 0.8777609375000001 0.8466796875 0.90376875 0.8154296875 0.9115718749999999 0.81640625 0.931078125 0.833984375 0.94148125 0.8369140625 0.9635875
7 0.90234375 0.38751250000000004 0.90234375 0.3667078125 0.8876953125 0.3472015625 0.8623046875 0.34460156249999996 0.8457015625000001 0.35890468750000004 0.8271484375 0.4044171875 0.8388671875 0.4200234375 0.8798828125 0.4356265625 0.90234375 0.38751250000000004
13 0.6298828125 0.9557874999999999 0.6513671875 0.9557874999999999 0.6884765625 0.9375796875000001 0.7236328125 0.9479843750000001 0.7666015625 0.9427828125 0.7978515625 0.9141734375 0.8486328125 0.8985703125000001 0.8740234375 0.8751609374999999 0.9150390625 0.864759375 0.919921875 0.8322484375 0.8828125 0.762028125 0.8681640625 0.7555265624999999 0.8486328125 0.760728125 0.8027328125000001 0.8504531249999999 0.7841796875 0.864759375 0.6923828125 0.843953125 0.6220703125 0.8517531249999999 0.5732406250000001 0.843953125 0.5615234375 0.8543546875000001 0.5625 0.8712609375 0.6025390625 0.9375796875000001 0.6298828125 0.9557874999999999
13 0.701171875 0.356303125 0.6875 0.38751250000000004 0.6962906249999999 0.3966171875 0.7509765625 0.3914140625 0.8173828125 0.40961875000000003 0.861328125 0.32769375 0.8505859375 0.295184375 0.8017593749999999 0.250971875 0.7431640625 0.253571875 0.6689453125 0.2769796875 0.66796875 0.288684375 0.701171875 0.33549687499999997 0.701171875 0.356303125
7 0.3242171875 0.3224921875 0.318359375 0.291284375 0.2958984375 0.2691765625 0.27734375 0.288684375 0.2626953125 0.32899531249999997 0.282225 0.41742187499999994 0.318359375 0.37710937499999997 0.3242171875 0.3224921875
13 0.053709375000000004 0.9297796875 0.1279296875 0.9479843750000001 0.1494140625 0.9479843750000001 0.2187484375 0.918075 0.2080078125 0.89596875 0.181640625 0.8998703125 0.1992171875 0.8660593750000001 0.1953125 0.8374499999999999 0.16015625 0.8322484375 0.19140625 0.7958375 0.189453125 0.751625 0.2099609375 0.6618968749999999 0.1728515625 0.65409375 0.133790625 0.6592953125000001 0.1025390625 0.6046781250000001 0.0009765625 0.6358890625 0.0009765625 0.89596875 0.0205078125 0.9011703125 0.053709375000000004 0.9297796875